0.02	8.250122
0.04	7.944754
0.06	7.982699
0.08	7.993968
0.1	8.005249
0.12	8.010527
0.14	8.016032
0.16	8.0218
0.18	8.027837
0.2	8.034144
0.22	8.040726
0.24	8.047578
0.26	8.054701
0.28	8.0621
0.3	8.069771
0.32	8.077714
0.34	8.08594
0.36	8.103207
0.38	8.11226
0.4	8.121587
0.42	8.131201
0.44	8.141088
0.46	8.177444
0.48	8.176326
0.5	8.174608
0.52	8.171088
0.54	8.168142
0.56	8.172659
0.58	8.185677
0.6	8.191338
0.62	8.192204
0.64	8.193103
0.66	8.193892
0.68	8.19425
0.7	8.19462
0.72	8.195007
0.74	8.195412
0.76	8.196247
0.78	8.196693
0.8	8.197156
0.82	8.19762
0.84	8.198101
0.86	8.198773
0.88	8.199367
0.9	8.199568
0.92	8.200034
0.94	8.201129
0.96	8.20167
0.98	8.202256
1	8.202847
1.02	8.203455
1.04	8.204076
1.06	8.205022
1.08	8.205274
1.1	8.205852
1.12	8.216522
1.14	8.216379
1.16	8.195138
1.18	8.176183
1.2	8.164161
1.22	8.159934
1.24	8.164957
1.26	8.177382
1.28	8.196745
1.3	8.132967
1.32	8.097448
1.34	8.059059
1.36	8.017834
1.38	7.927033
1.4	7.877545
1.42	7.825396
1.44	7.770641
1.46	7.713339
1.48	7.653554
1.5	7.591358
1.52	7.526825
1.54	7.460038
1.56	7.391088
1.58	7.320072
1.6	7.247095
1.62	7.172273
1.64	7.017606
1.66	7.025479
1.68	7.030776
1.7	7.033487
1.72	7.033612
1.74	7.031152
1.76	7.026321
1.78	7.025287
1.8	7.07254
1.82	7.115918
1.84	7.190508
1.86	7.221582
1.88	7.514375
1.9	7.817206
1.92	7.461768
1.94	7.756352
1.96	7.397335
1.98	7.683203
2	7.597954
2.02	7.233869
2.04	7.500846
2.06	7.317312
2.08	7.263217
2.1	7.206433
2.12	7.147016
2.14	7.085029
2.16	6.953627
2.18	6.953956
2.2	6.962337
2.22	6.958966
2.24	6.953073
2.26	6.946541
2.28	6.93967
2.3	6.932552
2.32	6.925247
2.34	6.917698
2.36	6.90992
2.38	6.893756
2.4	6.885325
2.42	6.87671
2.44	6.867855
2.46	6.858772
2.48	6.849506
2.5	6.840002
2.52	6.830272
2.54	6.820359
2.56	6.92586
2.58	6.799217
2.6	6.904536
2.62	6.73213
2.64	7.028753
2.66	7.036694
2.68	6.719704
2.7	7.020404
2.72	6.696892
2.74	6.998662
2.76	6.672399
2.78	6.975249
2.8	6.795774
2.82	6.950218
2.84	6.898461
2.86	6.705958
2.88	6.833991
2.9	6.63547
2.92	6.756818
2.94	6.552603
2.96	6.666995
2.98	6.031792
3	6.658585
3.02	6.375578
3.04	7.04824
3.06	6.424839
3.08	6.41238
3.1	7.101632
3.12	6.387054
3.14	7.074806
3.16	6.775552
3.18	6.951704
3.2	6.646393
3.22	6.883974
3.24	6.802817
3.26	6.483583
3.28	6.708224
3.3	6.382433
3.32	6.600215
3.34	6.184423
3.36	6.593392
3.38	6.167673
3.4	6.573392
3.42	6.138287
3.44	6.540151
3.46	6.493657
3.48	6.055881
3.5	6.036233
3.52	6.017505
3.54	5.9989
3.56	5.980253
3.58	5.961541
3.6	5.942754
3.62	5.90498
3.64	5.885999
3.66	5.866956
3.68	5.847861
3.7	5.828711
3.72	5.809516
3.74	5.790275
3.76	5.770998
3.78	5.751681
3.8	5.712962
3.82	5.693569
3.84	5.674153
3.86	5.654728
3.88	5.63529
3.9	5.596411
3.92	5.57698
3.94	5.557736
3.96	5.538249
3.98	5.518792
4	5.499425
4.02	5.480099
4.04	5.460817
4.06	5.441576
4.08	5.422389
4.1	5.384183
4.12	5.365177
4.14	5.346251
4.16	5.3274
4.18	5.308642
4.2	5.289974
4.22	5.271411
4.24	5.252954
4.26	5.234615
4.28	5.216395
4.3	5.180359
4.32	5.162557
4.34	5.144904
4.36	5.127417
4.38	5.110096
4.4	5.092956
4.42	5.075997
4.44	5.059238
4.46	5.042677
4.48	5.010205
4.5	4.994311
4.52	4.978651
4.54	4.963244
4.56	4.948096
4.58	4.933208
4.6	4.918597
4.62	4.904277
4.64	4.890249
4.66	4.876531
4.68	4.863125
4.7	4.850046
4.72	4.824904
4.74	4.812864
4.76	4.801191
4.78	4.789896
4.8	4.778988
4.82	4.76848
4.84	4.75838
4.86	4.748702
4.88	4.739453
4.9	4.730645
4.92	4.720771
4.94	4.70972
4.96	4.697618
4.98	4.670101
5	4.654531
5.02	4.639865
5.04	4.624097
5.06	4.607265
5.08	4.589286
5.1	4.575302
5.12	4.559031
5.14	4.546279
5.16	4.533966
5.18	4.50569
5.2	4.484773
5.22	4.465001
5.24	4.446425
5.26	4.409178
5.28	4.388955
5.3	4.408616
5.32	4.424896
5.34	4.437793
5.36	4.447304
5.38	4.453433
5.4	4.465266
5.42	4.480515
5.44	4.494594
5.46	4.513601
5.48	4.529934
5.5	4.547753
5.52	4.564192
5.54	4.594133
5.56	4.609794
5.58	4.624164
5.6	4.637562
5.62	4.650153
5.64	4.661974
5.66	4.673127
5.68	4.684349
5.7	4.694696
5.72	4.704261
5.74	4.71314
5.76	4.72133
5.78	4.735816
5.8	4.742139
5.82	4.748833
5.84	4.755899
5.86	4.763225
5.88	4.770789
5.9	4.778585
5.92	4.786613
5.94	4.794868
5.96	4.803351
5.98	4.812059
6	4.820993
6.02	4.830149
6.04	4.839528
6.06	4.858944
6.08	4.86898
6.1	4.879232
6.12	4.889699
6.14	4.900381
6.16	4.911274
6.18	4.922379
6.2	4.933694
6.22	4.945219
6.24	4.968887
6.26	4.981029
6.28	4.993376
6.3	5.005924
6.32	5.018675
6.34	5.031625
6.36	5.058123
6.38	5.071667
6.4	5.085406
6.42	5.099341
6.44	5.113469
6.46	5.142301
6.48	5.157002
6.5	5.171894
6.52	5.186973
6.54	5.20224
6.56	5.217692
6.58	5.249153
6.6	5.265159
6.62	5.281347
6.64	5.297717
6.66	5.314267
6.68	5.330997
6.7	5.347906
6.72	5.364994
6.74	5.382257
6.76	5.3997
6.78	5.417315
6.8	5.435108
6.82	5.471212
6.84	5.489523
6.86	5.508008
6.88	5.526661
6.9	5.545488
6.92	5.564482
6.94	5.583648
6.96	5.602981
6.98	5.64215
7	5.661987
7.02	5.681988
7.04	5.702157
7.06	5.722488
7.08	5.742987
7.1	5.763648
7.12	5.784474
7.14	5.805461
7.16	5.826614
7.18	5.847925
7.2	5.869402
7.22	5.912837
7.24	5.934793
7.26	5.956913
7.28	5.979189
7.3	6.001628
7.32	6.024223
7.34	6.04698
7.36	6.069892
7.38	6.092967
7.4	6.116194
7.42	6.139584
7.44	6.163126
7.46	6.18683
7.48	6.234704
7.5	6.258873
7.52	6.283203
7.54	6.307684
7.56	6.332326
7.58	6.357118
7.6	6.382071
7.62	6.407173
7.64	6.432436
7.66	6.457848
7.68	6.483421
7.7	6.509143
7.72	6.535025
7.74	6.561055
7.76	6.613585
7.78	6.640084
7.8	6.666731
7.82	6.693539
7.84	6.720494
7.86	6.747609
7.88	6.774872
7.9	6.802295
7.92	6.829865
7.94	6.885474
7.96	6.913512
7.98	6.941698
8	6.970043
8.02	6.998537
8.04	7.02719
8.06	7.055991
8.08	7.084952
8.1	7.11406
8.12	7.172746
8.14	7.202324
8.16	7.232049
8.18	7.261935
8.2	7.291967
8.22	7.322163
8.24	7.352504
8.26	7.383008
8.28	7.444473
8.3	7.475433
8.32	7.506557
8.34	7.537827
8.36	7.56926
8.38	7.600841
8.4	7.632585
8.42	7.664476
8.44	7.696531
8.46	7.728734
8.48	7.761101
8.5	7.793616
8.52	7.859122
8.54	7.892114
8.56	7.925254
8.58	7.95856
8.6	7.992013
8.62	8.025633
8.64	8.059401
8.66	8.093335
8.68	8.127418
8.7	8.196066
8.72	8.230631
8.74	8.265347
8.76	8.300228
8.78	8.335259
8.8	8.37046
8.82	8.405808
8.84	8.441326
8.86	8.476994
8.88	8.51283
8.9	8.584972
8.92	8.621287
8.94	8.657763
8.96	8.6944
8.98	8.731197
9	8.768155
9.02	8.805274
9.04	8.842554
9.06	8.879996
9.08	8.917599
9.1	8.955363
9.12	8.99329
9.14	9.031379
9.16	9.06963
9.18	9.108045
9.2	9.146621
9.22	9.18536
9.24	9.224262
9.26	9.263329
9.28	9.302558
9.3	9.34195
9.32	9.421227
9.34	9.461113
9.36	9.501163
9.38	9.541376
9.4	9.581755
9.42	9.622299
9.44	9.663008
9.46	9.703882
9.48	9.744922
9.5	9.786127
9.52	9.827499
9.54	9.869037
9.56	9.910741
9.58	9.994649
9.6	10.03685
9.62	10.07922
9.64	10.12176
9.66	10.16447
9.68	10.20734
9.7	10.22036
9.72	10.23294
9.74	10.23862
9.76	10.2439
9.78	10.24911
9.8	10.25428
9.82	10.25944
9.84	10.26459
9.86	10.26977
9.88	10.27982
9.9	10.28484
9.92	10.28982
9.94	10.29479
9.96	10.29991
9.98	10.30494
10	10.30946
10.02	10.31425
10.04	10.31902
10.06	10.32873
10.08	10.33357
10.1	10.33786
10.12	10.34245
10.14	10.34703
10.16	10.3516
10.18	10.36905
10.2	10.36793
10.22	10.37637
10.24	10.26379
10.26	10.25942
10.28	10.25351
10.3	10.24619
10.32	10.07587
10.34	10.06906
10.36	10.01399
10.38	10.03957
10.4	10.05218
10.42	10.06245
10.44	10.0725
10.46	10.08269
10.48	10.09315
10.5	10.10391
10.52	10.1263
10.54	10.13792
10.56	10.14985
10.58	10.16205
10.6	10.17457
10.62	10.18735
10.64	10.20044
10.66	10.21381
10.68	10.22747
10.7	10.24144
10.72	10.25569
10.74	10.27023
10.76	10.30021
10.78	10.31562
10.8	10.33136
10.82	10.34737
10.84	10.36367
10.86	10.38029
10.88	10.39718
10.9	10.41436
10.92	10.43187
10.94	10.44965
10.96	10.46772
10.98	10.48611
11	10.50478
11.02	10.52374
11.04	10.54302
11.06	10.56258
11.08	10.60261
11.1	10.62306
11.12	10.64381
11.14	10.66488
11.16	10.68622
11.18	10.70789
11.2	10.72983
11.22	10.7521
11.24	10.77464
11.26	10.79748
11.28	10.82062
11.3	10.86781
11.32	10.89186
11.34	10.91621
11.36	10.94086
11.38	10.96581
11.4	10.99106
11.42	11.01662
11.44	11.04248
11.46	11.06864
11.48	11.0951
11.5	11.14894
11.52	11.17632
11.54	11.204
11.56	11.23199
11.58	11.26028
11.6	11.28887
11.62	11.31777
11.64	11.34698
11.66	11.40631
11.68	11.43643
11.7	11.46686
11.72	11.4976
11.74	11.52864
11.76	11.56
11.78	11.58101
11.8	11.59538
11.82	11.60788
11.84	11.61964
11.86	11.64178
11.88	11.65302
11.9	11.66409
11.92	11.6753
11.94	11.68672
11.96	11.69792
11.98	11.70928
12	11.7322
12.02	11.74372
12.04	11.75546
12.06	11.76694
12.08	11.77861
12.1	11.79051
12.12	11.81228
12.14	11.81079
12.16	11.82396
12.18	11.80108
12.2	11.78481
12.22	11.76754
12.24	11.74917
12.26	11.72965
12.28	11.70892
12.3	11.69546
12.32	11.68735
12.34	11.68057
12.36	11.67431
12.38	11.66294
12.4	11.65777
12.42	11.65296
12.44	11.64847
12.46	11.64434
12.48	11.64056
12.5	11.6371
12.52	11.63399
12.54	11.63124
12.56	11.62883
12.58	11.62608
12.6	11.62277
12.62	11.6194
12.64	11.61607
12.66	11.61283
12.68	11.60969
12.7	11.60668
12.72	11.60377
12.74	11.60095
12.76	11.59544
12.78	11.59286
12.8	11.59043
12.82	11.58806
12.84	11.58578
12.86	11.58355
12.88	11.58145
12.9	11.57935
12.92	11.57738
12.94	11.57553
12.96	11.57376
12.98	11.57208
13	11.57049
13.02	11.56899
13.04	11.56759
13.06	11.56635
13.08	11.56516
13.1	11.56404
13.12	11.563
13.14	11.56205
13.16	11.56037
13.18	11.55966
13.2	11.55905
13.22	11.55853
13.24	11.55809
13.26	11.55774
13.28	11.463
13.3	11.74096
13.32	11.51686
13.34	11.74725
13.36	11.51235
13.38	11.69417
13.4	11.55812
13.42	11.65644
13.44	11.51924
13.46	11.50436
13.48	11.48833
13.5	11.47104
13.52	11.43273
13.54	11.41179
13.56	11.38972
13.58	11.36657
13.6	11.34239
13.62	11.31724
13.64	11.32001
13.66	11.32893
13.68	11.33244
13.7	11.33376
13.72	11.3354
13.74	11.33739
13.76	11.33975
13.78	11.34247
13.8	11.34556
13.82	11.34902
13.84	11.35284
13.86	11.36159
13.88	11.36652
13.9	11.37181
13.92	11.37748
13.94	11.38351
13.96	11.38991
13.98	11.39668
14	11.40381
14.02	11.40924
14.04	11.41794
14.06	11.42227
14.08	11.42669
14.1	11.43123
14.12	11.43585
14.14	11.44067
14.16	11.44556
14.18	11.45058
14.2	11.45559
14.22	11.50403
14.24	11.51442
14.26	11.4767
14.28	11.61979
14.3	11.48822
14.32	11.6315
14.34	11.50021
14.36	11.64368
14.38	11.51266
14.4	11.65632
14.42	11.52556
14.44	11.66941
14.46	11.53891
14.48	11.51273
14.5	11.54616
14.52	11.53182
14.54	11.56517
14.56	11.55437
14.58	11.58589
14.6	11.57825
14.62	11.60778
14.64	11.60283
14.66	11.64345
14.68	11.7645
14.7	11.76942
14.72	11.77302
14.74	11.77528
14.76	11.77625
14.78	11.77594
14.8	11.7744
14.82	11.77165
14.84	11.76771
14.86	11.76264
14.88	11.75645
14.9	11.74919
14.92	11.75778
14.94	11.76525
14.96	11.77162
14.98	11.78206
15	11.7899
15.02	11.79848
15.04	11.80136
15.06	11.79994
15.08	11.79782
15.1	11.79611
15.12	11.79406
15.14	11.79205
15.16	11.7901
15.18	11.78642
15.2	11.78472
15.22	11.7831
15.24	11.78157
15.26	11.78013
15.28	11.77877
15.3	11.77751
15.32	11.77635
15.34	11.77431
15.36	11.77344
15.38	11.77267
15.4	11.77201
15.42	11.77144
15.44	11.77098
15.46	11.77063
15.48	11.77038
15.5	11.74625
15.52	11.7824
15.54	11.69599
15.56	11.75671
15.58	11.6602
15.6	11.66383
15.62	11.31683
15.64	11.32126
15.66	11.32404
15.68	11.3267
15.7	11.32953
15.72	11.3326
15.74	11.33593
15.76	11.34334
15.78	11.34743
15.8	11.35177
15.82	11.35637
15.84	11.36122
15.86	11.36632
15.88	11.37169
15.9	11.3773
15.92	11.38317
15.94	11.38929
15.96	11.40231
15.98	11.40919
16	11.41634
16.02	11.42374
16.04	11.43139
16.06	11.4393
16.08	11.44746
16.1	11.45588
16.12	11.46455
16.14	11.47348
16.16	11.47874
16.18	11.48234
16.2	11.48945
16.22	11.4931
16.24	11.49683
16.26	11.50064
16.28	11.50458
16.3	11.50857
16.32	11.51264
16.34	11.51688
16.36	11.52119
16.38	11.52552
16.4	11.52987
16.42	11.53437
16.44	11.53894
16.46	11.54368
16.48	11.54844
16.5	11.55823
16.52	11.56325
16.54	11.56834
16.56	11.56958
16.58	11.57079
16.6	11.57441
16.62	11.58446
16.64	11.59254
16.66	11.59932
16.68	11.61551
16.7	11.57939
16.72	11.61558
16.74	11.59091
16.76	11.62501
16.78	11.6053
16.8	11.63589
16.82	11.62083
16.84	11.64785
16.86	11.6374
16.88	11.66312
16.9	11.65701
16.92	11.67718
16.94	11.67414
16.96	11.6915
16.98	11.69202
17	11.70667
17.02	11.71074
17.04	11.72267
17.06	11.73752
17.08	11.74933
17.1	11.75676
17.12	11.77325
17.14	11.77742
17.16	11.7954
17.18	11.79494
17.2	11.81574
17.22	11.8106
17.24	11.78835
17.26	11.78299
17.28	11.78124
17.3	11.77979
17.32	11.77957
17.34	11.81935
17.36	11.81796
17.38	11.77376
17.4	11.79138
17.42	11.75064
17.44	11.57859
17.46	11.56604
17.48	11.44682
17.5	11.45117
17.52	11.39691
17.54	11.41103
17.56	11.35273
17.58	11.44086
17.6	11.36421
17.62	11.28089
17.64	11.48613
17.66	11.25635
17.68	11.48501
17.7	11.24343
17.72	11.47781
17.74	11.22071
17.76	11.18943
17.78	11.27064
17.8	11.15447
17.82	11.13505
17.84	11.11388
17.86	11.09158
17.88	11.06931
17.9	11.04711
17.92	11.02497
17.94	11.0029
17.96	10.98088
17.98	10.95893
18	10.93704
18.02	10.91521
18.04	10.89344
18.06	10.85007
18.08	10.82847
18.1	10.80689
18.12	10.7854
18.14	10.76394
18.16	10.74256
18.18	10.72121
18.2	10.69993
18.22	10.67868
18.24	10.65751
18.26	10.63637
18.28	10.6153
18.3	10.59426
18.32	10.57329
18.34	10.55236
18.36	10.53149
18.38	10.51066
18.4	10.48988
18.42	10.44848
18.44	10.42786
18.46	10.40728
18.48	10.38677
18.5	10.36629
18.52	10.34587
18.54	10.3255
18.56	10.30519
18.58	10.28491
18.6	10.26471
18.62	10.22444
18.64	10.20438
18.66	10.18439
18.68	10.16444
18.7	10.14457
18.72	10.12472
18.74	10.10497
18.76	10.08524
18.78	10.06561
18.8	10.046
18.82	10.0265
18.84	10.00701
18.86	9.987637
18.88	9.968278
18.9	9.929813
18.92	9.910715
18.94	9.891629
18.96	9.872677
18.98	9.853737
19	9.834884
19.02	9.816095
19.04	9.797398
19.06	9.778769
19.08	9.741775
19.1	9.723413
19.12	9.705129
19.14	9.686948
19.16	9.668846
19.18	9.650854
19.2	9.632946
19.22	9.597448
19.24	9.579864
19.26	9.562372
19.28	9.545008
19.3	9.52774
19.32	9.510605
19.34	9.493573
19.36	9.476681
19.38	9.459896
19.4	9.443258
19.42	9.426733
19.44	9.410362
19.46	9.39411
19.48	9.378018
19.5	9.362052
19.52	9.346253
19.54	9.315098
19.56	9.299746
19.58	9.284578
19.6	9.269557
19.62	9.254727
19.64	9.24005
19.66	9.225574
19.68	9.21126
19.7	9.197154
19.72	9.183217
19.74	9.169499
19.76	9.155957
19.78	9.142644
19.8	9.129516
19.82	9.116625
19.84	9.103928
19.86	9.091477
19.88	9.06724
19.9	9.055462
19.92	9.043951
19.94	9.032661
19.96	9.02165
19.98	9.01087
20	9.000379
20.02	8.990128
20.04	8.980176
20.06	8.970475
20.08	8.961085
20.1	8.951957
20.12	8.94315
20.14	8.934614
20.16	8.926412
20.18	8.918492
20.2	8.910917
20.22	8.89671
20.24	8.89009
20.26	8.883837
20.28	8.877899
20.3	8.872342
20.32	8.867112
20.34	8.862273
20.36	8.857774
20.38	8.849899
20.4	8.846538
20.42	8.843568
20.44	8.840995
20.46	8.838825
20.48	8.837066
20.5	8.83572
20.52	8.834796
20.54	8.834235
20.56	8.835429
20.58	8.836699
20.6	8.838425
20.62	8.840613
20.64	8.84327
20.66	8.8464
20.68	8.85001
20.7	8.85869
20.72	8.863772
20.74	8.869356
20.76	8.875448
20.78	8.882052
20.8	8.889175
20.82	8.896823
20.84	8.904998
20.86	8.913709
20.88	8.922957
20.9	8.932752
20.92	8.953994
20.94	8.965451
20.96	8.977472
20.98	8.990063
21	9.003226
21.02	9.016968
21.04	9.031292
21.06	9.370373
21.08	9.177266
21.1	9.50637
21.12	9.671759
21.14	9.529982
21.16	9.844626
21.18	9.697542
21.2	9.728257
21.22	9.962645
21.24	9.736462
21.26	10.00498
21.28	9.680851
21.3	9.959424
21.32	9.602761
21.34	9.889206
21.36	9.524759
21.38	9.818508
21.4	9.453571
21.42	9.753263
21.44	9.39003
21.46	9.333342
21.48	9.641571
21.5	9.28128
21.52	9.592812
21.54	9.232553
21.56	9.545138
21.58	9.184986
21.6	9.498619
21.62	9.13867
21.64	9.0937
21.66	9.409404
21.68	9.050174
21.7	9.366895
21.72	9.008189
21.74	9.325911
21.76	8.967848
21.78	9.286548
21.8	8.929253
21.82	9.248907
21.84	8.892509
21.86	8.85772
21.88	9.179193
21.9	8.824997
21.92	9.147326
21.94	8.794446
21.96	9.117588
21.98	8.766175
22	9.090086
22.02	8.740296
22.04	9.064923
22.06	8.716917
22.08	9.042207
22.1	8.696149
22.12	9.022039
22.14	9.004527
22.16	8.662877
22.18	8.989775
22.2	8.65059
22.22	8.977883
22.24	8.641343
22.26	8.968957
22.28	8.963094
22.3	8.632388
22.32	8.960393
22.34	8.632878
22.36	8.960948
22.38	8.63681
22.4	8.964854
22.42	8.644277
22.44	8.9722
22.46	8.655367
22.48	8.983073
22.5	8.670165
22.52	8.997555
22.54	9.015726
22.56	8.711203
22.58	9.037658
22.6	8.737588
22.62	9.063423
22.64	8.768259
22.66	9.093719
22.68	8.802532
22.7	9.126829
22.72	9.164356
22.74	8.883694
22.76	9.206023
22.78	8.930609
22.8	9.251811
22.82	8.981766
22.84	9.256896
22.86	9.233419
22.88	9.208061
22.9	9.151845
22.92	9.121068
22.94	9.088573
22.96	9.054415
22.98	9.018648
23	8.981337
23.02	8.942549
23.04	8.860843
23.06	8.859871
23.08	8.871861
23.1	8.870744
23.12	8.867214
23.14	8.863496
23.16	8.859851
23.18	8.856541
23.2	8.853415
23.22	8.850655
23.24	8.843927
23.26	8.842336
23.28	8.84096
23.3	8.839981
23.32	8.839228
23.34	8.838883
23.36	8.834028
23.38	8.824264
23.4	8.813745
23.42	8.748959
23.44	8.773346
23.46	8.74288
23.48	8.704509
23.5	8.667623
23.52	8.634037
23.54	8.604038
23.56	8.577605
23.58	8.55466
23.6	8.535102
23.62	8.491612
23.64	8.453946
23.66	8.413953
23.68	8.327136
23.7	8.280398
23.72	8.231506
23.74	8.180515
23.76	8.127486
23.78	8.072484
23.8	8.015584
23.82	7.956862
23.84	7.896407
23.86	7.834311
23.88	7.76868
23.9	7.779031
23.92	7.775002
23.94	7.768209
23.96	7.761045
23.98	7.753828
24	7.746797
24.02	7.739827
24.04	7.733065
24.06	7.726368
24.08	7.719879
24.1	7.713455
24.12	7.707239
24.14	7.701089
24.16	7.695147
24.18	7.68927
24.2	7.6836
24.22	7.672598
24.24	7.667267
24.26	7.662141
24.28	7.657082
24.3	7.652227
24.32	7.647439
24.34	7.642856
24.36	7.63834
24.38	7.634027
24.4	7.625737
24.42	7.62176
24.44	7.617986
24.46	7.614278
24.48	7.610773
24.5	7.607334
24.52	7.604096
24.54	7.597954
24.56	7.595049
24.58	7.592345
24.6	7.589706
24.62	7.587266
24.64	7.584893
24.66	7.582718
24.68	7.580609
24.7	7.578697
24.72	7.576851
24.74	7.573618
24.76	7.57223
24.78	7.570908
24.8	7.56978
24.82	7.568717
24.84	7.567849
24.86	7.567045
24.88	7.566433
24.9	7.565888
24.92	7.565534
24.94	7.565244
24.96	7.565146
24.98	7.565112
25	7.565268
25.02	7.565487
25.04	7.566369
25.06	7.567336
25.08	7.568061
25.1	7.569275
25.12	7.570251
25.14	7.571711
25.16	7.572935
25.18	7.574641
25.2	7.576112
25.22	7.579778
25.24	7.581971
25.26	7.58393
25.28	7.586364
25.3	7.588566
25.32	7.591239
25.34	7.593681
25.36	7.596592
25.38	7.599273
25.4	7.602419
25.42	7.605338
25.44	7.608718
25.46	7.611873
25.48	7.615486
25.5	7.622718
25.52	7.626338
25.54	7.63041
25.56	7.634261
25.58	7.638561
25.6	7.642641
25.62	7.651471
25.64	7.65622
25.66	7.660751
25.68	7.665722
25.7	7.670476
25.72	7.675666
25.74	7.680642
25.76	7.68605
25.78	7.691245
25.8	7.696869
25.82	7.702282
25.84	7.70812
25.86	7.713749
25.88	7.7198
25.9	7.725642
25.92	7.731903
25.94	7.737957
25.96	7.744426
25.98	7.75069
26	7.763838
26.02	7.770719
26.04	7.777397
26.06	7.78448
26.08	7.791362
26.1	7.798645
26.12	7.805729
26.14	7.813212
26.16	7.820497
26.18	7.835658
26.2	7.843533
26.22	7.851211
26.24	7.859278
26.26	7.86715
26.28	7.875408
26.3	7.883473
26.32	7.89192
26.34	7.900176
26.36	7.917253
26.38	7.926071
26.4	7.934702
26.42	7.943703
26.44	7.952518
26.46	7.9617
26.48	7.970698
26.5	7.980059
26.52	7.989238
26.54	7.998776
26.56	8.017653
26.58	8.027454
26.6	8.03715
26.62	8.04686
26.64	8.056917
26.66	8.066873
26.68	8.07684
26.7	8.087152
26.72	8.097362
26.74	8.107586
26.76	8.128607
26.78	8.139081
26.8	8.149886
26.82	8.160594
26.84	8.171314
26.86	8.182359
26.88	8.19331
26.9	8.215554
26.92	8.226743
26.94	8.237945
26.96	8.249457
26.98	8.26088
27	8.272315
27.02	8.284057
27.04	8.29571
27.06	8.307375
27.08	8.325676
27.1	8.330411
27.12	8.334301
27.14	8.338103
27.16	8.34196
27.18	8.345645
27.2	8.349454
27.22	8.357099
27.24	8.36094
27.26	8.36504
27.28	8.368693
27.3	8.372582
27.32	8.376745
27.34	8.380445
27.36	8.384385
27.38	8.392351
27.4	8.396343
27.42	8.400604
27.44	8.40441
27.46	8.408451
27.48	8.412757
27.5	8.416615
27.52	8.420702
27.54	8.428958
27.56	8.43309
27.58	8.437476
27.6	8.441432
27.62	8.445608
27.64	8.450031
27.66	8.454033
27.68	8.458249
27.7	8.466754
27.72	8.471008
27.74	8.475501
27.76	8.479589
27.78	8.48388
27.8	8.488405
27.82	8.492532
27.84	8.496859
27.86	8.501413
27.88	8.509937
27.9	8.514358
27.92	8.518641
27.94	8.523097
27.96	8.527452
27.98	8.531852
28	8.53673
28.02	8.541224
28.04	8.54505
28.06	8.554126
28.08	8.558187
28.1	8.562545
28.12	8.566983
28.14	8.571292
28.16	8.575763
28.18	8.580138
28.2	8.584556
28.22	8.589418
28.24	8.593915
28.26	8.597795
28.28	8.606869
28.3	8.610966
28.32	8.615334
28.34	8.619774
28.36	8.624096
28.38	8.628564
28.4	8.632944
28.42	8.637361
28.44	8.642176
28.46	8.646663
28.48	8.65497
28.5	8.65963
28.52	8.663752
28.54	8.668114
28.56	8.672542
28.58	8.676863
28.6	8.685683
28.62	8.690084
28.64	8.694843
28.66	8.699306
28.68	8.703266
28.7	8.707629
28.72	8.71244
28.74	8.720824
28.76	8.725111
28.78	8.729882
28.8	8.7343
28.82	8.742537
28.84	8.747277
28.86	8.751678
28.88	8.755638
28.9	8.759903
28.92	8.764614
28.94	8.768999
28.96	8.772957
28.98	8.777207
29	8.781889
29.02	8.786255
29.04	8.790209
29.06	8.794445
29.08	8.803445
29.1	8.807392
29.12	8.811613
29.14	8.815926
29.16	8.820481
29.18	8.825008
29.2	8.82872
29.22	8.832834
29.24	8.837068
29.26	8.841577
29.28	8.849642
29.3	8.853676
29.32	8.857833
29.34	8.862264
29.36	8.866637
29.38	8.870188
29.4	8.874153
29.42	8.878237
29.44	8.882584
29.46	8.886873
29.48	8.890379
29.5	8.898294
29.52	8.902557
29.54	8.906765
29.56	8.910233
29.58	8.914072
29.6	8.918019
29.62	8.9222
29.64	8.926331
29.66	8.92976
29.68	8.93354
29.7	8.937423
29.72	8.941525
29.74	8.948972
29.76	8.952696
29.78	8.956514
29.8	8.960544
29.82	8.964526
29.84	8.96788
29.86	8.971548
29.88	8.975307
29.9	8.979039
29.92	8.986988
29.94	8.990108
29.96	8.993637
29.98	8.997275
30	9.000893
30.02	9.004808
30.04	9.008616
30.06	9.011618
30.08	9.015083
30.1	9.01856
30.12	9.022072
30.14	9.025843
30.16	9.02949
30.18	9.035799
30.2	9.039172
30.22	9.042577
30.24	9.046216
30.26	9.049745
30.28	9.052631
30.3	9.055898
30.32	9.059174
30.34	9.062478
30.36	9.061468
30.38	9.073613
30.4	9.090109
30.42	9.108571
30.44	9.12853
30.46	9.122441
30.48	9.131326
30.5	9.119628
30.52	9.14487
30.54	9.136444
30.56	9.128633
30.58	9.136871
30.6	9.130791
30.62	9.14005
30.64	9.133277
30.66	9.143276
30.68	9.136233
30.7	9.146305
30.72	9.152463
30.74	9.157247
30.76	9.141815
30.78	9.145418
30.8	9.132215
30.82	9.135086
30.84	9.124112
30.86	9.126134
30.88	9.025776
30.9	8.934701
30.92	8.87711
30.94	8.854578
30.96	8.849073
30.98	8.846949
31	8.84549
31.02	8.844166
31.04	8.841605
31.06	8.870112
31.08	8.902921
31.1	8.917871
31.12	8.947263
31.14	8.957767
31.16	8.983556
31.18	8.98945
31.2	9.01263
31.22	9.030789
31.24	8.976819
31.26	8.921798
31.28	8.892756
31.3	8.885628
31.32	8.885229
31.34	8.886192
31.36	8.884823
31.38	8.893744
31.4	8.895085
31.42	8.896336
31.44	8.897492
31.46	8.898736
31.48	8.899917
31.5	8.901056
31.52	8.902296
31.54	8.903576
31.56	8.904792
31.58	8.906077
31.6	8.90864
31.62	8.909915
31.64	8.91127
31.66	8.912563
31.68	8.913986
31.7	8.915344
31.72	8.916795
31.74	8.918299
31.76	8.919737
31.78	8.922876
31.8	8.924412
31.82	8.926056
31.84	8.927769
31.86	8.929418
31.88	8.931185
31.9	8.933027
31.92	8.934808
31.94	8.936716
31.96	8.938707
31.98	8.940638
32	8.950362
32.02	8.939855
32.04	8.93757
32.06	8.936202
32.08	8.935009
32.1	8.93383
32.12	8.932632
32.14	8.931413
32.16	8.930174
32.18	8.928919
32.2	8.926245
32.22	8.924953
32.24	8.923666
32.26	8.922392
32.28	8.921135
32.3	8.919903
32.32	8.918467
32.34	8.917122
32.36	8.915755
32.38	8.91436
32.4	8.912937
32.42	8.910022
32.44	8.908539
32.46	8.906946
32.48	8.905422
32.5	8.903907
32.52	8.902403
32.54	8.900915
32.56	8.899248
32.58	8.897655
32.6	8.896041
32.62	8.892735
32.64	8.891051
32.66	8.889353
32.68	8.887547
32.7	8.885806
32.72	8.884078
32.74	8.882365
32.76	8.878668
32.78	8.876834
32.8	8.874977
32.82	8.873099
32.84	8.871207
32.86	8.869211
32.88	8.867277
32.9	8.865355
32.92	8.863453
32.94	8.861377
32.96	8.859369
32.98	8.857347
33	8.851464
33.02	8.839662
33.04	8.815737
33.06	8.780303
33.08	8.769793
33.1	8.746099
33.12	8.732665
33.14	8.704424
33.16	8.68651
33.18	8.653833
33.2	8.631575
33.22	8.594604
33.24	8.397549
33.26	8.411359
33.28	8.389621
33.3	8.358693
33.32	8.324045
33.34	8.286933
33.36	8.488369
33.38	8.283218
33.4	8.485307
33.42	8.431746
33.44	8.507696
33.46	8.506664
33.48	8.505576
33.5	8.496545
33.52	8.497279
33.54	8.495163
33.56	8.50553
33.58	8.515159
33.6	8.09707
33.62	7.667289
33.64	7.342401
33.66	7.410026
33.68	7.430429
33.7	7.433523
33.72	7.436424
33.74	7.439465
33.76	7.442713
33.78	7.446182
33.8	7.449829
33.82	7.453701
33.84	7.457795
33.86	7.462109
33.88	7.466606
33.9	7.471324
33.92	7.476261
33.94	7.481416
33.96	7.486772
33.98	7.492347
34	7.48626
34.02	7.490092
34.04	7.496193
34.06	7.50304
34.08	7.510334
34.1	7.526097
34.12	7.534564
34.14	7.702009
34.16	7.862504
34.18	8.024348
34.2	8.18703
34.22	8.350078
34.24	8.507483
34.26	8.547235
34.28	8.564804
34.3	8.5939
34.32	8.242283
34.34	7.902864
34.36	7.578366
34.38	7.553945
34.4	7.52764
34.42	7.499526
34.44	7.469682
34.46	7.48487
34.48	7.497872
34.5	7.500476
34.52	7.51118
34.54	7.525996
34.56	7.54198
34.58	7.558547
34.6	7.57558
34.62	7.59306
34.64	7.61616
34.66	7.631189
34.68	7.64476
34.7	7.658187
34.72	7.671715
34.74	7.685419
34.76	7.699306
34.78	7.727607
34.8	7.74204
34.82	7.756642
34.84	7.771437
34.86	7.78642
34.88	7.801573
34.9	7.816919
34.92	7.848164
34.94	7.864066
34.96	7.88016
34.98	7.896427
35	7.912889
35.02	7.929543
35.04	7.946371
35.06	7.980616
35.08	7.99801
35.1	8.015602
35.12	8.03339
35.14	8.051353
35.16	8.069515
35.18	8.087874
35.2	8.10641
35.22	8.125147
35.24	8.163194
35.26	8.182514
35.28	8.202012
35.3	8.221719
35.32	8.2617
35.34	8.281975
35.36	8.302461
35.38	8.323126
35.4	8.344004
35.42	8.365074
35.44	8.386344
35.46	8.407808
35.48	8.451332
35.5	8.473392
35.52	8.495648
35.54	8.518106
35.56	8.54076
35.58	8.563616
35.6	8.586669
35.62	8.633378
35.64	8.657036
35.66	8.68089
35.68	8.704949
35.7	8.729207
35.72	8.753671
35.74	8.778333
35.76	8.803201
35.78	8.828268
35.8	8.853542
35.82	8.904698
35.84	8.930579
35.86	8.956669
35.88	8.98296
35.9	9.009459
35.92	9.036159
35.94	9.09018
35.96	9.117501
35.98	9.145024
36	9.172758
36.02	9.200694
36.04	9.215782
36.06	9.207532
36.08	9.221045
36.1	9.300209
36.12	9.307491
36.14	9.321808
36.16	9.33778
36.18	9.354169
36.2	9.370644
36.22	9.387078
36.24	9.403413
36.26	9.419609
36.28	9.435637
36.3	9.46546
36.32	9.500011
36.34	9.47989
36.36	9.467985
36.38	9.46379
36.4	9.465256
36.42	9.456536
36.44	9.46503
36.46	9.451735
36.48	9.412162
36.5	9.422324
36.52	9.441625
36.54	9.449693
36.56	9.451739
36.58	9.453645
36.6	9.455498
36.62	9.457314
36.64	9.459095
36.66	9.460843
36.68	9.469803
36.7	9.479577
36.72	9.475391
36.74	9.469254
36.76	9.461179
36.78	9.454284
36.8	9.463655
36.82	9.457271
36.84	9.452696
36.86	9.446183
36.88	9.427411
36.9	9.415197
36.92	9.412045
36.94	9.43772
36.96	9.448402
36.98	9.444072
37	9.438979
37.02	9.423018
37.04	9.412189
37.06	9.410071
37.08	9.410792
37.1	9.41206
37.12	9.458952
37.14	9.450077
37.16	9.444605
37.18	9.437155
37.2	9.427747
37.22	9.423204
37.24	9.424101
37.26	9.425175
37.28	9.426216
37.3	9.427261
37.32	9.428335
37.34	9.428382
37.36	9.427969
37.38	9.42738
37.4	9.426725
37.42	9.42524
37.44	9.424415
37.46	9.423537
37.48	9.422592
37.5	9.421597
37.52	9.42055
37.54	9.419456
37.56	9.418314
37.58	9.415897
37.6	9.414629
37.62	9.413324
37.64	9.411983
37.66	9.410719
37.68	9.409332
37.7	9.407881
37.72	9.406387
37.74	9.404506
37.76	9.402811
37.78	9.399378
37.8	9.39757
37.82	9.395746
37.84	9.393893
37.86	9.392011
37.88	9.390098
37.9	9.388167
37.92	9.386427
37.94	9.384509
37.96	9.382539
37.98	9.379987
38	9.375546
38.02	9.373273
38.04	9.371002
38.06	9.368711
38.08	9.366393
38.1	9.364066
38.12	9.361971
38.14	9.359684
38.16	9.356774
38.18	9.354183
38.2	9.358596
38.22	9.340943
38.24	9.31725
38.26	9.299021
38.28	9.230762
38.3	9.209414
38.32	9.185429
38.34	9.158827
38.36	9.129632
38.38	9.097871
38.4	9.063574
38.42	9.026773
38.44	8.987507
38.46	8.945815
38.48	8.901741
38.5	8.855335
38.52	8.80665
38.54	8.755744
38.56	8.647522
38.58	8.590348
38.6	8.531236
38.62	8.470272
38.64	8.46711
38.66	8.623067
38.68	8.704856
38.7	8.867926
38.72	8.950892
38.74	9.099504
38.76	9.119086
38.78	8.901753
38.8	9.06704
38.82	8.844605
38.84	9.022024
38.86	8.80209
38.88	8.973366
38.9	8.748453
38.92	8.913321
38.94	8.84216
38.96	8.60893
38.98	8.760213
39	8.523749
39.02	8.204019
39.04	7.954779
39.06	8.056124
39.08	8.029805
39.1	7.993449
39.12	7.950173
39.14	7.900833
39.16	7.895113
39.18	7.849398
39.2	7.903651
39.22	7.933197
39.24	7.988151
39.26	8.013374
39.28	8.036982
39.3	8.058899
39.32	8.079055
39.34	8.097383
39.36	8.113822
39.38	8.096573
39.4	8.058644
39.42	8.035275
39.44	8.012824
39.46	7.985496
39.48	7.959299
39.5	7.898327
39.52	7.863471
39.54	7.561977
39.56	7.752645
39.58	7.790641
39.6	7.797229
39.62	7.79739
39.64	7.797102
39.66	7.797114
39.68	7.797466
39.7	7.798166
39.72	7.799156
39.74	7.802188
39.76	7.804226
39.78	7.806611
39.8	7.809344
39.82	7.812423
39.84	7.819498
39.86	7.823555
39.88	7.827957
39.9	7.832705
39.92	7.837774
39.94	7.843191
39.96	7.848951
39.98	7.902427
40	7.953972
40.02	7.952199
40.04	7.948614
40.06	7.943245
40.08	7.936126
40.1	7.942776
40.12	8.013702
40.14	8.08311
40.16	8.150851
40.18	8.216791
40.2	8.280801
40.22	8.342762
40.24	8.315478
40.26	8.228692
40.28	8.142488
40.3	8.084565
40.32	8.085932
40.34	8.088459
40.36	8.091293
40.38	8.094279
40.4	8.177373
40.42	8.179613
40.44	8.22705
40.46	8.197062
40.48	8.240734
40.5	8.218166
40.52	8.233312
40.54	8.248767
40.56	8.264547
40.58	8.280649
40.6	8.297082
40.62	8.313847
40.64	8.348356
40.66	8.366112
40.68	8.384192
40.7	8.402609
40.72	8.421362
40.74	8.44044
40.76	8.459858
40.78	8.479615
40.8	8.4997
40.82	8.52013
40.84	8.540889
40.86	8.561995
40.88	8.605223
40.9	8.627346
40.92	8.649814
40.94	8.672621
40.96	8.695773
40.98	8.719267
41	8.743108
41.02	8.76729
41.04	8.791821
41.06	8.816697
41.08	8.841924
41.1	8.867495
41.12	8.893417
41.14	8.946311
41.16	8.973282
41.18	9.000608
41.2	9.028284
41.22	9.056316
41.24	9.084699
41.26	9.113441
41.28	9.142534
41.3	9.171988
41.32	9.201794
41.34	9.231962
41.36	9.293369
41.38	9.324611
41.4	9.356215
41.42	9.388177
41.44	9.420506
41.46	9.445621
41.48	9.452076
41.5	9.441105
41.52	9.270109
41.54	9.376647
41.56	9.318457
41.58	9.42578
41.6	9.356757
41.62	9.46435
41.64	9.501822
41.66	9.43224
41.68	9.540046
41.7	9.471505
41.72	9.580083
41.74	9.593162
41.76	9.590537
41.78	9.588222
41.8	9.589337
41.82	9.594421
41.84	9.603488
41.86	9.61645
41.88	9.633208
41.9	9.315615
41.92	8.997687
41.94	8.703012
41.96	8.465156
41.98	8.602859
42	8.639109
42.02	8.656248
42.04	8.671371
42.06	8.68794
42.08	8.939946
42.1	9.097308
42.12	9.255867
42.14	9.57465
42.16	9.734005
42.18	9.836604
42.2	9.876082
42.22	9.90341
42.24	9.920936
42.26	9.940812
42.28	9.583234
42.3	9.206881
42.32	8.888949
42.34	8.605595
42.36	8.643351
42.38	8.961999
42.4	8.738338
42.42	9.038918
42.44	8.763641
42.46	8.790619
42.48	8.811187
42.5	8.834609
42.52	8.850461
42.54	8.870221
42.56	8.840621
42.58	8.856079
42.6	8.833911
42.62	8.83223
42.64	8.898896
42.66	8.954109
42.68	9.020119
42.7	9.070354
42.72	9.135176
42.74	9.180037
42.76	9.243204
42.78	9.282345
42.8	9.343444
42.82	9.376558
42.84	9.022334
42.86	8.88004
42.88	8.912687
42.9	8.924214
42.92	8.931399
42.94	8.937779
42.96	8.944006
42.98	8.950116
43	8.956274
43.02	8.962456
43.04	8.968554
43.06	8.97472
43.08	8.980916
43.1	8.993264
43.12	8.999482
43.14	9.005632
43.16	9.011871
43.18	9.018157
43.2	9.024367
43.22	9.031248
43.24	9.037466
43.26	9.043914
43.28	9.050079
43.3	9.056385
43.32	9.069305
43.34	9.075888
43.36	9.082403
43.38	9.089077
43.4	9.095688
43.42	9.102465
43.44	9.109279
43.46	9.116171
43.48	9.123104
43.5	9.130122
43.52	9.137188
43.54	9.151552
43.56	9.158858
43.58	9.166223
43.6	9.173607
43.62	9.180938
43.64	9.188585
43.66	9.1963
43.68	9.204131
43.7	9.212039
43.72	9.220072
43.74	9.228187
43.76	9.244771
43.78	9.253246
43.8	9.261817
43.82	9.270535
43.84	9.279354
43.86	9.288329
43.88	9.297411
43.9	9.306655
43.92	9.316014
43.94	9.325543
43.96	9.335195
43.98	9.345023
44	9.365123
44.02	9.375401
44.04	9.385873
44.06	9.396487
44.08	9.407302
44.1	9.418267
44.12	9.429442
44.14	9.435619
44.16	9.435229
44.18	9.359993
44.2	9.217608
44.22	9.322463
44.24	9.093674
44.26	9.253327
44.28	8.994934
44.3	9.020981
44.32	9.045424
44.34	9.068199
44.36	9.08925
44.38	9.108521
44.4	9.125964
44.42	9.155192
44.44	9.166902
44.46	9.176628
44.48	8.911095
44.5	9.155689
44.52	8.921608
44.54	8.831927
44.56	9.060014
44.58	8.764343
44.6	9.010674
44.62	8.707085
44.64	8.965069
44.66	8.956285
44.68	8.947957
44.7	8.940055
44.72	8.932566
44.74	8.918775
44.76	8.912462
44.78	8.906652
44.8	8.908244
44.82	8.905435
44.84	8.618126
44.86	8.401863
44.88	8.447611
44.9	8.687069
44.92	8.510002
44.94	8.75225
44.96	8.530576
44.98	8.773902
45	8.544093
45.02	8.787816
45.04	8.966363
45.06	8.981804
45.08	9.001381
45.1	9.028973
45.12	9.065202
45.14	9.110036
45.16	9.163305
45.18	9.224813
45.2	9.294343
45.22	9.032273
45.24	8.771914
45.26	8.514067
45.28	7.935091
45.3	7.8934
45.32	7.849458
45.34	7.803336
45.36	7.755109
45.38	7.70486
45.4	7.652676
45.42	7.598653
45.44	7.542893
45.46	7.485509
45.48	7.366349
45.5	7.304841
45.52	7.318614
45.54	7.355832
45.56	7.368734
45.58	7.384017
45.6	7.391083
45.62	7.398187
45.64	7.4054
45.66	7.41268
45.68	7.420084
45.7	7.427554
45.72	7.435099
45.74	7.442773
45.76	7.450554
45.78	7.458401
45.8	7.466322
45.82	7.474468
45.84	7.491053
45.86	7.49945
45.88	7.638301
45.9	7.778151
45.92	7.918584
45.94	8.010873
45.96	8.100747
45.98	8.187989
46	8.272398
46.02	8.353785
46.04	8.159776
46.06	8.232077
46.08	8.034296
46.1	8.097212
46.12	7.895998
46.14	7.670964
46.16	7.496893
46.18	7.542782
46.2	7.554586
46.22	7.558252
46.24	7.559017
46.26	7.555264
46.28	7.551039
46.3	7.545302
46.32	7.596107
46.34	7.616814
46.36	7.635158
46.38	7.651104
46.4	7.664619
46.42	7.675676
46.44	7.684251
46.46	7.698139
46.48	7.711378
46.5	7.724443
46.52	8.192042
46.54	8.435361
46.56	8.683508
46.58	8.935501
46.6	9.190463
46.62	9.447616
46.64	9.643328
46.66	9.721901
46.68	9.372321
46.7	9.152636
46.72	8.935189
46.74	8.720622
46.76	8.509643
46.78	8.303029
46.8	8.101643
46.82	7.906425
46.84	7.772577
46.86	7.760462
46.88	7.790897
46.9	7.803368
46.92	7.812264
46.94	7.820472
46.96	7.828564
46.98	7.836655
47	7.844762
47.02	7.852887
47.04	7.869178
47.06	7.994911
47.08	8.120454
47.1	8.245436
47.12	8.369514
47.14	8.492375
47.16	8.61373
47.18	8.733317
47.2	8.850894
47.22	8.966239
47.24	9.133298
47.26	9.39118
47.28	9.51861
47.3	9.422352
47.32	9.54486
47.34	9.443118
47.36	9.560934
47.38	9.454242
47.4	9.456573
47.42	9.116851
47.44	8.788968
47.46	8.475194
47.48	8.178073
47.5	7.958291
47.52	7.994451
47.54	8.011123
47.56	8.036345
47.58	8.048749
47.6	8.061364
47.62	8.074141
47.64	8.087186
47.66	8.100478
47.68	8.11394
47.7	8.141623
47.72	8.155846
47.74	8.170242
47.76	8.184938
47.78	8.19981
47.8	8.214985
47.82	8.23039
47.84	8.261939
47.86	8.278087
47.88	8.294468
47.9	8.31111
47.92	8.327988
47.94	8.345127
47.96	8.38015
47.98	8.398035
48	8.416187
48.02	8.434584
48.04	8.453251
48.06	8.472163
48.08	8.491348
48.1	8.510782
48.12	8.530492
48.14	8.550452
48.16	8.57069
48.18	8.591181
48.2	8.632978
48.22	8.654288
48.24	8.675855
48.26	8.697707
48.28	8.719819
48.3	8.742218
48.32	8.76488
48.34	8.787831
48.36	8.811047
48.38	8.858328
48.4	8.882397
48.42	8.906734
48.44	8.931367
48.46	8.956269
48.48	8.981472
48.5	9.006947
48.52	9.032722
48.54	9.058772
48.56	9.111753
48.58	9.138686
48.6	9.165897
48.62	9.193416
48.64	9.221212
48.66	9.249319
48.68	9.277707
48.7	9.306405
48.72	9.335386
48.74	9.394258
48.76	9.42415
48.78	9.454329
48.8	9.484823
48.82	9.515605
48.84	9.546704
48.86	9.578093
48.88	9.609799
48.9	9.674116
48.92	9.706725
48.94	9.739657
48.96	9.772882
48.98	9.806429
49	9.840271
49.02	9.874438
49.04	9.9089
49.06	9.943688
49.08	9.978772
49.1	10.01418
49.12	10.04991
49.14	10.08595
49.16	10.15896
49.18	10.19594
49.2	10.23324
49.22	10.27085
49.24	10.30878
49.26	10.30878
49.28	10.32058
49.3	10.34055
49.32	10.37926
49.34	10.39563
49.36	10.40992
49.38	10.42206
49.4	10.57994
49.42	10.7428
49.44	11.08072
49.46	10.76248
49.48	10.92078
49.5	10.60494
49.52	10.75011
49.54	10.43734
49.56	10.56873
49.58	10.50236
49.6	10.46661
49.62	10.42931
49.64	10.39053
49.66	10.35042
49.68	10.30907
49.7	10.30072
49.72	10.24549
49.74	10.09479
49.76	10.17263
49.78	10.18651
49.8	10.18725
49.82	10.1853
49.84	10.18279
49.86	10.17734
49.88	10.17452
49.9	10.17165
49.92	10.16874
49.94	10.16576
49.96	10.16273
49.98	10.15966
50	10.15654
50.02	10.15337
50.04	10.15015
50.06	10.14688
50.08	10.08107
50.1	10.13356
50.12	10.18353
50.14	10.23076
50.16	10.00877
50.18	10.25729
50.2	10.00543
50.22	10.25409
50.24	9.995463
50.26	10.24399
50.28	9.983268
50.3	10.15544
50.32	10.10993
50.34	10.12699
50.36	10.07733
50.38	10.08933
50.4	10.03588
50.42	9.985717
50.44	9.986936
50.46	9.903635
50.48	9.894123
50.5	9.882402
50.52	9.868473
50.54	9.855308
50.56	9.844133
50.58	9.833152
50.6	9.822002
50.62	9.810617
50.64	9.798986
50.66	9.787104
50.68	9.774972
50.7	9.762593
50.72	9.737102
50.74	9.723992
50.76	9.710642
50.78	9.697056
50.8	9.683231
50.82	9.669174
50.84	9.654882
50.86	9.640362
50.88	9.625611
50.9	9.610636
50.92	9.595434
50.94	9.580013
50.96	9.564369
50.98	9.532433
51	9.516145
51.02	9.499644
51.04	9.482936
51.06	9.466021
51.08	9.431584
51.1	9.414067
51.12	9.396355
51.14	9.37845
51.16	9.360353
51.18	9.342072
51.2	9.304955
51.22	9.286127
51.24	9.267125
51.26	9.24795
51.28	9.228605
51.3	9.189422
51.32	9.169588
51.34	9.1496
51.36	9.129458
51.38	9.109169
51.4	9.088734
51.42	9.068157
51.44	9.047441
51.46	9.026593
51.48	8.984509
51.5	8.963282
51.52	8.941936
51.54	8.920477
51.56	8.89891
51.58	8.877234
51.6	8.855462
51.62	8.833591
51.64	8.789581
51.66	8.767452
51.68	8.745245
51.7	8.722967
51.72	8.700621
51.74	8.678215
51.76	8.65575
51.78	8.610677
51.8	8.588077
51.82	8.565442
51.84	8.54278
51.86	8.520096
51.88	8.497395
51.9	8.474684
51.92	8.429255
51.94	8.406552
51.96	8.383863
51.98	8.361197
52	8.338561
52.02	8.315961
52.04	8.293403
52.06	8.270896
52.08	8.226063
52.1	8.203752
52.12	8.18152
52.14	8.159378
52.16	8.137333
52.18	8.115392
52.2	8.071856
52.22	8.050277
52.24	8.028837
52.26	8.007545
52.28	7.986409
52.3	7.965438
52.32	7.924027
52.34	7.903606
52.36	7.883389
52.38	7.863383
52.4	7.843599
52.42	7.824048
52.44	7.804739
52.46	7.766888
52.48	7.884288
52.5	7.861654
52.52	7.83684
52.54	7.809855
52.56	7.749434
52.58	7.716037
52.6	7.680552
52.62	7.643008
52.64	7.603445
52.66	7.561903
52.68	7.549991
52.7	7.511502
52.72	7.637524
52.74	7.507128
52.76	7.634849
52.78	7.553069
52.8	7.481592
52.82	7.44865
52.84	7.439774
52.86	7.431796
52.88	7.424416
52.9	7.417576
52.92	7.411275
52.94	7.405522
52.96	7.349534
52.98	7.354408
53	7.339406
53.02	7.340357
53.04	7.344942
53.06	7.344293
53.08	7.345309
53.1	7.350781
53.12	7.348344
53.14	7.375821
53.16	7.379179
53.18	7.376244
53.2	7.374689
53.22	7.375309
53.24	7.373229
53.26	7.372587
53.28	7.483713
53.3	7.390433
53.32	7.513629
53.34	7.637389
53.36	7.761438
53.38	8.009417
53.4	8.132906
53.42	8.255798
53.44	8.377917
53.46	8.499104
53.48	8.61921
53.5	8.411429
53.52	8.205217
53.54	8.001175
53.56	7.799963
53.58	7.602319
53.6	7.453311
53.62	7.427288
53.64	7.470246
53.66	7.644829
53.68	7.846077
53.7	8.051213
53.72	8.259491
53.74	8.434493
53.76	8.413811
53.78	8.392486
53.8	8.368571
53.82	8.342094
53.84	8.313087
53.86	8.281587
53.88	8.24763
53.9	8.211264
53.92	8.172534
53.94	8.131495
53.96	8.042716
53.98	7.995107
54	7.945449
54.02	7.893819
54.04	7.840305
54.06	7.784997
54.08	7.669414
54.1	7.609361
54.12	7.547966
54.14	7.485361
54.16	7.49995
54.18	7.521621
54.2	7.540723
54.22	7.548929
54.24	7.557196
54.26	7.565592
54.28	7.57413
54.3	7.582811
54.32	7.591634
54.34	7.600596
54.36	7.609696
54.38	7.618953
54.4	7.628323
54.42	7.637846
54.44	7.647478
54.46	7.657258
54.48	7.667145
54.5	7.677176
54.52	7.68731
54.54	7.707959
54.56	7.71847
54.58	7.729076
54.6	7.739816
54.62	7.750648
54.64	7.761611
54.66	7.772662
54.68	7.783839
54.7	7.795102
54.72	7.806488
54.74	7.817956
54.76	7.829544
54.78	7.841211
54.8	7.852993
54.82	7.864853
54.84	7.888871
54.86	7.901025
54.88	7.913251
54.9	7.925582
54.92	7.937983
54.94	7.950484
54.96	7.963053
54.98	7.975719
55	7.98845
55.02	8.001277
55.04	8.014164
55.06	8.040183
55.08	8.053312
55.1	8.066497
55.12	8.07977
55.14	8.093096
55.16	8.106507
55.18	8.133512
55.2	8.147105
55.22	8.160778
55.24	8.174498
55.26	8.188293
55.28	8.199267
55.3	8.204218
55.32	8.207277
55.34	8.209688
55.36	8.211772
55.38	8.214563
55.4	8.216938
55.42	8.218483
55.44	8.222959
55.46	8.225243
55.48	8.227524
55.5	8.229973
55.52	8.232352
55.54	8.235018
55.56	8.237304
55.58	8.239771
55.6	8.242235
55.62	8.24484
55.64	8.247392
55.66	8.250152
55.68	8.255296
55.7	8.257929
55.72	8.260689
55.74	8.263404
55.76	8.266278
55.78	8.268978
55.8	8.271753
55.82	8.274549
55.84	8.277423
55.86	8.282679
55.88	8.285284
55.9	8.287638
55.92	8.289831
55.94	8.292133
55.96	8.294186
55.98	8.296079
56	8.298081
56.02	8.301429
56.04	8.303132
56.06	8.304587
56.08	8.305885
56.1	8.307293
56.12	8.308453
56.14	8.309455
56.16	8.310568
56.18	8.311434
56.2	8.312142
56.22	8.312963
56.24	8.313954
56.26	8.314486
56.28	8.314769
56.3	8.314898
56.32	8.31514
56.34	8.315136
56.36	8.314978
56.38	8.314647
56.4	8.314204
56.42	8.313878
56.44	8.313307
56.46	8.312584
56.48	8.311977
56.5	8.311127
56.52	8.310124
56.54	8.309241
56.56	8.306836
56.58	8.305678
56.6	8.304278
56.62	8.302728
56.64	8.301299
56.66	8.299629
56.68	8.296113
56.7	8.294176
56.72	8.292091
56.74	8.290132
56.76	8.287931
56.78	8.285584
56.8	8.283365
56.82	8.280906
56.84	8.275826
56.86	8.273111
56.88	8.270252
56.9	8.267525
56.92	8.26456
56.94	8.261451
56.96	8.258476
56.98	8.251911
57	8.248693
57.02	8.24524
57.04	8.241645
57.06	8.23819
57.08	8.234499
57.1	8.22698
57.12	8.223057
57.14	8.218996
57.16	8.215078
57.18	8.210929
57.2	8.206642
57.22	8.202502
57.24	8.198131
57.26	8.193624
57.28	8.189267
57.3	8.179959
57.32	8.175391
57.34	8.170594
57.36	8.165665
57.38	8.160891
57.4	8.15589
57.42	8.150758
57.44	8.145784
57.46	8.140585
57.48	8.135258
57.5	8.124702
57.52	8.119185
57.54	8.113833
57.56	8.108259
57.58	8.10256
57.6	8.09703
57.62	8.091278
57.64	8.085402
57.66	8.0797
57.68	8.067737
57.7	8.061871
57.72	8.055786
57.74	8.049584
57.76	8.043561
57.78	8.037257
57.8	8.031134
57.82	8.024731
57.84	8.018512
57.86	8.012012
57.88	7.99911
57.9	7.992711
57.92	7.986032
57.94	7.979548
57.96	7.972787
57.98	7.966222
58	7.959381
58.02	7.95274
58.04	7.945823
58.06	7.938909
58.08	7.931919
58.1	7.924936
58.12	7.91083
58.14	7.90371
58.16	7.896602
58.18	7.889424
58.2	7.88226
58.22	7.875028
58.24	7.867813
58.26	7.860532
58.28	7.853271
58.3	7.845946
58.32	7.838644
58.34	7.83128
58.36	7.823941
58.38	7.816543
58.4	7.809172
58.42	7.801745
58.44	7.786898
58.46	7.779481
58.48	7.772012
58.5	7.76458
58.52	7.757098
58.54	7.749656
58.56	7.742167
58.58	7.734721
58.6	7.727231
58.62	7.719786
58.64	7.712301
58.66	7.697388
58.68	7.689964
58.7	7.682505
58.72	7.6751
58.74	7.667664
58.76	7.660286
58.78	7.652878
58.8	7.645532
58.82	7.638159
58.84	7.630852
58.86	7.623521
58.88	7.616259
58.9	7.608976
58.92	7.594539
58.94	7.587388
58.96	7.580222
58.98	7.573137
59	7.56604
59.02	7.559027
59.04	7.552007
59.06	7.545074
59.08	7.538137
59.1	7.531291
59.12	7.524445
59.14	7.517694
59.16	7.510946
59.18	7.497655
59.2	7.491116
59.22	7.484587
59.24	7.478165
59.26	7.471758
59.28	7.465462
59.3	7.459184
59.32	7.453021
59.34	7.440858
59.36	7.434864
59.38	7.428992
59.4	7.42315
59.42	7.417437
59.44	7.411757
59.46	7.40621
59.48	7.400701
59.5	7.395329
59.52	7.38481
59.54	7.379668
59.56	7.374671
59.58	7.369726
59.6	7.36493
59.62	7.360189
59.64	7.355603
59.66	7.351077
59.68	7.34671
59.7	7.342407
59.72	7.338267
59.74	7.330294
59.76	7.326464
59.78	7.322807
59.8	7.319228
59.82	7.315826
59.84	7.312507
59.86	7.30937
59.88	7.306319
59.9	7.303456
59.92	7.300684
59.94	7.298104
59.96	7.295619
59.98	7.293332
60	7.289158
60.02	7.287277
60.04	7.285602
60.06	7.284037
60.08	7.282682
60.1	7.281443
60.12	7.280419
60.14	7.279513
60.16	7.278829
60.18	7.277931
60.2	7.277723
60.22	7.277746
60.24	7.277901
60.26	7.27829
60.28	7.278817
60.3	7.279584
60.32	7.280492
60.34	7.281644
60.36	7.282944
60.38	7.284491
60.4	7.28619
60.42	7.288142
60.44	7.290249
60.46	7.295139
60.48	7.297926
60.5	7.300878
60.52	7.304095
60.54	7.307482
60.56	7.31114
60.58	7.31497
60.6	7.319076
60.62	7.323359
60.64	7.327921
60.66	7.332664
60.68	7.337691
60.7	7.342904
60.72	7.348403
60.74	7.354094
60.76	7.366249
60.78	7.372718
60.8	7.379385
60.82	7.38635
60.84	7.393518
60.86	7.400987
60.88	7.408662
60.9	7.424831
60.92	7.433328
60.94	7.442039
60.96	7.451013
60.98	7.460251
61	7.469756
61.02	7.479529
61.04	7.489571
61.06	7.499884
61.08	7.510469
61.1	7.521329
61.12	7.543875
61.14	7.555565
61.16	7.567534
61.18	7.579785
61.2	7.592317
61.22	7.605133
61.24	7.618233
61.26	7.631619
61.28	7.645292
61.3	7.659253
61.32	7.673503
61.34	7.688043
61.36	7.702875
61.38	7.717999
61.4	7.733416
61.42	7.765132
61.44	7.781434
61.46	7.798032
61.48	7.814928
61.5	7.832122
61.52	7.849615
61.54	7.867408
61.56	7.885501
61.58	7.92259
61.6	7.941587
61.62	7.960887
61.64	7.98049
61.66	8.000397
61.68	8.020608
61.7	8.041122
61.72	8.061942
61.74	8.083066
61.76	8.104496
61.78	8.126232
61.8	8.170621
61.82	8.193275
61.84	8.216235
61.86	8.239503
61.88	8.263076
61.9	8.286956
61.92	8.311143
61.94	8.335636
61.96	8.360436
61.98	8.385544
62	8.410957
62.02	8.436677
62.04	8.489038
62.06	8.515676
62.08	8.542621
62.1	8.569872
62.12	8.597427
62.14	8.625289
62.16	8.653455
62.18	8.681926
62.2	8.7107
62.22	8.739779
62.24	8.769162
62.26	8.798848
62.28	8.828835
62.3	8.859126
62.32	8.920613
62.34	8.983303
62.36	9.015098
62.38	9.047192
62.4	9.079585
62.42	9.112276
62.44	9.145265
62.46	9.181657
62.48	9.2706
62.5	9.296029
62.52	9.377286
62.54	9.682455
62.56	9.711919
62.58	9.739654
62.6	9.765696
62.62	9.790083
62.64	9.81286
62.66	9.834073
62.68	9.853772
62.7	9.87201
62.72	9.927024
62.74	9.956805
62.76	10.26043
62.78	10.07949
62.8	10.38509
62.82	10.16294
62.84	10.46708
62.86	10.23922
62.88	10.54111
62.9	10.31469
62.92	10.39063
62.94	10.68773
62.96	10.46731
62.98	10.76204
63	10.54482
63.02	10.83719
63.04	10.62319
63.06	10.91321
63.08	10.99013
63.1	10.78259
63.12	11.06798
63.14	10.86367
63.16	11.107
63.18	11.08587
63.2	11.07273
63.22	11.06357
63.24	11.05272
63.26	11.04022
63.28	11.02611
63.3	11.01044
63.32	10.97461
63.34	10.95457
63.36	10.93317
63.38	10.9105
63.4	10.88662
63.42	10.89416
63.44	10.90435
63.46	11.00908
63.48	10.97023
63.5	11.07844
63.52	11.0042
63.54	11.06785
63.56	11.06184
63.58	11.05526
63.6	11.0371
63.62	11.02558
63.64	11.01247
63.66	10.99781
63.68	10.98163
63.7	10.96397
63.72	10.94941
63.74	10.94981
63.76	11.0369
63.78	10.99958
63.8	11.03784
63.82	11.02467
63.84	11.01619
63.86	11.00604
63.88	10.99422
63.9	10.98077
63.92	10.96569
63.94	10.94903
63.96	10.94598
63.98	10.94466
64	10.82934
64.02	10.77837
64.04	10.73753
64.06	10.6848
64.08	10.66928
64.1	10.66124
64.12	10.65473
64.14	10.64853
64.16	10.63492
64.18	10.62758
64.2	10.61993
64.22	10.58215
64.24	10.54251
64.26	10.50105
64.28	10.45784
64.3	10.36642
64.32	10.31834
64.34	10.26879
64.36	10.21784
64.38	10.16558
64.4	10.1121
64.42	10.0575
64.44	10.0019
64.46	9.888105
64.48	9.890033
64.5	9.913378
64.52	9.915257
64.54	9.912847
64.56	9.909612
64.58	9.906266
64.6	9.902946
64.62	9.89963
64.64	9.896344
64.66	9.893123
64.68	9.88996
64.7	9.886809
64.72	9.883722
64.74	9.880646
64.76	9.877634
64.78	9.874681
64.8	9.87174
64.82	9.865995
64.84	9.863194
64.86	9.86045
64.88	9.857718
64.9	9.85505
64.92	9.852393
64.94	9.849801
64.96	9.847267
64.98	9.844746
65	9.842287
65.02	9.839841
65.04	9.837459
65.06	9.835135
65.08	9.832823
65.1	9.82834
65.12	9.826168
65.14	9.824054
65.16	9.821953
65.18	9.819916
65.2	9.81789
65.22	9.815929
65.24	9.814025
65.26	9.812135
65.28	9.810308
65.3	9.808494
65.32	9.806743
65.34	9.805051
65.36	9.803371
65.38	9.801755
65.4	9.800152
65.42	9.798612
65.44	9.79713
65.46	9.795662
65.48	9.794256
65.5	9.792865
65.52	9.791574
65.54	9.789181
65.56	9.787976
65.58	9.786798
65.6	9.785681
65.62	9.784621
65.64	9.783577
65.66	9.782596
65.68	9.781628
65.7	9.780723
65.72	9.779874
65.74	9.77912
65.76	9.777677
65.78	9.776983
65.8	9.776346
65.82	9.775745
65.84	9.775213
65.86	9.774706
65.88	9.774145
65.9	9.773705
65.92	9.773293
65.94	9.772943
65.96	9.772612
65.98	9.772341
66	9.771929
66.02	9.771792
66.04	9.771671
66.06	9.771612
66.08	9.771609
66.1	9.771623
66.12	9.771697
66.14	9.771789
66.16	9.77194
66.18	9.772148
66.2	9.772373
66.22	9.772659
66.24	9.773325
66.26	9.773744
66.28	9.77418
66.3	9.774677
66.32	9.77519
66.34	9.775765
66.36	9.776395
66.38	9.777042
66.4	9.777751
66.42	9.778476
66.44	9.779262
66.46	9.780103
66.48	9.780961
66.5	9.78188
66.52	9.782817
66.54	9.783813
66.56	9.784864
66.58	9.787064
66.6	9.788211
66.62	9.789418
66.64	9.790681
66.66	9.791961
66.68	9.793302
66.7	9.794659
66.72	9.796077
66.74	9.79904
66.76	9.800591
66.78	9.802159
66.8	9.803787
66.82	9.80547
66.84	9.807171
66.86	9.808932
66.88	9.810711
66.9	9.812549
66.92	9.814442
66.94	9.816353
66.96	9.818299
66.98	9.820306
67	9.822366
67.02	9.82656
67.04	9.828734
67.06	9.830962
67.08	9.833209
67.1	9.835491
67.12	9.837832
67.14	9.840228
67.16	9.842643
67.18	9.845093
67.2	9.847601
67.22	9.850163
67.24	9.852745
67.26	9.858038
67.28	9.857415
67.3	9.855765
67.32	9.85388
67.34	9.851878
67.36	9.849909
67.38	9.847919
67.4	9.84594
67.42	9.843977
67.44	9.842079
67.46	9.840168
67.48	9.836392
67.5	9.834426
67.52	9.832547
67.54	9.830422
67.56	9.828496
67.58	9.826593
67.6	9.824734
67.62	9.8229
67.64	9.821093
67.66	9.817577
67.68	9.816003
67.7	9.814348
67.72	9.81268
67.74	9.809418
67.76	9.807839
67.78	9.806302
67.8	9.804249
67.82	9.802584
67.84	9.800974
67.86	9.799422
67.88	9.797899
67.9	9.796404
67.92	9.794938
67.94	9.792113
67.96	9.790763
67.98	9.789635
68	9.788384
68.02	9.78583
68.04	9.784585
68.06	9.78337
68.08	9.782187
68.1	9.779931
68.12	9.778245
68.14	9.77701
68.16	9.775871
68.18	9.77473
68.2	9.773639
68.22	9.772573
68.24	9.771531
68.26	9.770514
68.28	9.769525
68.3	9.767637
68.32	9.766745
68.34	9.765889
68.36	9.765074
68.38	9.76449
68.4	9.763771
68.42	9.763011
68.44	9.762254
68.46	9.761512
68.48	9.760789
68.5	9.760086
68.52	9.759404
68.54	9.758111
68.56	9.757501
68.58	9.756426
68.6	9.755727
68.62	9.755105
68.64	9.754507
68.66	9.753921
68.68	9.753345
68.7	9.752781
68.72	9.751689
68.74	9.751163
68.76	9.750619
68.78	9.750118
68.8	9.749174
68.82	9.748729
68.84	9.748302
68.86	9.747897
68.88	9.747512
68.9	9.747148
68.92	9.746804
68.94	9.746485
68.96	9.746187
68.98	9.745914
69	9.745666
69.02	9.74544
69.04	9.745242
69.06	9.668405
69.08	9.624608
69.1	9.624924
69.12	9.654837
69.14	9.661607
69.16	9.66387
69.18	9.66539
69.2	9.66692
69.22	9.668609
69.24	9.670489
69.26	9.672565
69.28	9.674839
69.3	9.679979
69.32	9.682846
69.34	9.685911
69.36	9.689176
69.38	9.692638
69.4	9.696298
69.42	9.704215
69.44	9.70847
69.46	9.712924
69.48	9.722425
69.5	9.724982
69.52	9.726137
69.54	9.72718
69.56	9.728259
69.58	9.729364
69.6	9.730503
69.62	9.731679
69.64	9.732891
69.66	9.734137
69.68	9.736796
69.7	9.738192
69.72	9.739623
69.74	9.741098
69.76	9.74262
69.78	9.744095
69.8	9.745669
69.82	9.747289
69.84	9.748681
69.86	9.750296
69.88	9.751962
69.9	9.753682
69.92	9.755437
69.94	9.759031
69.96	9.760861
69.98	9.762876
70	9.764837
70.02	9.766806
70.04	9.768806
70.06	9.770845
70.08	9.772919
70.1	9.774515
70.12	9.776505
70.14	9.778561
70.16	9.780682
70.18	9.782832
70.2	9.787186
70.22	9.789603
70.24	9.791936
70.26	9.794262
70.28	9.796618
70.3	9.799006
70.32	9.800844
70.34	9.803126
70.36	9.807905
70.38	9.810354
70.4	9.812818
70.42	9.815521
70.44	9.818142
70.46	9.820761
70.48	9.823409
70.5	9.825542
70.52	9.828096
70.54	9.830719
70.56	9.833408
70.58	9.838856
70.6	9.841832
70.62	9.844722
70.64	9.847608
70.66	9.850018
70.68	9.852818
70.7	9.855721
70.72	9.833988
70.74	9.800107
70.76	9.787364
70.78	9.794541
70.8	9.777725
70.82	9.824137
70.84	9.825855
70.86	9.813684
70.88	9.807068
70.9	9.758149
70.92	9.735791
70.94	9.711524
70.96	9.685397
70.98	9.657461
71	9.627773
71.02	9.596396
71.04	9.528841
71.06	9.49281
71.08	9.455384
71.1	9.416649
71.12	9.376698
71.14	9.335631
71.16	9.304807
71.18	9.226676
71.2	9.21341
71.22	9.262425
71.24	9.297081
71.26	9.340563
71.28	9.600554
71.3	9.494838
71.32	9.679232
71.34	10.04489
71.36	10.05758
71.38	10.04666
71.4	10.0382
71.42	10.03737
71.44	10.04508
71.46	10.06141
71.48	10.08624
71.5	10.01342
71.52	9.98622
71.54	9.956208
71.56	9.923393
71.58	9.887794
71.6	9.849427
71.62	9.808316
71.64	9.764488
71.66	9.717969
71.68	9.246493
71.7	8.481776
71.72	8.579531
71.74	8.629221
71.76	8.676738
71.78	9.319384
71.8	9.325603
71.82	9.328691
71.84	9.32863
71.86	9.325412
71.88	9.31902
71.9	9.30945
71.92	9.296697
71.94	8.657043
71.96	8.430297
71.98	8.890618
72	8.926901
72.02	9.222505
72.04	9.000023
72.06	9.300901
72.08	9.325117
72.1	9.444286
72.12	9.565451
72.14	9.68826
72.16	9.812382
72.18	10.06334
72.2	10.18962
72.22	10.29825
72.24	10.32593
72.26	10.33865
72.28	10.13742
72.3	9.937935
72.32	9.546415
72.34	9.355588
72.36	9.168941
72.38	8.987212
72.4	8.811198
72.42	8.641752
72.44	8.747242
72.46	8.467838
72.48	8.791643
72.5	9.089827
72.52	8.969851
72.54	9.012172
72.56	9.028173
72.58	9.038828
72.6	9.048478
72.62	9.057949
72.64	9.07677
72.66	9.095675
72.68	9.10518
72.7	9.114731
72.72	9.124238
72.74	9.133829
72.76	9.143475
72.78	9.153078
72.8	9.162775
72.82	9.182255
72.84	9.192079
72.86	9.201973
72.88	9.211831
72.9	9.221828
72.92	9.241899
72.94	9.251978
72.96	9.26221
72.98	9.272491
73	9.282859
73.02	9.293279
73.04	9.30379
73.06	9.325027
73.08	9.335759
73.1	9.346594
73.12	9.357499
73.14	9.368513
73.16	9.379602
73.18	9.390808
73.2	9.402095
73.22	9.413505
73.24	9.436626
73.26	9.448346
73.28	9.4602
73.3	9.472155
73.32	9.484251
73.34	9.496454
73.36	9.508807
73.38	9.521271
73.4	9.533893
73.42	9.559536
73.44	9.572565
73.46	9.585766
73.48	9.599098
73.5	9.612609
73.52	9.626257
73.54	9.640093
73.56	9.654073
73.58	9.668247
73.6	9.6971
73.62	9.711784
73.64	9.72668
73.66	9.741739
73.68	9.757016
73.7	9.772465
73.72	9.788139
73.74	9.803993
73.76	9.836351
73.78	9.852864
73.8	9.86957
73.82	9.886524
73.84	9.903679
73.86	9.921089
73.88	9.956591
73.9	9.974688
73.92	9.993056
73.94	9.999785
73.96	10.04987
73.98	10.00906
74	9.999215
74.02	9.981293
74.04	9.969636
74.06	9.956213
74.08	9.94105
74.1	9.924178
74.12	9.905633
74.14	9.907498
74.16	9.913462
74.18	9.913623
74.2	9.884302
74.22	9.851745
74.24	9.822647
74.26	9.763632
74.28	9.719437
74.3	9.657677
74.32	9.615358
74.34	9.514833
74.36	9.455433
74.38	9.45367
74.4	9.449886
74.42	9.409019
74.44	9.401788
74.46	9.359102
74.48	9.38122
74.5	9.391307
74.52	9.420442
74.54	9.438773
74.56	9.469886
74.58	9.502067
74.6	9.516004
74.62	9.528486
74.64	9.539509
74.66	9.535522
74.68	9.522149
74.7	9.492731
74.72	9.478786
74.74	9.334553
74.76	9.455905
74.78	9.336828
74.8	9.452748
74.82	9.448627
74.84	9.444437
74.86	9.43141
74.88	9.422607
74.9	9.412309
74.92	9.400541
74.94	9.387339
74.96	9.372736
74.98	9.356773
75	9.367892
75.02	9.371772
75.04	9.375416
75.06	9.379262
75.08	9.383396
75.1	9.387836
75.12	9.392584
75.14	9.397622
75.16	9.40297
75.18	9.408628
75.2	9.414582
75.22	9.427418
75.24	9.434299
75.26	9.441481
75.28	9.448971
75.3	9.456764
75.32	9.464866
75.34	9.473277
75.36	9.481991
75.38	9.500344
75.4	9.509982
75.42	9.519929
75.44	9.523647
75.46	9.524622
75.48	9.525337
75.5	9.52627
75.52	9.526788
75.54	9.527347
75.56	9.52795
75.58	9.528599
75.6	9.52929
75.62	9.530803
75.64	9.531619
75.66	9.532509
75.68	9.533442
75.7	9.534425
75.72	9.53546
75.74	9.536549
75.76	9.538882
75.78	9.540128
75.8	9.541343
75.82	9.542656
75.84	9.544021
75.86	9.54543
75.88	9.546852
75.9	9.549806
75.92	9.551331
75.94	9.552445
75.96	9.553913
75.98	9.555475
76	9.557082
76.02	9.558912
76.04	9.560687
76.06	9.56248
76.08	9.56432
76.1	9.566211
76.12	9.569906
76.14	9.57189
76.16	9.573868
76.18	9.57587
76.2	9.577322
76.22	9.579239
76.24	9.58127
76.26	9.58357
76.28	9.585806
76.3	9.588058
76.32	9.590361
76.34	9.59252
76.36	9.594862
76.38	9.59902
76.4	9.601404
76.42	9.603837
76.44	9.606301
76.46	9.609045
76.48	9.611566
76.5	9.61419
76.52	9.616498
76.54	9.619108
76.56	9.621815
76.58	9.624535
76.6	9.596792
76.62	9.595455
76.64	9.579132
76.66	9.579609
76.68	9.567566
76.7	9.548046
76.72	9.536921
76.74	9.509829
76.76	9.493942
76.78	9.476556
76.8	9.457721
76.82	9.437493
76.84	9.415933
76.86	9.393104
76.88	9.380061
76.9	9.344804
76.92	9.345427
76.94	9.354747
76.96	9.367417
76.98	9.577386
77	9.448915
77.02	9.505072
77.04	9.717251
77.06	9.696887
77.08	9.675119
77.1	9.707209
77.12	9.68235
77.14	9.711388
77.16	9.683631
77.18	9.709654
77.2	9.679226
77.22	9.702302
77.24	9.726734
77.26	9.671712
77.28	9.686339
77.3	9.699521
77.32	9.713778
77.34	9.728573
77.36	9.743694
77.38	9.774849
77.4	9.790864
77.42	9.807169
77.44	9.823788
77.46	9.840686
77.48	9.857877
77.5	9.87538
77.52	9.911242
77.54	9.929632
77.56	9.948305
77.58	9.967273
77.6	9.98655
77.62	10.00611
77.64	10.02597
77.66	10.0666
77.68	10.08735
77.7	10.10841
77.72	10.12976
77.74	10.15141
77.76	10.17336
77.78	10.18157
77.8	10.18838
77.82	10.19473
77.84	10.20108
77.86	10.20761
77.88	10.21408
77.9	10.22022
77.92	10.23331
77.94	10.23983
77.96	10.24605
77.98	10.25252
78	10.25907
78.02	10.26586
78.04	10.27266
78.06	10.27884
78.08	10.28537
78.1	10.29891
78.12	10.30581
78.14	10.31202
78.16	10.31862
78.18	10.32533
78.2	10.3393
78.22	10.34557
78.24	10.35224
78.26	10.35902
78.28	10.36609
78.3	10.37314
78.32	10.37947
78.34	10.38621
78.36	10.40021
78.38	10.40733
78.4	10.41372
78.42	10.42053
78.44	10.42745
78.46	10.44185
78.48	10.44831
78.5	10.45518
78.52	10.46216
78.54	10.46944
78.56	10.4767
78.58	10.48322
78.6	10.4972
78.62	10.50454
78.64	10.51186
78.66	10.51844
78.68	10.52543
78.7	10.53254
78.72	10.53994
78.74	10.55396
78.76	10.56101
78.78	10.56818
78.8	10.57565
78.82	10.58309
78.84	10.58978
78.86	10.59678
78.88	10.60386
78.9	10.61129
78.92	10.62552
78.94	10.63267
78.96	10.63993
78.98	10.64746
79	10.65498
79.02	10.66179
79.04	10.669
79.06	10.68389
79.08	10.69147
79.1	10.69814
79.12	10.70524
79.14	10.71241
79.16	10.71993
79.18	10.72748
79.2	10.73441
79.22	10.74906
79.24	10.7567
79.26	10.76417
79.28	10.77105
79.3	10.77834
79.32	10.7857
79.34	10.80107
79.36	10.80802
79.38	10.81538
79.4	10.82285
79.42	10.8306
79.44	10.83834
79.46	10.84533
79.48	10.85274
79.5	10.86026
79.52	10.87586
79.54	10.88291
79.56	10.89036
79.58	10.89793
79.6	10.9058
79.62	10.91363
79.64	10.92073
79.66	10.93585
79.68	10.94377
79.7	10.95165
79.72	10.95879
79.74	10.96635
79.76	10.97402
79.78	10.98198
79.8	10.98991
79.82	11.0047
79.84	11.01242
79.86	11.02042
79.88	11.0284
79.9	11.03564
79.92	11.04328
79.94	11.05104
79.96	11.0591
79.98	11.0744
80	11.08209
80.02	11.09025
80.04	11.09814
80.06	11.10569
80.08	11.11352
80.1	11.12175
80.12	11.12977
80.14	11.14541
80.16	11.15375
80.18	11.16188
80.2	11.16968
80.22	11.17775
80.24	11.1862
80.26	11.19444
80.28	11.20235
80.3	11.21908
80.32	11.22743
80.34	11.23544
80.36	11.24372
80.38	11.2524
80.4	11.26085
80.42	11.27735
80.44	11.28613
80.46	11.29468
80.48	11.3029
80.5	11.31138
80.52	11.32027
80.54	11.32892
80.56	11.33724
80.58	11.35481
80.6	11.36357
80.62	11.37197
80.64	11.38066
80.66	11.38961
80.68	11.39866
80.7	11.41591
80.72	11.42498
80.74	11.43414
80.76	11.44263
80.78	11.45152
80.8	11.4607
80.82	11.46995
80.84	11.48748
80.86	11.49675
80.88	11.50609
80.9	11.51472
80.92	11.52378
80.94	11.53313
80.96	11.54255
80.98	11.5604
81	11.56983
81.02	11.57934
81.04	11.58813
81.06	11.59734
81.08	11.60686
81.1	11.62531
81.12	11.6346
81.14	11.6442
81.16	11.65387
81.18	11.6628
81.2	11.67216
81.22	11.68184
81.24	11.69158
81.26	11.70058
81.28	11.71977
81.3	11.72959
81.32	11.73866
81.34	11.74818
81.36	11.758
81.38	11.76789
81.4	11.78662
81.42	11.79651
81.44	11.80648
81.46	11.8132
81.48	11.8119
81.5	11.80878
81.52	11.80552
81.54	11.79927
81.56	11.79633
81.58	11.79353
81.6	11.79085
81.62	11.78831
81.64	11.78591
81.66	11.7837
81.68	11.77957
81.7	11.77769
81.72	11.77594
81.74	11.77432
81.76	11.77277
81.78	11.77006
81.8	11.76892
81.82	11.7679
81.84	11.76702
81.86	11.76625
81.88	11.76562
81.9	11.76511
81.92	11.65689
81.94	11.59528
81.96	11.60967
81.98	11.52489
82	11.53799
82.02	11.54175
82.04	11.54385
82.06	11.54585
82.08	11.55054
82.1	11.5533
82.12	11.55634
82.14	11.55966
82.16	11.56326
82.18	11.5661
82.2	11.56789
82.22	11.56958
82.24	11.57321
82.26	11.57518
82.28	11.57727
82.3	11.57951
82.32	11.58186
82.34	11.58433
82.36	11.58692
82.38	11.59232
82.4	11.59523
82.42	11.59824
82.44	11.60137
82.46	11.6046
82.48	11.60803
82.5	11.61518
82.52	11.61894
82.54	11.62269
82.56	11.62661
82.58	11.63065
82.6	11.63489
82.62	11.63923
82.64	11.64828
82.66	11.65284
82.68	11.65757
82.7	11.6625
82.72	11.66755
82.74	11.67274
82.76	11.67792
82.78	11.73602
82.8	11.66299
82.82	11.60754
82.84	11.64838
82.86	11.59123
82.88	11.67021
82.9	11.69841
82.92	11.6781
82.94	11.68543
82.96	11.65767
82.98	11.64534
83	11.63193
83.02	11.6175
83.04	11.60211
83.06	11.58582
83.08	11.56869
83.1	11.5508
83.12	11.53222
83.14	11.52149
83.16	11.53264
83.18	11.54543
83.2	11.7075
83.22	11.59812
83.24	11.60999
83.26	11.61073
83.28	11.60983
83.3	11.60941
83.32	11.60936
83.34	11.61052
83.36	11.61143
83.38	11.61279
83.4	11.61429
83.42	11.61858
83.44	11.62107
83.46	11.62381
83.48	11.62702
83.5	11.63064
83.52	11.63438
83.54	11.63839
83.56	11.64286
83.58	11.64754
83.6	11.65268
83.62	11.66369
83.64	11.66964
83.66	11.67605
83.68	11.6826
83.7	11.68962
83.72	11.69684
83.74	11.71233
83.76	11.71932
83.78	11.71475
83.8	11.70889
83.82	11.70289
83.84	11.69683
83.86	11.68486
83.88	11.67905
83.9	11.67311
83.92	11.66732
83.94	11.66164
83.96	11.656
83.98	11.65049
84	11.63964
84.02	11.63429
84.04	11.62906
84.06	11.5809
84.08	11.5107
84.1	11.52605
84.12	11.48253
84.14	11.49958
84.16	11.47933
84.18	11.46145
84.2	11.47124
84.22	11.46878
84.24	11.47508
84.26	11.48778
84.28	11.49037
84.3	11.34124
84.32	11.05019
84.34	10.87154
84.36	10.73683
84.38	10.57364
84.4	10.48506
84.42	10.51585
84.44	10.51561
84.46	10.80573
84.48	11.03675
84.5	11.38326
84.52	11.48703
84.54	11.54782
84.56	11