0.02	11.9354
0.04	11.93603
0.06	11.8699
0.08	11.85105
0.1	11.83456
0.12	11.81471
0.14	11.76488
0.16	11.7349
0.18	11.70154
0.2	11.66478
0.22	11.62463
0.24	11.58109
0.26	11.53415
0.28	11.43008
0.3	11.37295
0.32	11.31243
0.34	11.24853
0.36	11.18124
0.38	11.11058
0.4	11.03655
0.42	10.87843
0.44	10.79436
0.46	10.70696
0.48	10.65451
0.5	10.59882
0.52	10.54154
0.54	10.48303
0.56	10.42335
0.58	10.30298
0.6	10.24542
0.62	10.17838
0.64	10.10116
0.66	10.01382
0.68	9.916564
0.7	9.809676
0.72	9.693489
0.74	9.434797
0.76	9.647008
0.78	9.292394
0.8	9.518954
0.82	9.140102
0.84	9.379578
0.86	8.978166
0.88	8.806897
0.9	9.067559
0.92	8.626691
0.94	8.895446
0.96	8.438035
0.98	8.713087
1	8.241528
1.02	8.520971
1.04	8.037893
1.06	7.828008
1.08	8.110038
1.1	7.612926
1.12	7.892875
1.14	7.393916
1.16	7.669329
1.18	7.172494
1.2	6.950479
1.22	7.208737
1.24	6.840996
1.26	7.214691
1.28	6.888995
1.3	7.266204
1.32	6.894597
1.34	6.908798
1.36	7.291972
1.38	6.941476
1.4	7.32693
1.42	6.993548
1.44	7.380064
1.46	7.03636
1.48	7.423244
1.5	7.080817
1.52	7.129535
1.54	7.515669
1.56	7.182902
1.58	7.568197
1.6	7.240856
1.62	7.625048
1.64	7.303247
1.66	7.369906
1.68	7.75117
1.7	7.440658
1.72	7.820133
1.74	7.515329
1.76	7.892822
1.78	7.593749
1.8	7.969081
1.82	7.675748
1.84	7.761158
1.86	8.131703
1.88	7.849818
1.9	8.217767
1.92	7.941568
1.94	8.306807
1.96	8.398681
1.98	8.133728
2	8.493255
2.02	8.233845
2.04	8.590394
2.06	8.336466
2.08	8.689974
2.1	8.441458
2.12	8.548692
2.14	8.895965
2.16	8.658046
2.18	9.002143
2.2	8.769403
2.22	9.110297
2.24	8.88265
2.26	8.997683
2.28	9.33212
2.3	9.114397
2.32	9.445594
2.34	9.232697
2.36	9.560653
2.38	9.352494
2.4	9.473698
2.42	9.795187
2.44	9.596227
2.46	9.9145
2.48	9.720004
2.5	10.03508
2.52	9.844954
2.54	10.15685
2.56	9.97101
2.58	10.0981
2.6	10.40371
2.62	10.22617
2.64	10.51931
2.66	10.33852
2.68	10.6036
2.7	10.64278
2.72	10.68042
2.74	10.75099
2.76	10.78399
2.78	10.81551
2.8	10.84561
2.82	10.87432
2.84	10.90169
2.86	10.92778
2.88	11.00127
2.9	11.05179
2.92	11.099
2.94	11.14558
2.96	11.19208
2.98	11.23859
3	11.28513
3.02	11.3317
3.04	11.42492
3.06	11.47156
3.08	11.51822
3.1	11.56489
3.12	11.61157
3.14	11.65306
3.16	11.68126
3.18	11.72074
3.2	11.73674
3.22	11.75326
3.24	11.76927
3.26	11.78423
3.28	11.80019
3.3	11.81583
3.32	11.80664
3.34	11.80548
3.36	11.78566
3.38	11.78143
3.4	11.76625
3.42	11.76429
3.44	11.73317
3.46	11.65543
3.48	11.62509
3.5	11.60187
3.52	11.58584
3.54	11.57698
3.56	11.57523
3.58	11.58053
3.6	11.59281
3.62	11.40671
3.64	11.22363
3.66	10.86853
3.68	10.69757
3.7	10.53176
3.72	10.37174
3.74	10.21815
3.76	10.11791
3.78	10.17276
3.8	10.20501
3.82	10.20989
3.84	10.2129
3.86	10.21408
3.88	10.2135
3.9	10.17093
3.92	10.16756
3.94	10.16054
3.96	10.29992
3.98	10.5253
4	10.66618
4.02	10.91563
4.04	11.06135
4.06	11.33089
4.08	11.47911
4.1	11.79646
4.12	11.87888
4.14	11.78839
4.16	11.72521
4.18	11.63209
4.2	11.56625
4.22	11.47095
4.24	11.40294
4.26	11.23635
4.28	11.13831
4.3	11.06768
4.32	10.62105
4.34	10.21934
4.36	10.15473
4.38	10.21107
4.4	10.23391
4.42	10.23961
4.44	10.24512
4.46	10.25061
4.48	10.25624
4.5	10.26186
4.52	10.26764
4.54	10.27345
4.56	10.27389
4.58	10.50443
4.6	10.62406
4.62	10.74619
4.64	10.87056
4.66	11.01493
4.68	10.98685
4.7	11.13138
4.72	11.09402
4.74	11.23745
4.76	11.33805
4.78	11.28814
4.8	11.43195
4.82	11.37492
4.84	11.40389
4.86	11.43102
4.88	11.33576
4.9	11.35956
4.92	11.20147
4.94	11.15238
4.96	11.10142
4.98	11.04864
5	10.99411
5.02	10.93789
5.04	10.88003
5.06	10.75973
5.08	10.69744
5.1	10.63383
5.12	10.569
5.14	10.50303
5.16	10.43604
5.18	10.36813
5.2	10.29941
5.22	10.16006
5.24	10.08969
5.26	10.08292
5.28	10.08062
5.3	10.07084
5.32	10.05956
5.34	10.04676
5.36	10.03411
5.38	10.01032
5.4	9.99881
5.42	9.987514
5.44	9.976449
5.46	9.965597
5.48	9.95498
5.5	9.944585
5.52	9.934426
5.54	9.914804
5.56	9.905344
5.58	9.896134
5.6	9.887158
5.62	9.878438
5.64	9.869957
5.66	9.861737
5.68	9.846054
5.7	9.838596
5.72	9.83141
5.74	9.824481
5.76	9.81783
5.78	9.811441
5.8	9.805335
5.82	9.7995
5.84	9.78868
5.86	9.783706
5.88	9.779011
5.9	9.774619
5.92	9.770514
5.94	9.766718
5.96	9.760028
5.98	9.75714
6	9.754577
6.02	9.752316
6.04	9.750388
6.06	9.748771
6.08	9.747491
6.1	9.745911
6.12	9.745617
6.14	9.745674
6.16	9.746062
6.18	9.746809
6.2	9.747894
6.22	9.749344
6.24	9.751138
6.26	9.753304
6.28	9.758718
6.3	9.761973
6.32	9.76485
6.34	9.763041
6.36	9.760347
6.38	9.757711
6.4	9.755218
6.42	9.752862
6.44	9.748424
6.46	9.746379
6.48	9.744492
6.5	9.742684
6.52	9.741015
6.54	9.73941
6.56	9.737957
6.58	9.735347
6.6	9.734193
6.62	9.733201
6.64	9.732288
6.66	9.73154
6.68	9.730872
6.7	9.730374
6.72	9.729962
6.74	9.729574
6.76	9.729605
6.78	9.729725
6.8	9.730031
6.82	9.730431
6.84	9.73102
6.86	9.731706
6.88	9.733569
6.9	9.734751
6.92	9.736035
6.94	9.737525
6.96	9.73912
6.98	9.740925
7	9.742839
7.02	9.74497
7.04	9.747211
7.06	9.752246
7.08	9.755047
7.1	9.757966
7.12	9.761114
7.14	9.764382
7.16	9.767884
7.18	9.77151
7.2	9.775377
7.22	9.779367
7.24	9.787967
7.26	9.79258
7.28	9.797324
7.3	9.802321
7.32	9.807453
7.34	9.812844
7.36	9.81837
7.38	9.82416
7.4	9.836283
7.42	9.84262
7.44	9.849229
7.46	9.95139
7.48	9.849273
7.5	9.873342
