0.02	5.683986
0.04	5.750639
0.06	5.765697
0.08	5.770905
0.1	5.774662
0.12	5.778649
0.14	5.783205
0.16	5.794254
0.18	5.800774
0.2	5.807959
0.22	5.815816
0.24	5.794565
0.26	5.798838
0.28	5.808752
0.3	5.820348
0.32	6.050279
0.34	6.280488
0.36	6.510433
0.38	6.51147
0.4	6.51052
0.42	6.507633
0.44	6.496266
0.46	6.487911
0.48	6.477867
0.5	6.466211
0.52	6.453029
0.54	6.43841
0.56	6.422451
0.58	6.405259
0.6	6.386944
0.62	6.367628
0.64	6.347439
0.66	6.326515
0.68	6.305001
0.7	6.337785
0.72	6.369036
0.74	6.427251
0.76	6.454323
0.78	6.484672
0.8	6.51702
0.82	6.550523
0.84	6.585017
0.86	6.620477
0.88	6.656906
0.9	6.694313
0.92	6.732707
0.94	6.772097
0.96	6.853901
0.98	6.896333
1	6.939797
1.02	6.984302
1.04	6.996262
1.06	7.067424
1.08	7.130594
1.1	7.193811
1.12	7.258674
1.14	7.3255
1.16	7.394355
1.18	7.465251
1.2	7.538187
1.22	7.613161
1.24	7.690171
1.26	7.821915
1.28	8.183214
1.3	8.076649
1.32	8.434855
1.34	8.297421
1.36	8.649967
1.38	8.51496
1.4	8.861403
1.42	8.735013
1.44	9.001162
1.46	8.964801
1.48	9.226468
1.5	9.199201
1.52	9.456488
1.54	9.436759
1.56	9.705783
1.58	9.596132
1.6	9.864289
1.62	9.739261
1.64	9.880346
1.66	10.1767
1.68	10.17848
1.7	10.17858
1.72	10.17699
1.74	10.17369
1.76	10.16867
1.78	10.16194
1.8	10.15349
1.82	10.14333
1.84	10.13146
1.86	10.1179
1.88	10.08575
1.9	10.0672
1.92	10.04704
1.94	10.0253
1.96	10.00201
1.98	9.97721
2	9.950943
2.02	9.923257
2.04	9.894204
2.06	9.863841
2.08	9.83223
2.1	9.799437
2.12	9.765534
2.14	9.756261
2.16	10.04682
2.18	9.845873
2.2	10.05005
2.22	9.8435
2.24	9.838456
2.26	9.831748
2.28	9.823379
2.3	9.818707
2.32	9.816263
2.34	9.814435
2.36	9.813006
2.38	9.811754
2.4	9.810831
2.42	9.80962
2.44	9.809466
2.46	9.809513
2.48	9.809796
2.5	9.810424
2.52	9.811253
2.54	9.812322
2.56	9.813742
2.58	9.815366
2.6	9.817233
2.62	9.817784
2.64	9.818033
2.66	9.818637
2.68	9.818769
2.7	9.819141
2.72	9.819387
2.74	9.819772
2.76	9.820252
2.78	9.82088
2.8	9.821254
2.82	9.821885
2.84	9.822396
2.86	9.823825
2.88	9.824747
2.9	9.825412
2.92	9.826347
2.94	9.827167
2.96	9.828156
2.98	9.829247
3	9.830511
3.02	9.831509
3.04	9.832792
3.06	9.833964
3.08	9.835322
3.1	9.836787
3.12	9.83844
3.14	9.839874
3.16	9.841628
3.18	9.84509
3.2	9.846797
3.22	9.848846
3.24	9.850704
3.26	9.852911
3.28	9.854925
3.3	9.857144
3.32	9.859422
3.34	9.861839
3.36	9.864298
3.38	9.866894
3.4	9.86953
3.42	9.872305
3.44	9.878083
3.46	9.881089
3.48	9.884242
3.5	9.887442
3.52	9.890794
3.54	9.894193
3.56	9.89775
3.58	9.901355
3.6	9.905121
3.62	9.908938
3.64	9.912922
3.66	9.916958
3.68	9.921164
3.7	9.925424
3.72	9.929859
3.74	9.939021
3.76	9.943749
3.78	9.948661
3.8	9.953632
3.82	9.958794
3.84	9.964014
3.86	9.969428
3.88	9.974904
3.9	9.980578
3.92	9.986317
3.94	9.992257
3.96	9.998264
3.98	10.00448
4	10.01076
4.02	10.01725
4.04	10.02381
4.06	10.03059
4.08	10.04451
4.1	10.05165
4.12	10.05901
4.14	10.06645
4.16	10.07412
4.18	10.08186
4.2	10.08984
4.22	10.0979
4.24	10.11456
4.26	10.12317
4.28	10.13187
4.3	10.14081
4.32	10.14983
4.34	10.15911
4.36	10.16846
4.38	10.17807
4.4	10.18777
4.42	10.19773
4.44	10.20777
4.46	10.21807
4.48	10.23913
4.5	10.24987
4.52	10.2609
4.54	10.27201
4.56	10.28339
4.58	10.29487
4.6	10.30663
4.62	10.31848
4.64	10.33061
4.66	10.34283
4.68	10.35535
4.7	10.38086
4.72	10.39385
4.74	10.40714
4.76	10.42053
4.78	10.43422
4.8	10.448
4.82	10.46208
4.84	10.47627
4.86	10.49076
4.88	10.50534
4.9	10.52024
4.92	10.53524
4.94	10.55055
4.96	10.56596
4.98	10.59752
5	10.61367
5.02	10.62991
5.04	10.64649
5.06	10.93619
5.08	10.67986
5.1	10.9685
5.12	10.7145
5.14	11.00209
5.16	10.75014
5.18	11.03666
5.2	10.78672
5.22	10.82425
5.24	11.10862
5.26	10.86274
5.28	11.14601
5.3	10.90219
5.32	11.18435
5.34	10.94262
5.36	11.22365
5.38	11.26393
5.4	11.02643
5.42	11.30518
5.44	11.06983
5.46	11.34742
5.48	11.11424
5.5	11.39066
5.52	11.15967
5.54	11.43491
5.56	11.20612
5.58	11.48016
5.6	11.2536
5.62	11.52644
5.64	11.30212
5.66	11.57375
5.68	11.35169
5.7	11.6221
5.72	11.40231
5.74	11.67148
5.76	11.45399
5.78	11.50674
5.8	11.74473
5.82	11.73927
5.84	11.7326
5.86	11.72477
5.88	11.71578
5.9	11.70566
5.92	11.68218
5.94	11.66888
5.96	11.6546
5.98	11.63939
6	11.62329
6.02	11.60636
6.04	11.58865
6.06	11.57024
6.08	11.55118
6.1	11.55849
6.12	11.56474
6.14	11.57415
6.16	11.57778
6.18	11.58373
6.2	11.59025
6.22	11.59717
6.24	11.6047
6.26	11.61246
6.28	11.62055
6.3	11.62923
6.32	11.63815
6.34	11.64738
6.36	11.65722
6.38	11.66728
6.4	11.68865
6.42	11.69746
6.44	11.69332
6.46	11.68802
6.48	11.68203
6.5	11.67623
6.52	11.6704
6.54	11.65915
6.56	11.65375
6.58	11.64834
6.6	11.64279
6.62	11.63751
6.64	11.6337
6.66	11.63008
6.68	11.62656
6.7	11.62311
6.72	11.61974
6.74	11.61646
6.76	11.61325
6.78	11.61012
6.8	11.60708
6.82	11.63811
6.84	11.67309
6.86	11.74359
6.88	11.77821
6.9	11.77987
6.92	11.82535
6.94	11.86152
6.96	11.85645
6.98	11.89909
7	11.89631
7.02	11.91254
7.04	11.89398
7.06	11.88602
7.08	11.88052
7.1	11.8896
7.12	11.9012
7.14	11.89036
7.16	11.86445
7.18	11.83278
7.2	11.83129
7.22	11.81701
7.24	11.81568
7.26	11.79997
7.28	11.79953
7.3	11.78254
7.32	11.78305
7.34	11.76482
7.36	11.76628
7.38	11.78312
7.4	11.79466
7.42	11.76305
7.44	11.7624
7.46	11.73273
7.48	11.71202
7.5	11.70781
7.52	11.69344
7.54	11.68737
7.56	11.65795
7.58	11.62654
7.6	11.5932
7.62	11.55797
7.64	11.52092
7.66	11.48211
7.68	11.44162
7.7	11.3995
7.72	11.35584
7.74	11.31072
7.76	11.07889
7.78	10.91778
7.8	10.86852
7.82	10.79756
7.84	10.82077
7.86	10.82071
7.88	10.8162
7.9	10.80579
7.92	10.80075
7.94	10.796
7.96	10.79153
7.98	10.78722
8	10.78312
8.02	10.77932
8.04	10.77581
8.06	10.77246
8.08	10.76932
8.1	10.76649
8.12	10.76395
8.14	10.76156
8.16	10.75939
8.18	10.75586
8.2	10.75451
8.22	10.75331
8.24	10.75243
8.26	10.75174
8.28	10.75138
8.3	10.75116
8.32	10.75127
8.34	10.75158
8.36	10.75298
8.38	10.75409
8.4	10.7554
8.42	10.75703
8.44	10.75881
8.46	10.76093
8.48	10.76325
8.5	10.76867
8.52	10.77175
8.54	10.77506
8.56	10.77872
8.58	10.78257
8.6	10.78665
8.62	10.79108
8.64	10.79571
8.66	10.80057
8.68	10.80579
8.7	10.8112
8.72	10.81685
8.74	10.82285
8.76	10.82906
8.78	10.8355
8.8	10.8493
8.82	10.85655
8.84	10.86416
8.86	10.87196
8.88	10.88001
8.9	10.88843
8.92	10.89705
8.94	10.90592
8.96	10.91516
8.98	10.9246
9	10.93428
9.02	10.94435
9.04	10.95461
9.06	10.96513
9.08	10.97603
9.1	10.9871
9.12	10.99856
9.14	11.0102
9.16	11.02222
9.18	11.02616
9.2	11.01243
9.22	11.00766
9.24	11.00478
9.26	11.0016
9.28	10.99847
9.3	10.99525
9.32	10.99201
9.34	10.98882
9.36	10.98568
9.38	10.98259
9.4	10.97965
9.42	10.97661
9.44	10.97078
9.46	10.96797
9.48	10.96483
9.5	10.96194
9.52	10.95915
9.54	10.95642
9.56	10.95376
9.58	10.95116
9.6	10.94879
9.62	10.94623
9.64	10.94378
9.66	10.94138
9.68	10.93904
9.7	10.93678
9.72	10.9341
9.74	10.93175
9.76	10.92734
9.78	10.92523
9.8	10.92317
9.82	10.92117
9.84	10.91924
9.86	10.91751
9.88	10.91572
9.9	10.91392
9.92	10.91047
9.94	10.90882
9.96	10.90723
9.98	10.90571
10	10.90371
10.02	10.90211
10.04	10.90061
10.06	10.89918
10.08	10.8978
10.1	10.89646
10.12	10.89395
10.14	10.89277
10.16	10.89165
10.18	10.89058
10.2	10.88958
10.22	10.88865
10.24	10.88797
10.26	10.88707
10.28	10.88624
10.3	10.88546
10.32	10.8847
10.34	10.884
10.36	10.88333
10.38	10.8827
10.4	10.88127
10.42	10.88067
10.44	10.88016
10.46	10.87968
10