0.02	4.959327
0.04	4.965919
0.06	4.96936
0.08	4.972901
0.1	4.976541
0.12	4.980282
0.14	4.984127
0.16	4.988076
0.18	4.992132
0.2	4.996294
0.22	5.004949
0.24	5.009444
0.26	5.135705
0.28	5.258877
0.3	5.37888
0.32	5.495647
0.34	5.60912
0.36	5.719248
0.38	5.926328
0.4	6.026103
0.42	5.636195
0.44	5.601481
0.46	5.563404
0.48	5.521994
0.5	5.47729
0.52	5.378163
0.54	5.323833
0.56	5.266395
0.58	5.20591
0.6	5.142444
0.62	5.156584
0.64	5.036467
0.66	5.008406
0.68	5.016158
0.7	5.130071
0.72	5.15922
0.74	5.17157
0.76	5.180758
0.78	5.189512
0.8	5.198378
0.82	5.207471
0.84	5.226415
0.86	5.236282
0.88	5.246413
0.9	5.256817
0.92	5.267493
0.94	5.278449
0.96	5.289684
0.98	5.301207
1	5.313015
1.02	5.337515
1.04	5.350213
1.06	5.363211
1.08	5.376519
1.1	5.390134
1.12	5.404066
1.14	5.418312
1.16	5.432882
1.18	5.447773
1.2	5.478547
1.22	5.494437
1.24	5.510664
1.26	5.527235
1.28	5.544149
1.3	5.561415
1.32	5.579031
1.34	5.615335
1.36	5.634031
1.38	5.65309
1.4	5.67252
1.42	5.692319
1.44	5.712497
1.46	5.73305
1.48	5.753987
1.5	5.797015
1.52	5.819113
1.54	5.841605
1.56	5.864491
1.58	5.887778
1.6	5.911465
1.62	5.935558
1.64	5.960056
1.66	5.984965
1.68	6.03602
1.7	6.062171
1.72	6.088742
1.74	6.115733
1.76	6.14315
1.78	6.17099
1.8	6.22796
1.82	6.257093
1.84	6.286658
1.86	6.316661
1.88	6.347099
1.9	6.37798
1.92	6.409298
1.94	6.473273
1.96	6.505929
1.98	6.539032
2	6.572584
2.02	6.606587
2.04	6.641042
2.06	6.67595
2.08	6.747129
2.1	6.783402
2.12	6.820134
2.14	6.857324
2.16	6.894974
2.18	6.933084
2.2	6.971655
2.22	7.050185
2.24	7.090144
2.26	7.130568
2.28	7.171457
2.3	7.212811
2.32	7.25463
2.34	7.296916
2.36	7.339669
2.38	7.382889
2.4	7.470731
2.42	7.515354
2.44	7.560445
2.46	7.606005
2.48	7.652033
2.5	7.69853
2.52	7.745496
2.54	7.792931
2.56	7.889207
2.58	7.938048
2.6	7.987358
2.62	8.368455
2.64	8.087083
2.66	8.464385
2.68	8.189047
2.7	8.292954
2.72	8.662816
2.74	8.398748
2.76	8.764939
2.78	8.506413
2.8	8.868967
2.82	8.615947
2.84	8.974895
2.86	8.727343
2.88	8.840598
2.9	9.192449
2.92	8.95571
2.94	9.273343
2.96	9.293679
2.98	9.312473
3	9.329766
3.02	9.345607
3.04	9.360045
3.06	9.384942
3.08	9.395523
3.1	9.404947
3.12	9.413286
3.14	9.420616
3.16	9.427017
3.18	9.432573
3.2	9.437374
3.22	9.51398
3.24	9.549655
3.26	9.584966
3.28	9.620534
3.3	9.656457
3.32	9.692784
3.34	9.729497
3.36	9.804132
3.38	9.842054
3.4	9.880367
3.42	9.915006
3.44	9.931711
3.46	9.944904
3.48	9.956886
3.5	9.979652
3.52	9.991169
3.54	10.00207
3.56	10.01382
3.58	10.02548
3.6	10.03645
3.62	10.04838
3.64	10.07129
3.66	10.08339
3.68	10.09536
3.7	10.1066
3.72	10.11886
3.74	10.13099
3.76	10.14239
3.78	10.1548
3.8	10.16709
3.82	10.19121
3.84	10.21535
3.86	10.22808
3.88	10.24068
3.9	10.26542
3.92	10.27817
3.94	10.29016
3.96	10.30322
3.98	10.31571
4	10.32803
4.02	10.34124
4.04	10.3543
4.06	10.37995
4.08	10.39224
4.1	10.40466
4.12	10.41794
4.14	10.43129
4.16	10.44403
4.18	10.4576
4.2	10.48381
4.22	10.49755
4.24	10.51116
4.26	10.52399
4.28	10.53788
4.3	10.55163
4.32	10.56459
4.34	10.57863
4.36	10.60539
4.38	10.61951
4.4	10.6335
4.42	10.64677
4.44	10.6616
4.46	10.67617
4.48	10.6894
4.5	10.71811
4.52	10.7314
4.54	10.74593
4.56	10.76002
4.58	10.77311
4.6	10.78758
4.62	10.80184
4.64	10.81523
4.66	10.84422
4.68	10.85781
4.7	10.87251
4.72	10.88706
4.74	10.9008
4.76	10.91564
4.78	10.9442
4.8	10.95917
4.82	10.97399
4.84	10.98799
4.86	11.0031
4.88	11.01805
4.9	11.03218
4.92	11.04741
4.94	11.07675
4.96	11.09211
4.98	11.10732
5	11.1217
5.02	11.13719
5.04	11.15252
5.06	11.16703
5.08	11.18265
5.1	11.21273
5.12	11.22847
5.14	11.24405
5.16	11.25879
5.18	11.27466
5.2	11.29035
5.22	11.30522
5.24	11.33702
5.26	11.352
5.28	11.3681
5.3	11.38403
5.32	11.39913
5.34	11.41534
5.36	11.43139
5.38	11.4466
5.4	11.46293
5.42	11.49442
5.44	11.51086
5.46	11.52713
5.48	11.54257
5.5	11.55912
5.52	11.57551
5.54	11.59105
5.56	11.60771
5.58	11.63986
5.6	11.65663
5.62	11.67323
5.64	11.68898
5.66	11.70586
5.68	11.72194
5.7	11.73904
5.72	11.81585
5.74	11.82759
5.76	11.8421
5.78	11.89104
5.8	11.88127
5.82	11.89879
5.84	11.90248
5.86	11.87221
5.88	11.81275
5.9	11.80204
5.92	11.78995
5.94	11.77772
5.96	11.76562
5.98	11.75369
6	11.74197
6.02	11.71911
6.04	11.70798
6.06	11.69705
6.08	11.6863
6.1	11.76824
6.12	11.83853
6.14	11.87026
6.16	11.86794
6.18	11.85555
6.2	11.84479
6.22	11.85458
6.24	11.60145
6.26	11.34918
6.28	11.13253
6.3	10.87922
6.32	10.75225
6.34	10.61762
6.36	10.47512
6.38	10.65885
6.4	10.36522
6.42	10.55721
6.44	10.23495
6.46	10.10333
6.48	10.30577
6.5	9.974308
6.52	10.18161
6.54	9.848763
6.56	10.0609
6.58	9.726935
6.6	9.943645
6.62	9.608947
6.64	9.497511
6.66	9.7277
6.68	9.388857
6.7	9.619634
6.72	9.283068
6.74	9.518849
6.76	9.181334
6.78	9.288797
6.8	9.395242
6.82	9.29011
6.84	9.076837
6.86	9.180622
6.88	8.9651
6.9	9.066779
6.92	8.849577
6.94	8.948655
6.96	8.627773
6.98	8.88121
7	8.84304
7.02	8.524384
7.04	8.787772
7.06	8.464895
7.08	8.732815
7.1	8.409481
7.12	8.681712
7.14	8.623875
7.16	8.41489
7.18	8.561802
7.2	8.351118
7.22	8.495519
7.24	8.2838
7.26	8.425129
7.28	8.213106
7.3	8.350825
7.32	8.331003
7.34	8.138465
7.36	8.416341
7.38	8.130887
7.4	8.388426
7.42	8.091812
7.44	8.356221
7.46	8.054637
7.48	8.326476
7.5	8.280265
7.52	8.00294
7.54	8.239443
7.56	7.979609
7.58	8.228268
7.6	7.969103
7.62	8.210769
7.64	7.954798
7.66	8.194254
7.68	8.172342
7.7	8.158852
7.72	8.143683
7.74	8.126851
7.76	8.108375
7.78	8.088278
7.8	8.06659
7.82	8.043346
7.84	7.992352
7.86	7.964696
7.88	7.970625
7.9	7.974914
7.92	7.977563
7.94	7.978572
7.96	7.981672
7.98	7.986613
8	7.998597
8.02	8.005374
8.04	8.012646
8.06	8.020404
8.08	8.028643
8.1	8.037358
8.12	8.046544
8.14	8.056196
8.16	8.066308
8.18	8.087827
8.2	8.099227
8.22	8.111123
8.24	8.123396
8.26	8.136154
8.28	8.144178
8.3	8.146158
8.32	8.146662
8.34	8.146878
8.36	8.14749
8.38	8.148378
8.4	8.149011
8.42	8.148333
8.44	8.148393
8.46	8.14867
8.48	8.148997
8.5	8.149699
8.52	8.149849
8.54	8.148691
8.56	8.158512
8.58	8.137045
8.6	8.114312
8.62	8.096222
8.64	8.083819
8.66	8.076166
8.68	8.080627
8.7	8.090399
8.72	8.035473
8.74	8.000401
8.76	7.962463
8.78	7.921694
8.8	7.878131
8.82	7.831813
8.84	7.782785
8.86	7.676802
8.88	7.619957
8.9	7.560627
8.92	7.49888
8.94	7.434792
8.96	7.368444
8.98	7.299925
9	7.229333
9.02	7