0.02	12.17413
0.04	10.22235
0.06	10.0562
0.08	9.977889
0.1	9.983327
0.12	10.23763
0.14	10.47942
0.16	10.79066
0.18	11.16499
0.2	11.54491
0.22	11.53333
0.24	11.66299
0.26	11.71631
0.28	11.72792
0.3	11.74569
0.32	11.76884
0.34	11.79655
0.36	11.82764
0.38	11.86118
0.4	11.89669
0.42	12.04979
0.44	12.43438
0.46	12.64334
0.48	12.85616
0.5	13.07104
0.52	13.28625
0.54	13.50019
0.56	13.71132
0.58	13.91822
0.6	14.25611
0.62	14.23841
0.64	14.25701
0.66	14.2899
0.68	14.33153
0.7	14.38201
0.72	14.44432
0.74	14.60616
0.76	14.64238
0.78	14.64453
0.8	14.6444
0.82	14.64468
0.84	14.64585
0.86	14.64776
0.88	14.64587
0.9	14.63994
0.92	14.63405
0.94	14.62851
0.96	14.62251
0.98	14.61493
1	14.60652
1.02	14.59619
1.04	14.58613
1.06	14.58939
1.08	13.80088
1.1	14.02322
1.12	13.2792
1.14	12.77491
1.16	12.98914
1.18	12.28435
1.2	12.577
1.22	11.95274
1.24	12.24158
1.26	11.63458
1.28	11.91911
1.3	11.6125
1.32	11.05082
1.34	11.32496
1.36	10.79213
1.38	11.06005
1.4	10.56066
1.42	10.82157
1.44	10.6136
1.46	10.196
1.48	10.44033
1.5	10.15552
1.52	10.49751
1.54	10.36323
1.56	10.72439
1.58	10.43694
1.6	10.48803
1.62	10.85152
1.64	10.53721
1.66	10.78704
1.68	10.66495
1.7	10.91286
1.72	10.81247
1.74	11.05951
1.76	11.2122
1.78	11.12237
1.8	11.36774
1.82	11.2809
1.84	11.36244
1.86	11.4281
1.88	11.49059
1.9	11.61837
1.92	11.67771
1.94	11.66882
1.96	11.61904
1.98	11.61377
2	11.47903
2.02	11.45167
2.04	11.53444
2.06	11.48146
2.08	11.34831
2.1	11.42352
2.12	11.28378
2.14	11.36638
2.16	11.22199
2.18	11.23818
2.2	11.23186
2.22	11.20714
2.24	11.18728
2.26	11.17443
2.28	11.14982
2.3	11.13355
2.32	11.07123
2.34	11.05068
2.36	11.04752
2.38	10.86016
2.4	10.99752
2.42	10.79344
2.44	10.94761
2.46	10.73331
2.48	10.89952
2.5	10.67798
2.52	10.78604
2.54	10.78291
2.56	10.71318
2.58	10.70563
2.6	10.63138
2.62	10.61934
2.64	10.54065
2.66	10.52409
2.68	10.44107
2.7	10.08122
2.72	10.36437
2.74	10.11963
2.76	10.3447
2.78	9.979687
2.8	10.22257
2.82	9.841503
2.84	10.10291
2.86	9.710423
2.88	9.776969
2.9	9.888396
2.92	9.675428
2.94	9.780751
2.96	9.565022
2.98	9.663977
3	9.445844
3.02	9.538176
3.04	9.468184
3.06	9.278197
3.08	9.482233
3.1	9.204745
3.12	9.412025
3.14	9.125721
3.16	9.331477
3.18	9.241434
3.2	8.940683
3.22	9.141827
3.24	8.806915
3.26	9.161901
3.28	8.725613
3.3	9.081848
3.32	8.991958
3.34	8.53587
3.36	8.892138
3.38	8.427251
3.4	8.782347
3.42	8.308829
3.44	8.667851
3.46	8.535381
3.48	8.081201
3.5	8.470772
3.52	8.008621
3.54	8.396551
3.56	7.926982
3.58	8.312504
3.6	7.906083
3.62	8.219136
3.64	8.115627
3.66	7.719985
3.68	8.048534
3.7	7.643466
3.72	7.972128
3.74	7.570377
3.76	7.90432
3.78	7.470273
3.8	7.407699
3.82	7.824556
3.84	7.338327
3.86	7.758923
3.88	7.267754
3.9	7.692022
3.92	7.197118
3.94	7.625079
3.96	7.544746
3.98	7.157175
4	7.453532
4.02	7.059074
4.04	7.351267
4.06	6.950292
4.08	7.237823
4.1	6.830734
4.12	7.113116
4.14	7.050862
4.16	6.66497
4.18	7.08717
4.2	6.616388
4.22	7.043597
4.24	6.55282
4.26	6.984138
4.28	6.486604
4.3	6.419647
4.32	6.890367
4.34	6.359538
4.36	6.834787
4.38	6.295284
4.4	6.774822
4.42	6.230684
4.44	6.714488
4.46	6.65463
4.48	6.098419
4.5	6.589084
4.52	6.03447
4.54	6.531091
4.56	5.972645
4.58	5.911645
4.6	6.416995
4.62	5.851582
4.64	6.361302
4.66	5.792245
4.68	6.306094
4.7	5.734004
4.72	6.252495
4.74	5.677214
4.76	6.200046
4.78	6.148817
4.8	5.567461
4.82	6.09888
4.84	5.51467
4.86	6.050317
4.88	5.463393
4.9	6.003208
4.92	5.413728
4.94	5.957638
4.96	5.913696
4.98	5.319645
5	5.871473
5.02	5.275443
5.04	5.831064
5.06	5.233282
5.08	5.792564
5.1	5.193281
5.12	5.155558
5.14	5.721696
5.16	5.120236
5.18	5.689534
5.2	5.087439
5.22	5.659692
5.24	5.057292
5.26	5.632277
5.28	5.607397
5.3	5.005457
5.32	5.585159
5.34	4.984023
5.36	5.565672
5.38	4.965744
5.4	5.549041
5.42	4.950746
5.44	5.535374
5.46	4.939147
5.48	4.931065
5.5	5.517339
5.52	4.92661
5.54	5.513172
5.56	4.925893
5.58	5.512367
5.6	4.92901
5.62	5.515013
5.64	5.521198
5.66	4.94712
5.68	5.531001
5.7	4.962275
5.72	5.544498
5.74	4.98159
5.76	5.561757
5.78	5.005125
5.8	5.58284
5.82	5.034081
5.84	5.612241
5.86	5.06661
5.88	5.103825
5.9	5.674757
5.92	5.144812
5.94	5.708822
5.96	5.189515
5.98	5.749205
6	5.238984
6.02	5.794048
6.04	5.292848
6.06	5.84299
6.08	5.351018
6.1	5.413457
6.12	5.952946
6.14	5.480133
6.16	6.013934
6.18	5.551008
6.2	6.07891
6.22	5.626039
6.24	6.147855
6.26	6.220744
6.28	5.789677
6.3	6.301153
6.32	5.876808
6.34	5.96796
6.36	6.46467
6.38	6.06241
6.4	6.551703
6.42	6.160851
6.44	6.643404
6.46	6.263195
6.48	6.73898
6.5	6.369237
6.52	6.838237
6.54	6.478883
6.56	6.941098
6.58	6.592063
6.6	7.047506
6.62	7.157407
6.64	6.828753
6.66	7.270751
6.68	6.952134
6.7	7.387481
6.72	7.078786
6.74	7.507547
6.76	7.208649
6.78	7.34166
6.8	7.757476
6.82	7.47776
6.84	7.887234
6.86	7.616891
6.88	8.020119
6.9	8.156079
6.92	7.904028
6.94	8.295069
6.96	8.051926
6.98	8.437036
7	8.581935
7.02	8.356128
7.04	8.6643
7.06	8.64502
7.08	8.648339
7.1	8.650091
7.12	8.649108
7.14	8.646495
7.16	8.642554
7.18	8.637361
7.2	8.630989
7.22	8.65326
7.24	8.673901
7.26	8.692966
7.28	8.710476
7.3	8.726451
7.32	8.744507
7.34	8.815606
7.36	8.873777
7.38	8.893514
7.4	8.898261
7.42	8.907179
7.44	8.914602
7.46	8.920571
7.48	8.925132
7.5	8.945724
7.52	9.004063
7.54	9.014558
7.56	9.016467
7.58	9.017627
7.6	9.022522
7.62	9.026529
7.64	9.031538
7.66	9.044371
7.68	8.774354
7.7	8.532583
7.72	8.611293
7.74	8.655564
7.76	8.947442
7.78	9.058023
7.8	8.826677
7.82	9.122568
7.84	8.884
7.86	9.093317
7.88	8.938246
7.9	8.992951
7.92	9.200276
7.94	9.049141
7.96	9.256245
7.98	9.107062
8	9.313568
8.02	9.169644
8.04	9.234831
8.06	9.383193
8.08	9.301661
8.1	9.449958
8.12	9.518396
8.14	9.440381
8.16	9.588523
8.18	9.512288
8.2	9.562186
8.22	9.608994
8.24	9.700191
8.26	9.716537
8.28	9.757781
8.3	9.772105
8.32	9.824408
8.34	9.85357
8.36	9.905048
8.38	9.968787
8.4	9.857231
8.42	9.990681
8.44	9.852693
8.46	10.01769
8.48	9.863999
8.5	10.0504
8.52	10.08643
8.54	10.11128
8.56	10.13782
8.58	10.16498
8.6	10.1925
8.62	10.22033
8.64	10.27983
8.66	10.31187
8.68	10.34535
8.7	10.38021
8.72	10.28073
8.74	10.21254
8.76	10.28943
8.78	10.33557
8.8	10.46112
8.82	10.56681
8.84	10.53445
8.86	10.66011
8.88	10.62662
8.9	10.70305
8.92	10.77722
8.94	10.84902
8.96	10.91831
8.98	11.04896
9	11.10033
9.02	11.14234
9.04	11.18331
9.06	11.22475
9.08	11.10529
9.1	11.16284
9.12	11.19102
9.14	11.22651
9.16	11.34451
9.18	11.23616
9.2	11.37328
9.22	11.25369
9.24	11.40462
9.26	11.45036
9.28	11.48215
9.3	11.54022
9.32	11.56898
9.34	11.5766
9.36	11.59638
9.38	11.60994
9.4	11.62994
9.42	11.65111
9.44	11.65119
9.46	11.61482
9.48	11.64294
9.5	11.60215
9.52	11.62673
9.54	11.58171
9.56	11.60297
9.58	11.5721
9.6	11.31267
9.62	11.27496
9.64	11.235
9.66	11.03455
9.68	11.05935
9.7	11.04349
9.72	11.01597
9.74	10.94503
9.76	11.18141
9.78	11.25657
9.8	11.32773
9.82	11.38588
9.84	11.41837
9.86	11.44459
9.88	11.59483
9.9	11.69694
9.92	11.7462
9.94	11.79679
9.96	11.69608
9.98	11.595
10	11.53753
10.02	11.43725
10.04	11.27766
10.06	11.21567
10.08	11.11758
10.1	11.05434
10.12	10.99675
10.14	10.99788
10.16	10.98438
10.18	10.96213
10.2	10.94778
10.22	10.94347
10.24	10.92832
10.26	10.92449
10.28	10.90844
10.3	10.90511
10.32	11.05362
10.34	11.18716
10.36	11.49512
10.38	11.64793
10.4	11.70407
10.42	11.71853
10.44	11.74268
10.46	11.76399
10.48	11.78467
10.5	11.74171
10.52	11.61466
10.54	11.52694
10.56	11.47925
10.58	11.38784
10.6	11.33605
10.62	11.24124
10.64	11.18569
10.66	11.08783
10.68	10.51629
10.7	10.29405
10.72	10.29418
10.74	10.28767
10.76	10.27979
10.78	10.27158
10.8	10.26326
10.82	10.25498
10.84	10.23835
10.86	10.23003
10.88	10.22164
10.9	10.2133
10.92	10.20489
10.94	10.19651
10.96	10.18807
10.98	10.17968
11	10.17122
11.02	10.1543
11.04	10.14587
11.06	10.13737
11.08	10.12891
11.1	10.12037
11.12	10.11191
11.14	10.10338
11.16	10.09489
11.18	10.07786
11.2	10.06935
11.22	10.06087
11.24	10.0523
11.26	10.04379
11.28	10.0353
11.3	10.02673
11.32	10.00972
11.34	10.00115
11.36	9.992645
11.38	9.984164
11.4	9.975603
11.42	9.967108
11.44	9.95864
11.46	9.950095
11.48	9.941619
11.5	9.924652
11.52	9.916203
11.54	9.90779
11.56	9.899298
11.58	9.890883
11.6	9.882508
11.62	9.874055
11.64	9.857355
11.66	9.848948
11.68	9.84063
11.7	9.832355
11.72	9.824005
11.74	9.815745
11.76	9.807535
11.78	9.79925
11.8	9.791059
11.82	9.77471
11.84	9.766599
11.86	9.758544
11.88	9.750415
11.9	9.742392
11.92	9.734428
11.94	9.726393
11.96	9.710607
11.98	9.702675
12	9.694858
12.02	9.687109
12.04	9.679291
12.06	9.671592
12.08	9.663966
12.1	9.648734
12.12	9.641129
12.14	9.633684
12.16	9.626174
12.18	9.618827
12.2	9.611415
12.22	9.604171
12.24	9.596864
12.26	9.58253
12.28	9.575508
12.3	9.568525
12.32	9.561624
12.34	9.554762
12.36	9.547984
12.38	9.541251
12.4	9.528002
12.42	9.52149
12.44	9.515027
12.46	9.508657
12.48	9.502337
12.5	9.496113
12.52	9.489944
12.54	9.483873
12.56	9.47786
12.58	9.471949
12.6	9.460352
12.62	9.454668
12.64	9.449093
12.66	9.443583
12.68	9.438186
12.7	9.432856
12.72	9.427641
12.74	9.422498
12.76	9.412523
12.78	9.407694
12.8	9.402943
12.82	9.398317
12.84	9.393771
12.86	9.389355
12.88	9.385392
12.9	9.381047
12.92	9.372923
12.94	9.36906
12.96	9.365288
12.98	9.361656
13	9.358119
13.02	9.354725
13.04	9.351427
13.06	9.345227
13.08	9.339534
13.1	9.336892
13.12	9.334357
13.14	9.331981
13.16	9.329715
13.18	9.32761
13.2	9.325618
13.22	9.323792
13.24	9.322082
13.26	9.319119
13.28	9.31787
13.3	9.316745
13.32	9.315795
13.34	9.314972
13.36	9.314329
13.38	9.313816
13.4	9.313487
13.42	9.31328
13.44	9.313408
13.46	9.313725
13.48	9.314183
13.5	9.314836
13.52	9.315631
13.54	9.316624
13.56	9.319105
13.58	9.320597
13.6	9.322292
13.62	9.324143
13.64	9.326201
13.66	9.328417
13.68	9.330845
13.7	9.333432
13.72	9.339201
13.74	9.342386
13.76	9.340885
13.78	9.296383
13.8	9.270931
13.82	9.248446
13.84	9.225772
13.86	9.259032
13.88	9.283246
13.9	9.290897
13.92	9.286928
13.94	9.282875
13.96	9.278976
13.98	9.275094
14	9.271241
14.02	9.267497
14.04	9.259952
14.06	9.255783
14.08	9.25184
14.1	9.248
14.12	9.244441
14.14	9.240615
14.16	9.236448
14.18	9.228707
14.2	9.224933
14.22	9.221372
14.24	9.217747
14.26	9.213537
14.28	9.209697
14.3	9.205887
14.32	9.202172
14.34	9.198693
14.36	9.190963
14.38	9.18718
14.4	9.183431
14.42	9.179778
14.44	9.176366
14.46	9.172875
14.48	9.168756
14.5	9.161346
14.52	9.157755
14.54	9.154403
14.56	9.150971
14.58	9.146915
14.6	9.143253
14.62	9.139626
14.64	9.132795
14.66	9.129421
14.68	9.125427
14.7	9.121823
14.72	9.118254
14.74	9.114777
14.76	9.111533
14.78	9.108213
14.8	9.100732
14.82	9.097218
14.84	9.093795
14.86	9.090602
14.88	9.087335
14.9	9.083458
14.92	9.079965
14.94	9.076504
14.96	9.073133
14.98	9.066772
15	9.062952
15.02	9.059511
15.04	9.056101
15.06	9.052779
15.08	9.049685
15.1	9.046515
15.12	9.042749
15.14	9.039358
15.16	9.032724
15.18	9.029676
15.2	9.026554
15.22	9.02284
15.24	9.019497
15.26	9.016185
15.28	9.012959
15.3	9.009955
15.32	9.006879
15.34	8.999918
15.36	8.996652
15.38	8.993471
15.4	8.99032
15.42	8.987493
15.44	8.984539
15.46	8.980859
15.48	8.977634
15.5	8.971363
15.52	8.94036
15.54	8.952187
15.56	8.952631
15.58	8.950983
15.6	8.949085
15.62	8.94731
15.64	8.944977
15.66	8.938878
15.68	8.935843
15.7	8.932894
15.72	8.929848
15.74	8.926797
15.76	8.9234
15.78	8.92038
15.8	8.91741
15.82	8.911409
15.84	8.907877
15.86	8.904731
15.88	8.901874
15.9	8.899001
15.92	8.895913
15.94	8.892457
15.96	8.889303
15.98	8.886268
16	8.880501
16.02	8.877143
16.04	8.874073
16.06	8.871022
16.08	8.868048
16.1	8.865274
16.12	8.862445
16.14	8.859062
16.16	8.853019
16.18	8.850092
16.2	8.847194
16.22	8.844616
16.24	8.841917
16.26	8.838495
16.28	8.835528
16.3	8.832603
16.32	8.854454
16.34	8.862535
16.36	8.850696
16.38	8.83887
16.4	8.830971
16.42	8.827685
16.44	8.829062
16.46	8.83502
16.48	8.853568
16.5	8.876392
16.52	8.810114
16.54	8.777155
16.56	8.741229
16.58	8.702408
16.6	8.660767
16.62	8.616394
16.64	8.519809
16.66	8.467795
16.68	8.413445
16.7	8.008685
16.72	7.626379
16.74	7.331425
16.76	7.46804
16.78	7.417087
16.8	7.475433
16.82	7.47656
16.84	7.476214
16.86	7.475698
16.88	7.47527
16.9	7.474982
16.92	7.474845
16.94	7.474859
16.96	7.475024
16.98	7.475805
17	7.476419
17.02	7.477182
17.04	7.478093
17.06	7.479152
17.08	7.480356
17.1	7.481707
17.12	7.483203
17.14	7.484845
17.16	7.48856
17.18	7.490633
17.2	7.492849
17.22	7.552028
17.24	7.640367
17.26	7.727574
17.28	7.813434
17.3	7.897743
17.32	8.060971
17.34	8.139549
17.36	8.215899
17.38	8.289877
17.4	8.361348
17.42	8.260583
17.44	8.158753
17.46	8.056145
17.48	7.953067
17.5	7.69913
17.52	7.597518
17.54	7.572279
17.56	7.564368
17.58	7.5658
17.6	7.693141
17.62	7.83238
17.64	7.961477
17.66	8.232138
17.68	8.3741
17.7	8.502398
17.72	8.643778
17.74	8.769958
17.76	8.833913
17.78	8.699201
17.8	8.641213
17.82	8.443506
17.84	8.304838
17.86	8.242265
17.88	8.102817
17.9	8.039196
17.92	7.89995
17.94	7.836274
17.96	7.477666
17.98	7.654462
18	7.709723
18.02	7.71788
18.04	7.725063
18.06	7.732067
18.08	7.73921
18.1	7.746387
18.12	7.753717
18.14	7.768675
18.16	7.776335
18.18	7.784126
18.2	7.791961
18.22	7.799961
18.24	7.808097
18.26	7.816277
18.28	7.824625
18.3	7.841649
18.32	7.850358
18.34	7.85921
18.36	7.868108
18.38	7.877187
18.4	7.886413
18.42	7.895686
18.44	7.905144
18.46	7.924413
18.48	7.934566
18.5	7.944559
18.52	7.954569
18.54	7.964836
18.56	7.985697
18.58	7.99639
18.6	8.007137
18.62	8.018086
18.64	8.040373
18.66	8.05175
18.68	8.063299
18.7	8.074905
18.72	8.086749
18.74	8.098652
18.76	8.122795
18.78	8.13525
18.8	8.147763
18.82	8.160521
18.84	8.173342
18.86	8.186414
18.88	8.19963
18.9	8.213023
18.92	8.240277
18.94	8.254142
18.96	8.268188
18.98	8.282572
19	8.297123
19.02	8.311511
19.04	8.326205
19.06	8.356135
19.08	8.371355
19.1	8.386766
19.12	8.402337
19.14	8.417981
19.16	8.433696
19.18	8.449817
19.2	8.466102
19.22	8.482587
19.24	8.51609
19.26	8.533111
19.28	8.550336
19.3	8.567731
19.32	8.585333
19.34	8.603107
19.36	8.621091
19.38	8.639249
19.4	8.676166
19.42	8.694926
19.44	8.713865
19.46	8.733022
19.48	8.752358
19.5	8.771914
19.52	8.791652
19.54	8.811611
19.56	8.852122
19.58	8.872676
19.6	8.893456
19.62	8.914424
19.64	8.93562
19.66	8.957007
19.68	8.978623
19.7	9.000433
19.72	9.044708
19.74	9.067178
19.76	9.089843
19.78	9.112743
19.8	9.135842
19.82	9.15918
19.84	9.182715
19.86	9.23047
19.88	9.254688
19.9	9.279111
19.92	9.303777
19.94	9.328647
19.96	9.353762
19.98	9.379083
20	9.430428
20.02	9.456452
20.04	9.482686
20.06	9.509171
20.08	9.535865
20.1	9.562811
20.12	9.58997
20.14	9.617381
20.16	9.672887
20.18	9.700981
20.2	9.729332
20.22	9.757898
20.24	9.786723
20.26	9.815763
20.28	9.845064
20.3	9.904361
20.32	9.93436
20.34	9.964619
20.36	9.9951
20.38	10.02584
20.4	10.05681
20.42	10.08804
20.44	10.11949
20.46	10.18314
20.48	10.21535
20.5	10.24778
20.52	10.28047
20.54	10.31339
20.56	10.34658
20.58	10.38002
20.6	10.4137
20.62	10.44764
20.64	10.51625
20.66	10.55093
20.68	10.58586
20.7	10.62104
20.72	10.65647
20.74	10.69215
20.76	10.72808
20.78	10.72669
20.8	10.72386
20.82	10.71957
20.84	10.71381
20.86	10.70659
20.88	10.70325
20.9	10.70297
20.92	10.70292
20.94	10.70305
20.96	10.70381
20.98	10.70443
21	10.70523
21.02	10.70619
21.04	10.70732
21.06	10.70862
21.08	10.70949
21.1	10.70872
21.12	10.7061
21.14	10.70473
21.16	10.70336
21.18	10.70197
21.2	10.70057
21.22	10.69917
21.24	10.69775
21.26	10.69632
21.28	10.69488
21.3	10.69343
21.32	10.69064
21.34	10.68922
21.36	10.68778
21.38	10.68626
21.4	10.68477
21.42	10.68327
21.44	10.68177
21.46	10.68028
21.48	10.67724
21.5	10.67572
21.52	10.67419
21.54	10.67266
21.56	10.6712
21.58	10.66967
21.6	10.66812
21.62	10.66499
21.64	10.66341
21.66	10.66182
21.68	10.66027
21.7	10.65869
21.72	10.6571
21.74	10.65551
21.76	10.65392
21.78	10.65241
21.8	10.64924
21.82	10.64764
21.84	10.64604
21.86	10.64437
21.88	10.64264
21.9	10.64097
21.92	10.6393
21.94	10.63593
21.96	10.63434
21.98	10.63266
22	10.63098
22.02	10.62923
22.04	10.62751
22.06	10.62577
22.08	10.62405
22.1	10.62056
22.12	10.61881
22.14	10.61706
22.16	10.61538
22.18	10.61363
22.2	10.61186
22.22	10.61008
22.24	10.60829
22.26	10.60474
22.28	10.60295
22.3	10.60116
22.32	10.59936
22.34	10.59764
22.36	10.59586
22.38	10.59408
22.4	10.59229
22.42	10.58851
22.44	10.58665
22.46	10.58479
22.48	10.58293
22.5	10.58106
22.52	10.57929
22.54	10.57743
22.56	10.57557
22.58	10.57172
22.6	10.56983
22.62	10.56792
22.64	10.566
22.66	10.56408
22.68	10.56216
22.7	10.56031
22.72	10.55839
22.74	10.55451
22.76	10.55256
22.78	10.55064
22.8	10.5487
22.82	10.54675
22.84	10.54479
22.86	10.54292
22.88	10.541
22.9	10.53907
22.92	10.53502
22.94	10.53302
22.96	10.53101
22.98	10.529
23	10.52699
23.02	10.52507
23.04	10.52305
23.06	10.52102
23.08	10.51694
23.1	10.51492
23.12	10.51288
23.14	10.51084
23.16	10.50881
23.18	10.50687
23.2	10.50487
23.22	10.50084
23.24	10.49875
23.26	10.4966
23.28	10.4945
23.3	10.49242
23.32	10.49041
23.34	10.48837
23.36	10.48628
23.38	10.48413
23.4	10.482
23.42	10.47778
23.44	10.47566
23.46	10.47363
23.48	10.4715
23.5	10.46937
23.52	10.46723
23.54	10.46508
23.56	10.46082
23.58	10.45869
23.6	10.45665
23.62	10.45455
23.64	10.45244
23.66	10.45034
23.68	10.44815
23.7	10.4459
23.72	10.44153
23.74	10.43945
23.76	10.43729
23.78	10.43508
23.8	10.43288
23.82	10.4307
23.84	10.42849
23.86	10.4263
23.88	10.42202
23.9	10.41987
23.92	10.41772
23.94	10.41549
23.96	10.41321
23.98	10.41098
24	10.40875
24.02	10.40441
24.04	10.40214
24.06	10.39767
24.08	10.39542
24.1	10.39317
24.12	10.39099
24.14	10.38875
24.16	10.3865
24.18	10.38423
24.2	10.38202
24.22	10.37978
24.24	10.37536
24.26	10.37316
24.28	10.3709
24.3	10.36857
24.32	10.3663
24.34	10.36402
24.36	10.36173
24.38	10.35955
24.4	10.35498
24.42	10.35269
24.44	10.35042
24.46	10.34814
24.48	10.34587
24.5	10.3437
24.52	10.34147
24.54	10.33925
24.56	10.33457
24.58	10.33226
24.6	10.32995
24.62	10.32777
24.64	10.3255
24.66	10.32315
24.68	10.32084
24.7	10.31855
24.72	10.31393
24.74	10.3117
24.76	10.30941
24.78	10.30711
24.8	10.30479
24.82	10.30253
24.84	10.30025
24.86	10.29577
24.88	10.29354
24.9	10.29123
24.92	10.28886
24.94	10.28656
24.96	10.28425
24.98	10.28193
25	10.27974
25.02	10.27512
25.04	10.27281
25.06	10.27052
25.08	10.26823
25.1	10.26599
25.12	10.2637
25.14	10.26139
25.16	10.25908
25.18	10.25455
25.2	10.25234
25.22	10.25011
25.24	10.24789
25.26	10.24558
25.28	10.2432
25.3	10.24088
25.32	10.23644
25.34	10.23415
25.36	10.23178
25.38	10.22948
25.4	10.22718
25.42	10.225
25.44	10.22273
25.46	10.22039
25.48	10.2158
25.5	10.2135
25.52	10.21131
25.54	10.20902
25.56	10.20672
25.58	10.20442
25.6	10.20216
25.62	10.19768
25.64	10.19541
25.66	10.19313
25.68	10.19089
25.7	10.18863
25.72	10.18636
25.74	10.18422
25.76	10.18198
25.78	10.17741
25.8	10.17513
25.82	10.17287
25.84	10.17068
25.86	10.16843
25.88	10.16617
25.9	10.16396
25.92	10.15947
25.94	10.15736
25.96	10.15515
25.98	10.15286
26	10.15062
26.02	10.14837
26.04	10.14614
26.06	10.14398
26.08	10.13953
26.1	10.13735
26.12	10.13515
26.14	10.13293
26.16	10.13085
26.18	10.12868
26.2	10.12642
26.22	10.12422
26.24	10.11981
26.26	10.11769
26.28	10.11552
26.3	10.11332
26.32	10.11118
26.34	10.10902
26.36	10.10684
26.38	10.10268
26.4	10.10046
26.42	10.09831
26.44	10.09614
26.46	10.09399
26.48	10.09192
26.5	10.08979
26.52	10.08764
26.54	10.08344
26.56	10.08141
26.58	10.07937
26.6	10.07726
26.62	10.07508
26.64	10.07295
26.66	10.07094
26.68	10.06887
26.7	10.06463
26.72	10.06252
26.74	10.07446
26.76	10.0832
26.78	10.05666
26.8	10.04733
26.82	10.05089
26.84	10.04741
26.86	10.0369
26.88	10.03147
26.9	10.02601
26.92	10.02056
26.94	10.01513
26.96	10.0097
26.98	10.0043
27	9.993519
27.02	9.988197
27.04	9.9821
27.06	9.973402
27.08	9.961696
27.1	9.94686
27.12	9.92883
27.14	10.1284
27.16	10.33829
27.18	10.67426
27.2	10.41555
27.22	10.63432
27.24	10.37109
27.26	10.58419
27.28	10.31681
27.3	10.52402
27.32	10.44885
27.34	10.3863
27.36	10.36413
27.38	10.29682
27.4	10.27017
27.42	10.19826
27.44	10.16735
27.46	10.09101
27.48	10.05607
27.5	9.703525
27.52	9.741235
27.54	9.740747
27.56	9.732409
27.58	9.7224
27.6	9.711932
27.62	9.701262
27.64	9.679503
27.66	9.668412
27.68	9.657204
27.7	9.645855
27.72	9.634371
27.74	9.622774
27.76	9.611041
27.78	9.599176
27.8	9.57509
27.82	9.562872
27.84	9.550518
27.86	9.538062
27.88	9.525473
27.9	9.512784
27.92	9.499966
27.94	9.487037
27.96	9.473994
27.98	9.447586
28	9.434224
28.02	9.420754
28.04	9.407185
28.06	9.39351
28.08	9.37974
28.1	9.36587
28.12	9.351907
28.14	9.323698
28.16	9.309456
28.18	9.295129
28.2	9.280712
28.22	9.266215
28.24	9.251632
28.26	9.236972
28.28	9.222229
28.3	9.192524
28.32	9.177564
28.34	9.162531
28.36	9.147434
28.38	9.132268
28.4	9.117043
28.42	9.101754
28.44	9.086411
28.46	9.055556
28.48	9.040049
28.5	9.024497
28.52	9.008895
28.54	8.993255
28.56	8.97757
28.58	8.96185
28.6	8.946091
28.62	8.914482
28.64	8.898639
28.66	8.882766
28.68	8.866876
28.7	8.850964
28.72	8.83504
28.74	8.819098
28.76	8.787196
28.78	8.771241
28.8	8.755281
28.82	8.739329
28.84	8.723378
28.86	8.707442
28.88	8.691515
28.9	8.675609
28.92	8.643854
28.94	8.628013
28.96	8.612207
28.98	8.596431
29	8.580696
29.02	8.564999
29.04	8.549351
29.06	8.518202
29.08	8.502707
29.1	8.48728
29.12	8.471911
29.14	8.456616
29.16	8.44139
29.18	8.426245
29.2	8.396197
29.22	8.381304
29.24	8.366508
29.26	8.351807
29.28	8.337214
29.3	8.322721
29.32	8.308347
29.34	8.294084
29.36	8.279946
29.38	8.252048
29.4	8.238297
29.42	8.224685
29.44	8.211217
29.46	8.1979
29.48	8.184737
29.5	8.171734
29.52	8.146226
29.54	8.133732
29.56	8.121417
29.58	8.109287
29.6	8.097348
29.62	8.085605
29.64	8.074061
29.66	8.062725
29.68	8.040692
29.7	8.030007
29.72	8.019549
29.74	8.009325
29.76	7.99934
29.78	7.989599
29.8	7.980109
29.82	7.970874
29.84	7.9619
29.86	7.944759
29.88	7.936603
29.9	7.928731
29.92	7.92115
29.94	7.913863
29.96	7.906878
29.98	7.9002
30	7.893835
30.02	7.887788
30.04	7.876674
30.06	7.871617
30.08	7.866902
30.1	7.862535
30.12	7.85852
30.14	7.854864
30.16	7.851572
30.18	7.84865
30.2	7.846105
30.22	7.84394
30.24	7.840777
30.26	7.839791
30.28	7.839207
30.3	7.839032
30.32	7.839272
30.34	7.839931
30.36	7.841015
30.38	7.844481
30.4	7.846871
30.42	7.849709
30.44	7.852995
30.46	7.856739
30.48	7.860943
30.5	7.842066
30.52	7.864141
30.54	7.893206
30.56	7.90633
30.58	7.920575
30.6	7.932531
30.62	7.944034
30.64	7.955874
30.66	7.967642
30.68	7.979269
30.7	7.994084
30.72	8.008838
30.74	8.024809
30.76	8.041698
30.78	8.06053
30.8	8.077868
30.82	8.096884
30.84	8.116821
30.86	8.171619
30.88	8.191133
30.9	8.208043
30.92	8.224751
30.94	8.241732
30.96	8.25908
30.98	8.276811
31	8.294924
31.02	8.313416
31.04	8.351525
31.06	8.371134
31.08	8.391109
31.1	8.411444
31.12	8.432136
31.14	8.453181
31.16	8.474577
31.18	8.496319
31.2	8.540824
31.22	8.563581
31.24	8.586669
31.26	8.610084
31.28	8.633821
31.3	8.657879
31.32	8.682252
31.34	8.706938
31.36	8.75723
31.38	8.782829
31.4	8.78262
31.42	8.779463
31.44	8.775113
31.46	8.770622
31.48	8.766203
31.5	8.761719
31.52	8.753084
31.54	8.748388
31.56	8.743932
31.58	8.73991
31.6	8.735601
31.62	8.730921
31.64	8.726561
31.66	8.718478
31.68	8.713899
31.7	8.709654
31.72	8.70588
31.74	8.701801
31.76	8.697341
31.78	8.693213
31.8	8.689546
31.82	8.681241
31.84	8.677226
31.86	8.67366
31.88	8.669805
31.9	8.665585
31.92	8.661679
31.94	8.657949
31.96	8.650422
31.98	8.646706
32	8.643023
32.02	8.639443
32.04	8.636238
32.06	8.632271
32.08	8.628707
32.1	8.625187
32.12	8.618734
32.14	8.614924
32.16	8.61152
32.18	8.608159
32.2	8.604897
32.22	8.602004
32.24	8.598362
32.26	8.59511
32.28	8.5919
32.3	8.586017
32.32	8.582539
32.34	8.57943
32.36	8.576361
32.38	8.57338
32.4	8.57073
32.42	8.567405
32.44	8.564431
32.46	8.55864
32.48	8.556099
32.5	8.552917
32.52	8.55007
32.54	8.547256
32.56	8.54452
32.58	8.539036
32.6	8.536305
32.62	8.533608
32.64	8.530983
32.66	8.52843
32.68	8.525743
32.7	8.523182
32.72	8.520672
32.74	8.518098
32.76	8.515636
32.78	8.511128
32.8	8.50896
32.82	8.506472
32.84	8.503519
32.86	8.501071
32.88	8.498757
32.9	8.496849
32.92	8.494521
32.94	8.489502
32.96	8.487222
32.98	8.485041
33	8.483115
33.02	8.481113
33.04	8.478491
33.06	8.476282
33.08	8.472049
33.1	8.470236
33.12	8.468342
33.14	8.465839
33.16	8.463743
33.18	8.461689
33.2	8.459726
33.22	8.462504
33.24	8.443605
33.26	8.433644
33.28	8.424312
33.3	8.415615
33.32	8.407503
33.34	8.399915
33.36	8.290278
33.38	8.180433
33.4	8.122837
33.42	8.126302
33.44	8.125411
33.46	8.123661
33.48	8.12165
33.5	8.119641
33.52	8.117536
33.54	8.115472
33.56	8.111309
33.58	8.109229
33.6	8.107057
33.62	8.104934
33.64	8.102844
33.66	8.100664
33.68	8.098536
33.7	8.096314
33.72	8.092024
33.74	8.089807
33.76	8.087556
33.78	8.08537
33.8	8.083227
33.82	8.080992
33.84	8.078725
33.86	8.074279
33.88	8.0721
33.9	8.069829
33.92	8.067635
33.94	8.065388
33.96	8.063217
33.98	8.060956
34	8.058776
34.02	8.054397
34.04	8.052157
34.06	8.050005
34.08	8.047804
34.1	8.045691
34.12	8.043489
34.14	8.041379
34.16	8.039222
34.18	8.034986
34.2	8.032871
34.22	8.030748
34.24	8.02873
34.26	8.026667
34.28	8.024597
34.3	8.022637
34.32	8.018625
34.34	8.016733
34.36	8.014798
34.38	8.012862
34.4	8.011046
34.42	8.00919
34.44	8.007335
34.46	8.003837
34.48	8.002071
34.5	8.000438
34.52	7.998767
34.54	7.997103
34.56	7.995575
34.58	7.994012
34.6	7.99246
34.62	7.991047
34.64	7.988171
34.66	7.986886
34.68	7.98557
34.7	7.984271
34.72	7.983123
34.74	7.981946
34.76	7.98079
34.78	7.979789
34.8	7.978764
34.82	7.976921
34.84	7.976058
34.86	7.97522
34.88	7.97455
34.9	7.97386
34.92	7.973199
34.94	7.972712
34.96	7.972207
34.98	7.971442
35	7.971134
35.02	7.970863
35.04	7.970776
35.06	7.970645
35.08	7.970716
35.1	7.970923
35.12	7.971089
35.14	7.97145
35.16	7.971774
35.18	7.972296
35.2	7.972781
35.22	7.974123
35.24	7.974882
35.26	7.975709
35.28	7.976645
35.3	7.977651
35.32	7.978769
35.34	7.97996
35.36	7.981266
35.38	7.982648
35.4	7.985728
35.42	7.987429
35.44	7.98921
35.46	7.991116
35.48	7.993106
35.5	7.995224
35.52	7.997428
35.54	7.999763
35.56	8.004747
35.58	8.007399
35.6	8.010186
35.62	8.013069
35.64	8.016092
35.66	8.019213
35.68	8.022477
35.7	8.025843
35.72	8.032969
35.74	8.036734
35.76	8.040604
35.78	8.044627
35.8	8.04876
35.82	8.053048
35.84	8.057448
35.86	8.066682
35.88	8.071518
35.9	8.076471
35.92	8.08159
35.94	8.086829
35.96	8.092236
35.98	8.097766
36	8.103467
36.02	8.109294
36.04	8.121426
36.06	8.127731
36.08	8.134171
36.1	8.140788
36.12	8.147541
36.14	8.154476
36.16	8.161549
36.18	8.168807
36.2	8.183791
36.22	8.191521
36.24	8.19944
36.26	8.207505
36.28	8.215765
36.3	8.224172
36.32	8.232776
36.34	8.241529
36.36	8.25959
36.38	8.268899
36.4	8.275108
36.42	8.279671
36.44	8.283239
36.46	8.286297
36.48	8.289293
36.5	8.292811
36.52	8.298506
36.54	8.301965
36.56	8.304852
36.58	8.308052
36.6	8.311571
36.62	8.314616
36.64	8.317932
36.66	8.324708
36.68	8.328132
36.7	8.331839
36.72	8.335115
36.74	8.338644
36.76	8.342455
36.78	8.345838
36.8	8.349471
36.82	8.356874
36.84	8.360612
36.86	8.364632
36.88	8.368223
36.9	8.372066
36.92	8.376192
36.94	8.379888
36.96	8.383835
36.98	8.391866
37	8.395918
37.02	8.400256
37.04	8.40416
37.06	8.408317
37.08	8.412761
37.1	8.416768
37.12	8.42103
37.14	8.429692
37.16	8.434059
37.18	8.438715
37.2	8.442932
37.22	8.447404
37.24	8.452166
37.26	8.456487
37.28	8.461065
37.3	8.465933
37.32	8.470359
37.34	8.480015
37.36	8.484546
37.38	8.489332
37.4	8.494411
37.42	8.499047
37.44	8.503939
37.46	8.509124
37.48	8.518861
37.5	8.524152
37.52	8.528996
37.54	8.534098
37.56	8.539494
37.58	8.544442
37.6	8.549649
37.62	8.55515
37.64	8.560203
37.66	8.565514
37.68	8.576277
37.7	8.581692
37.72	8.587402
37.74	8.592663
37.76	8.598182
37.78	8.603997
37.8	8.609362
37.82	8.614985
37.84	8.626372
37.86	8.632098
37.88	8.638123
37.9	8.643693
37.92	8.649523
37.94	8.655651
37.96	8.661325
37.98	8.667257
38	8.679264
38.02	8.6853
38.04	8.691634
38.06	8.697513
38.08	8.70365
38.1	8.710088
38.12	8.716067
38.14	8.722307
38.16	8.734928
38.18	8.74127
38.2	8.747911
38.22	8.754094
38.24	8.760536
38.26	8.767279
38.28	8.773563
38.3	8.780107
38.32	8.793336
38.34	8.799979
38.36	8.806924
38.38	8.813408
38.4	8.820151
38.42	8.827197
38.44	8.833781
38.46	8.847769
38.48	8.854453
38.5	8.861395
38.52	8.868639
38.54	8.875422
38.56	8.882462
38.58	8.889805
38.6	8.896686
38.62	8.911265
38.64	8.918244
38.66	8.92548
38.68	8.933019
38.7	8.940095
38.72	8.947428
38.74	8.955064
38.76	8.962237
38.78	8.969667
38.8	8.984669
38.82	8.992195
38.84	9.000023
38.86	9.007388
38.88	9.01501
38.9	9.022934
38.92	9.030395
38.94	9.038111
38.96	9.053685
38.98	9.061495
39	9.069608
39.02	9.077258
39.04	9.085162
39.06	9.093369
39.08	9.101112
39.1	9.117409
39.12	9.125246
39.14	9.133336
39.16	9.141728
39.18	9.149657
39.2	9.15784
39.22	9.166324
39.24	9.174345
39.26	9.182618
39.28	9.199306
39.3	9.20767
39.32	9.216335
39.34	9.224539
39.36	9.232994
39.38	9.241749
39.4	9.250043
39.42	9.258587
39.44	9.275814
39.46	9.284447
39.48	9.29338
39.5	9.301852
39.52	9.310574
39.54	9.319594
39.56	9.328155
39.58	9.336964
39.6	9.354719
39.62	9.363615
39.64	9.37281
39.66	9.381544
39.68	9.390527
39.7	9.399808
39.72	9.408629
39.74	9.417697
39.76	9.43597
39.78	9.445124
39.8	9.454575
39.82	9.463567
39.84	9.472803
39.86	9.482339
39.88	9.500736
39.9	9.510354
39.92	9.519513
39.94	9.528917
39.96	9.538618
39.98	9.547861
40	9.557348
40.02	9.576457
40.04	9.586024
40.06	9.595888
40.08	9.605295
40.1	9.614944
40.12	9.624889
40.14	9.634377
40.16	9.644107
40.18	9.6637
40.2	9.673509
40.22	9.683613
40.24	9.693262
40.26	9.70315
40.28	9.713332
40.3	9.723061
40.32	9.733027
40.34	9.753093
40.36	9.763138
40.38	9.773474
40.4	9.783359
40.42	9.79348
40.44	9.803893
40.46	9.824052
40.48	9.844579
40.5	9.854851
40.52	9.865416
40.54	9.875529
40.56	9.885878
40.58	9.896517
40.6	9.906705
40.62	9.92784
40.64	9.938103
40.66	9.948599
40.68	9.959384
40.7	9.969721
40.72	9.98029
40.74	9.991147
40.76	10.00156
40.78	10.02313
40.8	10.03361
40.82	10.04432
40.84	10.05532
40.86	10.06588
40.88	10.07666
40.9	10.08773
40.92	10.09836
40.94	10.12035
40.96	10.13105
40.98	10.14197
41	10.15318
41.02	10.16395
41.04	10.17494
41.06	10.18622
41.08	10.19705
41.1	10.21946
41.12	10.23036
41.14	10.24149
41.16	10.25291
41.18	10.26388
41.2	10.27507
41.22	10.28655
41.24	10.29759
41.26	10.3204
41.28	10.33151
41.3	10.34283
41.32	10.35444
41.34	10.36562
41.36	10.37701
41.38	10.38868
41.4	10.39992
41.42	10.42312
41.44	10.43442
41.46	10.44594
41.48	10.45774
41.5	10.46911
41.52	10.48069
41.54	10.49255
41.56	10.50399
41.58	10.51563
41.6	10.53905
41.62	10.55076
41.64	10.56275
41.66	10.5743
41.68	10.58607
41.7	10.59812
41.72	10.60974
41.74	10.63368
41.76	10.64536
41.78	10.65725
41.8	10.66942
41.82	10.68115
41.84	10.69311
41.86	10.70533
41.88	10.71713
41.9	10.74142
41.92	10.75328
41.94	10.76535
41.96	10.77769
41.98	10.78961
42	10.80174
42.02	10.81414
42.04	10.82611
42.06	10.85075
42.08	10.86278
42.1	10.87502
42.12	10.88753
42.14	10.89962
42.16	10.91192
42.18	10.92449
42.2	10.93663
42.22	10.9616
42.24	10.97381
42.26	10.98621
42.28	10.99889
42.3	11.01115
42.32	11.02361
42.34	11.03634
42.36	11.04865
42.38	11.07395
42.4	11.08631
42.42	11.09888
42.44	11.11171
42.46	11.12413
42.48	11.13675
42.5	11.14964
42.52	11.16211
42.54	11.18773
42.56	11.20025
42.58	11.21298
42.6	11.22596
42.62	11.23854
42.64	11.25132
42.66	11.26436
42.68	11.27699
42.7	11.3029
42.72	11.31558
42.74	11.32846
42.76	11.3416
42.78	11.35433
42.8	11.36725
42.82	11.38044
42.84	11.39322
42.86	11.41943
42.88	11.43226
42.9	11.44529
42.92	11.45857
42.94	11.47145
42.96	11.48452
42.98	11.49785
43	11.51078
43.02	11.53727
43.04	11.55025
43.06	11.56341
43.08	11.57684
43.1	11.58986
43.12	11.60307
43.14	11.61654
43.16	11.62961
43.18	11.64287
43.2	11.65639
43.22	11.68281
43.24	11.69637
43.26	11.70953
43.28	11.72288
43.3	11.73648
43.32	11.74969
43.34	11.76308
43.36	11.78998
43.38	11.80342
43.4	11.81136
43.42	11.80831
43.44	11.79012
43.46	11.79578
43.48	11.78129
43.5	11.75927
43.52	11.75734
43.54	11.7628
43.56	11.75698
43.58	11.75932
43.6	11.7537
43.62	11.751
43.64	11.73468
43.66	11.72739
43.68	11.72864
43.7	11.72262
43.72	11.70904
43.74	11.7159
43.76	11.69824
43.78	11.70898
43.8	11.6877
43.82	11.68903
43.84	11.77183
43.86	11.69783
43.88	11.76789
43.9	11.67683
43.92	11.76137
43.94	11.66096
43.96	11.75118
43.98	11.64512
44	11.64311
44.02	11.64575
44.04	11.63484
44.06	11.6349
44.08	11.61999
44.1	11.61739
44.12	11.59842
44.14	11.57273
44.16	11.5136
44.18	11.52924
44.2	11.52342
44.22	11.51336
44.24	11.50245
44.26	11.49141
44.28	11.48044
44.3	11.46948
44.32	11.44777
44.34	11.43699
44.36	11.42626
44.38	11.41566
44.4	11.40508
44.42	11.39455
44.44	11.38417
44.46	11.3635
44.48	11.35335
44.5	11.34245
44.52	11.3316
44.54	11.32065
44.56	11.30989
44.58	11.29914
44.6	11.2773
44.62	11.26631
44.64	11.2551
44.66	11.24391
44.68	11.23269
44.7	11.22149
44.72	11.20994
44.74	11.1985
44.76	11.17529
44.78	11.16351
44.8	11.15181
44.82	11.13989
44.84	11.12805
44.86	11.11599
44.88	11.10403
44.9	11.07973
44.92	11.06748
44.94	11.0552
44.96	11.04284
44.98	11.03044
45	11.01797
45.02	11.00546
45.04	10.99288
45.06	10.98027
45.08	10.95489
45.1	10.94211
45.12	10.92932
45.14	10.91645
45.16	10.90357
45.18	10.89063
45.2	10.87768
45.22	10.85163
45.24	10.83855
45.26	10.82546
45.28	10.81231
45.3	10.79918
45.32	10.78598
45.34	10.75955
45.36	10.74632
45.38	10.73304
45.4	10.71978
45.42	10.70647
45.44	10.69319
45.46	10.67986
45.48	10.66656
45.5	10.63991
45.52	10.62656
45.54	10.61326
45.56	10.59991
45.58	10.58662
45.6	10.57328
45.62	10.56001
45.64	10.54669
45.66	10.52016
45.68	10.50695
45.7	10.4937
45.72	10.48053
45.74	10.46734
45.76	10.45422
45.78	10.44108
45.8	10.41496
45.82	10.40199
45.84	10.38899
45.86	10.3761
45.88	10.3632
45.9	10.3504
45.92	10.32489
45.94	10.31219
45.96	10.29961
45.98	10.28703
46	10.27457
46.02	10.26211
46.04	10.24979
46.06	10.23748
46.08	10.21313
46.1	10.20111
46.12	10.18911
46.14	10.17726
46.16	10.16543
46.18	10.15376
46.2	10.14211
46.22	10.13062
46.24	10.10789
46.26	10.09664
46.28	10.08558
46.3	10.07454
46.32	10.0637
46.34	10.0529
46.36	10.0423
46.38	10.31054
46.4	10.0119
46.42	9.998277
46.44	9.97489
46.46	9.949983
46.48	9.926445
46.5	9.904045
46.52	9.881999
46.54	9.860316
46.56	9.818071
46.58	9.797523
46.6	9.777364
46.62	9.757603
46.64	9.738246
46.66	9.719298
46.68	9.700768
46.7	9.682661
46.72	9.647741
46.74	9.630943
46.76	9.614595
46.78	9.598703
46.8	9.895498
46.82	9.690632
46.84	9.97465
46.86	9.766005
46.88	9.756807
46.9	9.960253
46.92	9.743746
46.94	9.947529
46.96	9.638741
46.98	9.894073
47	9.551782
47.02	9.813455
47.04	9.46309
47.06	9.376329
47.08	9.645132
47.1	9.290293
47.12	9.561537
47.14	9.205269
47.16	9.478992
47.18	9.121404
47.2	9.038817
47.22	9.317616
47.24	8.957631
47.26	9.239019
47.28	8.877966
47.3	9.161975
47.32	8.799949
47.34	9.086605
47.36	9.013036
47.38	8.649388
47.4	8.941397
47.42	8.577119
47.44	8.871823
47.46	8.507047
47.48	8.804452
47.5	8.439321
47.52	8.739424
47.54	8.676882
47.56	8.311508
47.58	8.616975
47.6	8.251735
47.62	8.559848
47.64	8.505657
47.66	8.141252
47.68	8.454552
47.7	8.090868
47.72	8.406688
47.74	8.04394
47.76	8.000635
47.78	8.321301
47.8	7.961115
47.82	8.284085
47.84	7.925545
47.86	8.250729
47.88	7.894085
47.9	7.866893
47.92	8.196184
47.94	7.844124
47.96	8.175289
47.98	7.825926
48	8.158834
48.02	7.812443
48.04	7.803814
48.06	8.139771
48.08	7.800167
48.1	8.137416
48.12	7.801623
48.14	8.139997
48.16	7.808295
48.18	7.820285
48.2	8.160389
48.22	7.837684
48.24	8.178383
48.26	7.860573
48.28	8.201683
48.3	7.889021
48.32	8.230356
48.34	8.264459
48.36	7.962811
48.38	8.304036
48.4	8.00823
48.42	8.349125
48.44	8.059364
48.46	8.399747
48.48	8.116223
48.5	8.178803
48.52	8.517638
48.54	8.247092
48.56	8.584902
48.58	8.321065
48.6	8.657693
48.62	8.400687
48.64	8.679777
48.66	8.595761
48.68	8.571609
48.7	8.54579
48.72	8.518355
48.74	8.489365
48.76	8.458879
48.78	8.3937
48.8	8.397213
48.82	8.321515
48.84	8.488965
48.86	8.271302
48.88	8.455152
48.9	8.202442
48.92	8.398465
48.94	8.38379
48.96	8.371024
48.98	8.358952
49	8.346992
49.02	8.335074
49.04	8.323254
49.06	8.300144
49.08	8.288989
49.1	8.115075
49.12	7.97827
49.14	7.965875
49.16	8.091656
49.18	8.108574
49.2	7.979346
49.22	8.107623
49.24	7.975196
49.26	8.104451
49.28	8.165734
49.3	8.18394
49.32	8.169496
49.34	8.154832
49.36	8.141065
49.38	8.128371
49.4	8.116744
49.42	8.106137
49.44	7.879031
49.46	7.670389
49.48	7.507364
49.5	7.567985
49.52	7.579536
49.54	7.75375
49.56	7.804613
49.58	7.652027
49.6	7.828843
49.62	7.872629
49.64	7.914708
49.66	7.95572
49.68	7.994249
49.7	8.058509
49.72	8.060394
49.74	8.058837
49.76	8.055836
49.78	8.053836
49.8	7.744312
49.82	7.488442
49.84	7.671916
49.86	7.965139
49.88	7.732019
49.9	8.027233
49.92	7.769333
49.94	8.061267
49.96	7.797436
49.98	7.826566
50	8.054947
50.02	7.857837
50.04	8.086288
50.06	7.891475
50.08	8.102995
50.1	7.904326
50.12	8.112107
50.14	7.913558
50.16	7.935438
50.18	8.090757
50.2	7.96012
50.22	8.116085
50.24	7.987697
50.26	8.144257
50.28	8.018186
50.3	8.051583
50.32	8.074737
50.34	8.096327
50.36	8.116353
50.38	8.134823
50.4	8.151746
50.42	8.146952
50.44	8.160901
50.46	8.205681
50.48	8.215934
50.5	8.321623
50.52	8.240774
50.54	8.336164
50.56	8.260398
50.58	8.359195
50.6	8.383888
50.62	8.312021
50.64	8.409455
50.66	8.338795
50.68	8.398235
50.7	8.456425
50.72	8.478822
50.74	8.489083
50.76	8.505997
50.78	8.515056
50.8	8.524697
50.82	8.534909
50.84	8.546095
50.86	8.364323
50.88	8.220471
50.9	8.331158
50.92	8.426674
50.94	8.62938
50.96	8.481627
50.98	8.672768
51	8.523358
51.02	8.711303
51.04	8.661043
51.06	8.695352
51.08	8.672853
51.1	8.761683
51.12	8.741705
51.14	8.831135
51.16	8.813423
51.18	8.903409
51.2	8.887885
51.22	9.020558
51.24	9.08504
51.26	9.108524
51.28	9.123703
51.3	9.137679
51.32	9.151851
51.34	9.16648
51.36	9.181605
51.38	8.987711
51.4	8.943317
51.42	9.176702
51.44	8.995363
51.46	9.01775
51.48	9.256784
51.5	9.047755
51.52	9.298732
51.54	9.084676
51.56	9.149015
51.58	9.211501
51.6	9.330602
51.62	9.387068
51.64	9.441395
51.66	9.493521
51.68	9.543393
51.7	9.590963
51.72	9.636185
51.74	9.621113
51.76	9.839422
51.78	9.741004
51.8	9.962064
51.82	9.818727
51.84	10.02216
51.86	9.870109
51.88	10.07568
51.9	9.982698
51.92	10.043
51.94	10.10389
51.96	10.16509
51.98	10.22654
52	10.28818
52.02	10.34999
52.04	10.47397
52.06	10.53607
52.08	10.55825
52.1	10.66804
52.12	10.64587
52.14	10.75583
52.16	10.72543
52.18	10.83527
52.2	10.80394
52.22	10.88277
52.24	10.99221
52.26	11.03681
52.28	11.07756
52.3	11.11859
52.32	11.15945
52.34	11.19865
52.36	11.23619
52.38	11.30635
52.4	11.339
52.42	11.38948
52.44	11.42179
52.46	11.46261
52.48	11.50532
52.5	11.56102
52.52	11.57496
52.54	11.62785
52.56	11.69366
52.58	11.70069
52.6	11.75977
52.62	11.76461
52.64	11.80563
52.66	11.819
52.68	11.85682
52.7	11.8675
52.72	11.83873
52.74	11.84432
52.76	11.82434
52.78	11.83229
52.8	11.84185
52.82	11.86622
52.84	11.83493
52.86	11.82165
52.88	11.83432
52.9	11.81192
52.92	11.82264
52.94	11.8054
52.96	11.81381
52.98	11.8099
53	11.81767
53.02	11.81753
53.04	11.82391
53.06	11.82415
53.08	11.84043
53.1	11.83762
53.12	11.86362
53.14	11.85763
53.16	11.62701
53.18	11.51125
53.2	11.39318
53.22	11.27762
53.24	11.16028
53.26	11.04588
53.28	10.93029
53.3	10.81813
53.32	10.75288
53.34	10.74092
53.36	10.72689
53.38	10.7108
53.4	10.69263
53.42	10.6724
53.44	10.65626
53.46	10.62588
53.48	10.61044
53.5	10.59478
53.52	10.57885
53.54	10.56265
53.56	10.54623
53.58	10.52953
53.6	10.51257
53.62	10.49538
53.64	10.47791
53.66	10.44223
53.68	10.42401
53.7	10.40552
53.72	10.38681
53.74	10.36782
53.76	10.34857
53.78	10.32911
53.8	10.2894
53.82	10.26915
53.84	10.24868
53.86	10.22793
53.88	10.20697
53.9	10.18573
53.92	10.16425
53.94	10.14251
53.96	10.09831
53.98	10.07584
54	10.05313
54.02	10.03018
54.04	10.00698
54.06	9.983539
54.08	9.959854
54.1	9.935935
54.12	9.887372
54.14	9.86273
54.16	9.837856
54.18	9.81274
54.2	9.787394
54.22	9.761806
54.24	9.709934
54.26	9.683653
54.28	9.657132
54.3	9.630388
54.32	9.603408
54.34	9.576204
54.36	9.548767
54.38	9.52111
54.4	9.493219
54.42	9.436771
54.44	9.408216
54.46	9.379433
54.48	9.350435
54.5	9.321212
54.52	9.291778
54.54	9.262119
54.56	9.232253
54.58	9.17187
54.6	9.141356
54.62	9.110641
54.64	9.079708
54.66	9.048574
54.68	9.017228
54.7	8.985685
54.72	8.953931
54.74	8.889827
54.76	8.85748
54.78	8.824929
54.8	8.792192
54.82	8.759253
54.84	8.72613
54.86	8.692811
54.88	8.659311
54.9	8.591749
54.92	8.557691
54.94	8.52346
54.96	8.489045
54.98	8.454462
55	8.419698
55.02	8.38477
55.04	8.314405
55.06	8.278973
55.08	8.243386
55.1	8.207633
55.12	8.171732
55.14	8.135671
55.16	8.099466
55.18	8.063107
55.2	8.026611
55.22	7.989965
55.24	7.916261
55.26	7.879209
55.28	7.842028
55.3	7.804722
55.32	7.767294
55.34	7.729748
55.36	7.692087
55.38	7.616437
55.4	7.578456
55.42	7.540376
55.44	7.502203
55.46	7.463938
55.48	7.425588
55.5	7.387156
55.52	7.348649
55.54	7.310071
55.56	7.232718
55.58	7.193955
55.6	7.155141
55.62	7.116282
55.64	7.077384
55.66	7.038451
55.68	6.999491
55.7	6.96051
55.72	6.921514
55.74	6.882509
55.76	6.804501
55.78	6.765511
55.8	6.726541
55.82	6.687598
55.84	6.64869
55.86	6.609825
55.88	6.571011
55.9	6.532255
55.92	6.454958
55.94	6.416433
55.96	6.378004
55.98	6.339679
56	6.30147
56.02	6.263385
56.04	6.225436
56.06	6.187633
56.08	6.112511
56.1	6.287417
56.12	6.452517
56.14	6.63537
56.16	6.58952
56.18	6.540518
56.2	6.488338
56.22	6.432959
56.24	6.37436
56.26	6.247427
56.28	6.179059
56.3	6.107404
56.32	6.03245
56.34	5.954186
56.36	5.872602
56.38	5.787692
56.4	5.607869
56.42	5.512952
56.44	5.414697
56.46	5.391117
56.48	5.260713
56.5	5.212688
56.52	5.176451
56.54	5.19824
56.56	5.134032
56.58	5.093674
56.6	5.052254
56.62	5.010399
56.64	4.968513
56.66	4.955642
56.68	4.924415
56.7	4.919852
56.72	4.954042
56.74	4.98811
56.76	5.005929
56.78	5.012027
56.8	5.024574
56.82	5.025292
56.84	5.032319
56.86	5.027492
56.88	5.028788
56.9	4.827816
56.92	4.766705
56.94	4.786712
56.96	4.79105
56.98	4.789229
57	4.786744
57.02	4.784681
57.04	4.783248
57.06	4.782473
57.08	4.782864
57.1	4.784002
57.12	4.785747
57.14	4.788084
57.16	4.790997
57.18	4.79447
57.2	4.799921
57.22	4.803226
57.24	4.813449
57.26	4.819417
57.28	4.826376
57.3	4.832827
57.32	4.840047
57.34	4.847747
57.36	4.85586
57.38	4.864359
57.4	4.882449
57.42	4.89201
57.44	4.901896
57.46	4.91209
57.48	4.922583
57.5	4.933357
57.52	4.9444
57.54	4.955702
57.56	4.979015
57.58	4.991
57.6	5.003191
57.62	5.015569
57.64	5.02813
57.66	5.040853
57.68	5.053733
57.7	5.066754
57.72	5.093182
57.74	5.106567
57.76	5.120048
57.78	5.133621
57.8	5.147269
57.82	5.160988
57.84	5.174762
57.86	5.188589
57.88	5.216348
57.9	5.230262
57.92	5.244192
57.94	5.258122
57.96	5.272053
57.98	5.285967
58	5.299864
58.02	5.327564
58.04	5.341351
58.06	5.355092
58.08	5.368772
58.1	5.382391
58.12	5.395937
58.14	5.40941
58.16	5.422795
58.18	5.449296
58.2	5.462399
58.22	5.475391
58.24	5.488276
58.26	5.501038
58.28	5.513682
58.3	5.526194
58.32	5.538577
58.34	5.562922
58.36	5.574874
58.38	5.586679
58.4	5.598326
58.42	5.609829
58.44	5.621153
58.46	5.632325
58.48	5.643311
58.5	5.66477
58.52	5.675236
58.54	5.685507
58.56	5.695585
58.58	5.705487
58.6	5.715185
58.62	5.724681
58.64	5.733993
58.66	5.751979
58.68	5.760675
58.7	5.769152
58.72	6.007811
58.74	5.783981
58.76	6.021639
58.78	6.034948
58.8	5.811708
58.82	6.119968
58.84	6.432625
58.86	6.740159
58.88	6.732194
58.9	6.720717
58.92	6.705739
58.94	6.687277
58.96	6.639963
58.98	6.611149
59	6.578927
59.02	6.543319
59.04	6.504353
59.06	6.462057
59.08	6.416462
59.1	6.367604
59.12	5.974381
59.14	5.848802
59.16	5.84088
59.18	5.854393
59.2	5.870078
59.22	5.875366
59.24	5.878411
59.26	5.882925
59.28	5.884816
59.3	5.8865
59.32	5.887954
59.34	5.889187
59.36	5.890222
59.38	5.891052
59.4	5.892051
59.42	5.892218
59.44	5.892186
59.46	5.891952
59.48	5.891488
59.5	5.890825
59.52	5.889931
59.54	5.88884
59.56	5.886029
59.58	5.884295
59.6	5.882365
59.62	5.880239
59.64	5.877886
59.66	5.875321
59.68	5.991368
59.7	6.105409
59.72	6.033295
59.74	5.992024
59.76	5.947313
59.78	5.899193
59.8	5.847693
59.82	5.792853
59.84	5.756855
59.86	5.756213
59.88	5.732849
59.9	5.740463
59.92	5.749024
59.94	5.757748
59.96	5.766467
59.98	5.775141
60	5.783751
60.02	5.791678
60.04	5.784661
60.06	5.954284
60.08	6.11316
60.1	6.282226
60.12	6.436625
60.14	6.603856
60.16	6.57361
60.18	6.681503
60.2	6.64044
60.22	6.595834
60.24	6.008317
60.26	5.462992
60.28	5.641675
60.3	5.671507
60.32	5.671028
60.34	5.664371
60.36	5.647953
60.38	5.639393
60.4	5.630685
60.42	5.621847
60.44	5.612907
60.46	5.603834
60.48	5.594667
60.5	5.585373
60.52	5.575993
60.54	5.556901
60.56	5.547212
60.58	5.537438
60.6	5.527575
60.62	5.517638
60.64	5.50762
60.66	5.497536
60.68	5.487381
60.7	5.466897
60.72	5.456576
60.74	5.446206
60.76	5.435798
60.78	5.42535
60.8	5.414876
60.82	5.404372
60.84	5.383318
60.86	5.372779
60.88	5.362235
60.9	5.351698
60.92	5.34117
60.94	5.330663
60.96	5.320176
60.98	5.309724
61	5.288934
61.02	5.278611
61.04	5.268351
61.06	5.258152
61.08	5.248032
61.1	5.237988
61.12	5.228037
61.14	5.218179
61.16	5.208429
61.18	5.189272
61.2	5.179881
61.22	5.170632
61.24	5.161525
61.26	5.152577
61.28	5.143789
61.3	5.135179
61.32	5.118509
61.34	5.110468
61.36	5.102643
61.38	5.095032
61.4	5.087655
61.42	5.080512
61.44	5.073623
61.46	5.066989
61.48	5.054543
61.5	5.04875
61.52	5.043254
61.54	5.038072
61.56	5.033206
61.58	5.028676
61.6	5.024482
61.62	5.017162
61.64	5.014057
61.66	5.011337
61.68	5.009011
61.7	5.007091
61.72	5.005587
61.74	5.00451
61.76	5.00387
61.78	5.003947
61.8	5.004684
61.82	5.005902
61.84	5.007609
61.86	5.009817
61.88	5.012537
61.9	5.015776
61.92	5.02386
61.94	5.028722
61.96	5.034146
61.98	5.040139
62	5.046711
62.02	5.053873
62.04	5.061631
62.06	5.069995
62.08	5.088577
62.1	5.098811
62.12	5.109684
62.14	5.121204
62.16	5.133378
62.18	5.146214
62.2	5.159719
62.22	5.1739
62.24	5.204312
62.26	5.220556
62.28	5.2375
62.3	5.255148
62.32	5.273508
62.34	5.178042
62.36	5.712022
62.38	5.83105
62.4	5.358175
62.42	5.888076
62.44	5.93507
62.46	5.460123
62.48	5.982414
62.5	5.51402
62.52	6.03219
62.54	5.570943
62.56	6.08483
62.58	6.140429
62.6	5.694139
62.62	6.199018
62.64	5.760431
62.66	6.260611
62.68	5.829846
62.7	6.325211
62.72	5.902377
62.74	6.392823
62.76	6.463444
62.78	6.056725
62.8	6.537071
62.82	6.138506
62.84	6.613695
62.86	6.223333
62.88	6.693306
62.9	6.775892
62.92	6.402019
62.94	6.861436
62.96	6.495825
62.98	6.949922
63	6.592568
63.02	7.04133
63.04	6.692217
63.06	6.79474
63.08	7.232824
63.1	6.900104
63.12	7.332864
63.14	7.008275
63.16	7.435731
63.18	7.11922
63.2	7.232905
63.22	7.649843
63.24	7.349294
63.26	7.761031
63.28	7.468354
63.3	7.874936
63.32	7.590049
63.34	7.991528
63.36	8.110779
63.38	7.841211
63.4	8.232658
63.42	7.97061
63.44	8.357137
63.46	8.102509
63.48	8.430429
63.5	8.399588
63.52	8.406331
63.54	8.407235
63.56	8.40657
63.58	8.404401
63.6	8.400793
63.62	8.395821
63.64	8.38956
63.66	8.382093
63.68	8.363903
63.7	8.391692
63.72	8.432757
63.74	8.460701
63.76	8.486384
63.78	8.511887
63.8	8.537722
63.82	8.563894
63.84	8.61748
63.86	8.644899
63.88	8.672684
63.9	8.700915
63.92	8.729514
63.94	8.758564
63.96	8.787983
63.98	8.82992
64	8.840022
64.02	8.84965
64.04	8.858854
64.06	8.867747
64.08	8.876892
64.1	8.885881
64.12	8.90417
64.14	8.913286
64.16	8.922391
64.18	8.931825
64.2	8.941065
64.22	8.950287
64.24	8.959847
64.26	8.969212
64.28	8.988235
64.3	8.997718
64.32	9.007178
64.34	9.01698
64.36	9.026583
64.38	9.036161
64.4	9.046081
64.42	9.055799
64.44	9.07553
64.46	9.085365
64.48	9.095178
64.5	9.105326
64.52	9.115275
64.54	9.125203
64.56	9.135465
64.58	9.145528
64.6	9.155569
64.62	9.176118
64.64	9.186272
64.66	9.196755
64.68	9.207042
64.7	9.217307
64.72	9.2279
64.74	9.238297
64.76	9.248672
64.78	9.269877
64.8	9.280362
64.82	9.29117
64.84	9.301783
64.86	9.312375
64.88	9.323289
64.9	9.334008
64.92	9.344707
64.94	9.36655
64.96	9.377357
64.98	9.388478
65	9.399407
65.02	9.410317
65.04	9.421543
65.06	9.432574
65.08	9.454915
65.1	9.466048
65.12	9.477164
65.14	9.488592
65.16	9.499826
65.18	9.511045
65.2	9.522572
65.22	9.545224
65.24	9.556849
65.26	9.568283
65.28	9.5797
65.3	9.591423
65.32	9.602955
65.34	9.61447
65.36	9.62629
65.38	9.637918
65.4	9.649531
65.42	9.673171
65.44	9.68488
65.46	9.69689
65.48	9.708709
65.5	9.720513
65.52	9.732616
65.54	9.744529
65.56	9.756428
65.58	9.780629
65.6	9.792622
65.62	9.804908
65.64	9.817006
65.66	9.82909
65.68	9.841468
65.7	9.853657
65.72	9.865832
65.74	9.890579
65.76	9.902845
65.78	9.915401
65.8	9.92777
65.82	9.940125
65.84	9.952768
65.86	9.965225
65.88	9.977669
65.9	10.00294
65.92	10.01547
65.94	10.02829
65.96	10.04092
65.98	10.05354
66	10.06644
66.02	10.07915
66.04	10.10485
66.06	10.11764
66.08	10.13043
66.1	10.1435
66.12	10.15638
66.14	10.16926
66.16	10.18241
66.18	10.19537
66.2	10.22156
66.22	10.23461
66.24	10.24765
66.26	10.26082
66.28	10.27372
66.3	10.28675
66.32	10.29976
66.34	10.31276
66.36	10.33934
66.38	10.35259
66.4	10.36584
66.42	10.37907
66.44	10.39203
66.46	10.40499
66.48	10.41824
66.5	10.4315
66.52	10.45851
66.54	10.47198
66.56	10.48545
66.58	10.49902
66.6	10.51231
66.62	10.52578
66.64	10.53952
66.66	10.56673
66.68	10.58059
66.7	10.59428
66.72	10.60795
66.74	10.62189
66.76	10.63566
66.78	10.64942
66.8	10.678
66.82	10.69172
66.84	10.70574
66.86	10.71955
66.88	10.73335
66.9	10.74742
66.92	10.7613
66.94	10.78929
66.96	10.80324
66.98	10.81718
67	10.83138
67.02	10.84539
67.04	10.85941
67.06	10.87367
67.08	10.88776
67.1	10.90185
67.12	10.93035
67.14	10.94451
67.16	10.95892
67.18	10.97315
67.2	10.98738
67.22	11.00186
67.24	11.01616
67.26	11.03046
67.28	11.05938
67.3	11.07375
67.32	11.08837
67.34	11.10281
67.36	11.11725
67.38	11.13194
67.4	11.14645
67.42	11.17571
67.44	11.19028
67.46	11.20486
67.48	11.21968
67.5	11.23432
67.52	11.24896
67.54	11.26385
67.56	11.27856
67.58	11.30822
67.6	11.32299
67.62	11.33776
67.64	11.35278
67.66	11.36761
67.68	11.38245
67.7	11.39753
67.72	11.42733
67.74	11.44247
67.76	11.45743
67.78	11.4724
67.8	11.4876
67.82	11.50262
67.84	11.51765
67.86	11.56308
67.88	11.57841
67.9	11.59355
67.92	11.6087
67.94	11.62408
67.96	11.63929
67.98	11.65449
68	11.6852
68.02	11.70047
68.04	11.71597
68.06	11.73129
68.08	11.74661
68.1	11.76217
68.12	11.77755
68.14	11.79293
68.16	11.82398
68.18	11.83942
68.2	11.85509
68.22	11.87058
68.24	11.88608
68.26	11.88156
68.28	11.87467
68.3	11.88097
68.32	11.87302
68.34	11.87093
68.36	11.86902
68.38	11.86601
68.4	11.86154
68.42	11.85559
68.44	11.8482
68.46	11.82465
68.48	11.84072
68.5	11.85454
68.52	11.86722
68.54	11.87617
68.56	11.87788
68.58	11.87719
68.6	11.87269
68.62	11.86835
68.64	11.86255
68.66	11.85408
68.68	11.84728
68.7	11.87693
68.72	11.86527
68.74	11.8605
68.76	11.86696
68.78	11.85538
68.8	11.84113
68.82	11.82645
68.84	11.81182
68.86	11.79731
68.88	11.78294
68.9	11.77269
68.92	11.79229
68.94	11.7957
68.96	11.7854
68.98	11.77244
69	11.759
69.02	11.74555
69.04	11.7322
69.06	11.71893
69.08	11.70575
69.1	11.67974
69.12	11.66687
69.14	11.65414
69.16	11.64149
69.18	11.62893
69.2	11.61652
69.22	11.60419
69.24	11.57985
69.26	11.56784
69.28	11.55592
69.3	11.54416
69.32	11.53247
69.34	11.52088
69.36	11.50945
69.38	11.4981
69.4	11.48685
69.42	11.46474
69.44	11.45382
69.46	11.44308
69.48	11.43241
69.5	11.42184
69.52	11.41144
69.54	11.40113
69.56	11.38088
69.58	11.37092
69.6	11.36107
69.62	11.3514
69.64	11.34181
69.66	11.33233
69.68	11.32303
69.7	11.31382
69.72	11.2958
69.74	11.28769
69.76	11.2804
69.78	11.2739
69.8	11.26741
69.82	11.26087
69.84	11.25439
69.86	11.24803
69.88	11.24167
69.9	11.22835
69.92	11.22192
69.94	11.21565
69.96	11.20938
69.98	11.20262
70	11.19613
70.02	11.18977
70.04	11.18358
70.06	11.17068
70.08	11.16425
70.1	11.15796
70.12	11.15183
70.14	11.14569
70.16	11.13906
70.18	11.13271
70.2	11.12648
70.22	11.12041
70.24	11.11434
70.26	11.10149
70.28	11.09532
70.3	11.08922
70.32	11.08339
70.34	11.07749
70.36	11.07095
70.38	11.06478
70.4	11.05279
70.42	11.04712
70.44	11.04138
70.46	11.03496
70.48	11.02892
70.5	11.02304
70.52	11.01722
70.54	11.0117
70.56	11.00609
70.58	10.99392
70.6	10.98817
70.62	10.98248
70.64	10.97708
70.66	10.97161
70.68	10.96547
70.7	10.9597
70.72	10.95408
70.74	10.94323
70.76	10.93787
70.78	10.93187
70.8	10.92622
70.82	10.92072
70.84	10.91529
70.86	10.91009
70.88	10.90481
70.9	10.89346
70.92	10.88802
70.94	10.88269
70.96	10.87757
70.98	10.8724
71	10.86666
71.02	10.86129
71.04	10.85595
71.06	10.84569
71.08	10.8406
71.1	10.83498
71.12	10.8297
71.14	10.82446
71.16	10.81931
71.18	10.81437
71.2	10.80937
71.22	10.79865
71.24	10.79349
71.26	10.78843
71.28	10.78357
71.3	10.77864
71.32	10.77321
71.34	10.7681
71.36	10.76302
71.38	10.75325
71.4	10.7484
71.42	10.74305
71.44	10.73802
71.46	10.73301
71.48	10.7281
71.5	10.72338
71.52	10.7186
71.54	10.70837
71.56	10.70343
71.58	10.6986
71.6	10.72441
71.62	10.74323
71.64	10.75987
71.66	10.77522
71.68	10.7894
71.7	10.7768
71.72	10.77315
71.74	10.76918
71.76	10.75408
71.78	10.73831
71.8	10.72391
71.82	10.71124
71.84	10.69122
71.86	10.68378
71.88	10.67801
71.9	10.67386
71.92	10.47033
71.94	10.27154
71.96	10.07857
71.98	9.758547
72	9.801085
72.02	9.776218
72.04	9.732404
72.06	9.679688
72.08	9.620211
72.1	9.687068
72.12	9.753275
72.14	9.882936
72.16	9.94601
72.18	10.00768
72.2	10.06777
72.22	10.12613
72.24	10.1826
72.26	10.23704
72.28	10.27869
72.3	10.35738
72.32	10.39427
72.34	10.4294
72.36	10.44763
72.38	10.44976
72.4	10.44888
72.42	10.4476
72.44	10.44645
72.46	9.883085
72.48	9.59705
72.5	9.560304
72.52	9.567985
72.54	9.532802
72.56	9.561545
72.58	9.818865
72.6	9.88378
72.62	9.89608
72.64	9.906499
72.66	9.915012
72.68	9.921602
72.7	9.926254
72.72	9.928957
72.74	9.928491
72.76	9.925317
72.78	9.920187
72.8	9.75351
72.82	9.744174
72.84	9.934706
72.86	9.753527
72.88	9.757283
72.9	9.95084
72.92	9.754735
72.94	9.943488
72.96	9.746944
72.98	9.760145
73	9.772222
73.02	9.791464
73.04	9.798077
73.06	9.805111
73.08	9.808676
73.1	9.813258
73.12	9.844938
73.14	9.85823
73.16	9.880774
73.18	9.89005
73.2	9.898015
73.22	9.912191
73.24	9.926324
73.26	9.940703
73.28	9.955407
73.3	9.985891
73.32	10.01776
73.34	10.03421
73.36	10.05101
73.38	10.06819
73.4	10.08569
73.42	10.10354
73.44	10.12177
73.46	10.14032
73.48	10.15923
73.5	10.19813
73.52	10.21809
73.54	10.23844
73.56	10.25911
73.58	10.28017
73.6	10.30155
73.62	10.32332
73.64	10.34541
73.66	10.39067
73.68	10.41384
73.7	10.43736
73.72	10.46124
73.74	10.48548
73.76	10.51008
73.78	10.53503
73.8	10.56035
73.82	10.61207
73.84	10.63846
73.86	10.66522
73.88	10.69234
73.9	10.71983
73.92	10.74767
73.94	10.77588
73.96	10.83339
73.98	10.86269
74	10.89235
74.02	10.92238
74.04	10.95278
74.06	10.98354
74.08	11.01467
74.1	11.04616
74.12	11.05261
74.14	11.06014
74.16	11.06336
74.18	11.06661
74.2	11.06985
74.22	11.07315
74.24	11.07652
74.26	11.07994
74.28	11.12807
74.3	11.17993
74.32	11.23325
74.34	11.28686
74.36	11.36698
74.38	11.38186
74.4	11.39488
74.42	11.40785
74.44	11.42098
74.46	11.43417
74.48	11.4473
74.5	11.46021
74.52	11.47944
74.54	11.45209
74.56	11.44779
74.58	11.44829
74.6	11.44998
74.62	11.45215
74.64	11.45467
74.66	11.45755
74.68	11.4424
74.7	11.45965
74.72	11.41454
74.74	11.36752
74.76	11.31867
74.78	11.26805
74.8	11.21574
74.82	11.16182
74.84	11.04949
74.86	10.99126
74.88	10.9318
74.9	10.87119
74.92	10.80957
74.94	10.74705
74.96	10.68376
74.98	10.55541
75	10.56166
75.02	10.55779
75.04	10.56422
75.06	10.56446
75.08	10.57149
75.1	10.57119
75.12	10.57046
75.14	10.57065
75.16	10.57462
75.18	10.5784
75.2	10.58335
75.22	10.58944
75.24	10.59664
75.26	10.6132
75.28	10.62328
75.3	10.6076
75.32	10.60175
75.34	10.61082
75.36	10.59516
75.38	10.60372
75.4	10.58772
75.42	10.59576
75.44	10.64267
75.46	10.86309
75.48	11.05217
75.5	11.09332
75.52	11.29374
75.54	11.33052
75.56	11.54056
75.58	11.57213
75.6	11.73741
75.62	11.71738
75.64	11.66507
75.66	11.58251
75.68	11.55039
75.7	11.49
75.72	11.4518
75.74	11.38782
75.76	11.34352
75.78	11.27631
75.8	11.00892
75.82	10.7537
75.84	10.33469
75.86	10.3157
75.88	10.28658
75.9	10.24854
75.92	10.2019
75.94	10.14679
75.96	10.08333
75.98	10.19843
76	10.24354
76.02	10.28965
76.04	10.33446
76.06	10.38084
76.08	10.426
76.1	10.47268
76.12	10.51807
76.14	10.57252
76.16	10.57131
76.18	10.56832
76.2	10.56496
76.22	10.5615
76.24	10.55794
76.26	10.55435
76.28	10.54704
76.3	10.54331
76.32	10.53955
76.34	10.53576
76.36	10.53193
76.38	10.52802
76.4	10.52408
76.42	10.52009
76.44	10.51195
76.46	10.50782
76.48	10.50365
76.5	10.49944
76.52	10.49518
76.54	10.49086
76.56	10.48649
76.58	10.48208
76.6	10.47311
76.62	10.46856
76.64	10.46395
76.66	10.4593
76.68	10.4546
76.7	10.44986
76.72	10.44507
76.74	10.44023
76.76	10.43534
76.78	10.42547
76.8	10.42045
76.82	10.41539
76.84	10.4103
76.86	10.40516
76.88	10.39997
76.9	10.39477
76.92	10.38951
76.94	10.37887
76.96	10.37349
76.98	10.36806
77	10.36263
77.02	10.35715
77.04	10.41953
77.06	10.53128
77.08	10.61188
77.1	10.66099
77.12	10.74579
77.14	10.78974
77.16	10.87787
77.18	10.91611
77.2	11.00679
77.22	10.50927
77.24	10.30525
77.26	10.31464
77.28	10.49923
77.3	10.33988
77.32	10.52739
77.34	10.33265
77.36	10.31868
77.38	10.31141
77.4	10.30357
77.42	10.29557
77.44	10.28741
77.46	10.27922
77.48	10.27097
77.5	10.26261
77.52	10.24578
77.54	10.23722
77.56	10.22865
77.58	10.22004
77.6	10.21131
77.62	10.20258
77.64	10.19382
77.66	10.1761
77.68	10.16714
77.7	10.15821
77.72	10.14918
77.74	10.14019
77.76	10.13115
77.78	10.1221
77.8	10.11302
77.82	10.0948
77.84	10.08567
77.86	10.07652
77.88	10.06737
77.9	10.05821
77.92	10.04906
77.94	10.03989
77.96	10.0216
77.98	10.01247
78	10.00335
78.02	9.994256
78.04	9.985175
78.06	9.976134
78.08	9.96711
78.1	9.958134
78.12	9.940285
78.14	9.93142
78.16	9.922622
78.18	9.913861
78.2	9.905174
78.22	9.896535
78.24	9.887979
78.26	9.879478
78.28	9.862722
78.3	9.854478
78.32	9.846306
78.34	9.838243
78.36	9.830263
78.38	9.822404
78.4	9.814634
78.42	9.799457
78.44	9.792058
78.46	9.784769
78.48	9.777631
78.5	9.770613
78.52	9.763755
78.54	9.757027
78.56	9.75047
78.58	9.737821
78.6	9.731738
78.62	9.725848
78.64	9.72012
78.66	9.714598
78.68	9.709247
78.7	9.704111
78.72	9.699179
78.74	9.689944
78.76	9.685655
78.78	9.681591
78.8	9.677758
78.82	9.67161
78.84	9.668651
78.86	9.665277
78.88	9.660249
78.9	9.658196
78.92	9.656423
78.94	9.654932
78.96	9.653728
78.98	9.652819
79	9.652209
79.02	9.651906
79.04	9.652241
79.06	9.652892
79.08	9.653874
79.1	9.655193
79.12	9.656856
79.14	9.658867
79.16	9.661233
79.18	9.663961
79.2	9.670527
79.22	9.674376
79.24	9.666919
79.26	9.6597
79.28	9.652029
79.3	9.64439
79.32	9.636746
79.34	9.621097
79.36	9.613379
79.38	9.60595
79.4	9.597816
79.42	9.589952
79.44	9.582216
79.46	9.574855
79.48	9.566631
79.5	9.551013
79.52	9.543691
79.54	9.535439
79.56	9.527556
79.58	9.519837
79.6	9.512545
79.62	9.504292
79.64	9.496424
79.66	9.481462
79.68	9.47322
79.7	9.465371
79.72	9.457696
79.74	9.45047
79.76	9.442245
79.78	9.434422
79.8	9.41894
79.82	9.411269
79.84	9.403514
79.86	9.39569
79.88	9.38801
79.9	9.380247
79.92	9.372416
79.94	9.364723
79.96	9.356948
79.98	9.341398
80	9.333611
80.02	9.325754
80.04	9.318038
80.06	9.31024
80.08	9.302374
80.1	9.294651
80.12	9.286846
80.14	9.271248
80.16	9.26344
80.18	9.255564
80.2	9.247839
80.22	9.240032
80.24	9.232156
80.26	9.216633
80.28	9.208761
80.3	9.201051
80.32	9.193255
80.34	9.185392
80.36	9.177693
80.38	9.16991
80.4	9.162059
80.42	9.154377
80.44	9.138775
80.46	9.131113
80.48	9.123365
80.5	9.11555
80.52	9.107912
80.54	9.100187
80.56	9.092396
80.58	9.084785
80.6	9.069324
80.62	9.061744
80.64	9.054077
80.66	9.046343
80.68	9.038798
80.7	9.031166
80.72	9.023467
80.74	9.015961
80.76	9.000705
80.78	8.99324
80.8	8.985687
80.82	8.978067
80.84	8.970649
80.86	8.96314
80.88	8.955566
80.9	8.948195
80.92	8.933209
80.94	8.925891
80.96	8.918482
80.98	8.911007
81	8.903745
81.02	8.896391
81.04	8.888971
81.06	8.881766
81.08	8.867109
81.1	8.859966
81.12	8.852732
81.14	8.845432
81.16	8.838354
81.18	8.831184
81.2	8.823948
81.22	8.816938
81.24	8.802668
81.26	8.795729
81.28	8.788697
81.3	8.781599
81.32	8.774734
81.34	8.767776
81.36	8.760752
81.38	8.753963
81.4	8.740133
81.42	8.733425
81.44	8.726621
81.46	8.719753
81.48	8.713127
81.5	8.706405
81.52	8.699619
81.54	8.693078
81.56	8.67974
81.58	8.673287
81.6	8.666738
81.62	8.660124
81.64	8.653761
81.66	8.647302
81.68	8.640779
81.7	8.62814
81.72	8.62171
81.74	8.615536
81.76	8.609262
81.78	8.602927
81.8	8.596851
81.82	8.590675
81.84	8.584438
81.86	8.572386
81.88	8.566249
81.9	8.560375
81.92	8.5544
81.94	8.548366
81.96	8.542597
81.98	8.536728
82	8.530798
82.02	8.519373
82.04	8.513549
82.06	8.507998
82.08	8.502342
82.1	8.496628
82.12	8.491188
82.14	8.485644
82.16	8.480041
82.18	8.474714
82.2	8.463793
82.22	8.458582
82.24	8.453265
82.26	8.44789
82.28	8.442796
82.3	8.437596
82.32	8.432339
82.34	8.427364
82.36	8.422284
82.38	8.412292
82.4	8.407331
82.42	8.402314
82.44	8.397584
82.46	8.392746
82.48	8.387851
82.5	8.383245
82.52	8.373761
82.54	8.369283
82.56	8.364695
82.58	8.36005
82.6	8.3557
82.62	8.351239
82.64	8.346722
82.66	8.342501
82.68	8.338169
82.7	8.329693
82.72	8.325492
82.74	8.321235
82.76	8.317278
82.78	8.313209
82.8	8.309085
82.82	8.305262
82.84	8.301327
82.86	8.29365
82.88	8.289848
82.9	8.285994
82.92	8.282444
82.94	8.278779
82.96	8.275062
82.98	8.271648
83	8.264542
83.02	8.261269
83.04	8.25788
83.06	8.25444
83.08	8.251307
83.1	8.248058
83.12	8.244759
83.14	8.241769
83.16	8.238662
83.18	8.232656
83.2	8.22969
83.22	8.226674
83.24	8.22397
83.26	8.221148
83.28	8.218277
83.3	8.215718
83.32	8.21304
83.34	8.207901
83.36	8.205369
83.38	8.202787
83.4	8.200522
83.42	8.198135
83.44	8.195701
83.46	8.193583
83.48	8.191344
83.5	8.189057
83.52	8.187088
83.54	8.182858
83.56	8.181039
83.58	8.179096
83.6	8.177107
83.62	8.175437
83.64	8.173644
83.66	8.171805
83.68	8.170286
83.7	8.166955
83.72	8.165588
83.74	8.164096
83.76	8.16256
83.78	8.161345
83.8	8.160004
83.82	8.158619
83.84	8.157557
83.86	8.156369
83.88	8.154227
83.9	8.153193
83.92	8.152112
83.94	8.151358
83.96	8.150476
83.98	8.149549
84	8.148949
84.02	8.14822
84.04	8.147002
84.06	8.146428
84.08	8.145811
84.1	8.14552
84.12	8.145101
84.14	8.144637
84.16	8.144503
84.18	8.144238
84.2	8.14393
84.22	8.14395
84.24	8.143689
84.26	8.143866
84.28	8.143915
84.3	8.144247
84.32	8.144448
84.34	8.144608
84.36	8.145098
84.38	8.145454
84.4	8.146417
84.42	8.146929
84.44	8.147401
84.46	8.148204
84.48	8.148872
84.5	8.149502
84.52	8.150461
84.54	8.151286
84.56	8.153188
84.58	8.154168
84.6	8.155111
84.62	8.156384
84.64	8.15752
84.66	8.158619
84.68	8.160048
84.7	8.161342
84.72	8.164184
84.74	8.165632
84.76	8.167045
84.78	8.168788
84.8	8.170392
84.82	8.171961
84.84	8.173861
84.86	8.177345
84.88	8.179401
84.9	8.181317
84.92	8.183198
84.94	8.18541
84.96	8.187481
84.98	8.189518
85	8.191885
85.02	8.196303
85.04	8.198828
85.06	8.201209
85.08	8.203556
85.1	8.206235
85.12	8.208771
85.14	8.211273
85.16	8.214106
85.18	8.219454
85.2	8.222442
85.22	8.225286
85.24	8.228098
85.26	8.231239
85.28	8.234238
85.3	8.237203
85.32	8.240498
85.34	8.246768
85.36	8.250216
85.38	8.253521
85.4	8.256792
85.42	8.260393
85.44	8.263849
85.46	8.267274
85.48	8.271028
85.5	8.278212
85.52	8.282116
85.54	8.285875
85.56	8.289603
85.58	8.29366
85.6	8.297569
85.62	8.301448
85.64	8.309714
85.66	8.313744
85.68	8.318101
85.7	8.322309
85.72	8.326488
85.74	8.330994
85.76	8.335352
85.78	8.33968
85.8	8.34884
85.82	8.353316
85.84	8.358119
85.86	8.362772
85.88	8.367396
85.9	8.372346
85.92	8.377147
85.94	8.381917
85.96	8.39196
85.98	8.396878
86	8.40212
86.02	8.407211
86.04	8.412274
86.06	8.417662
86.08	8.422897
86.1	8.433637
86.12	8.439016
86.14	8.444368
86.16	8.450045
86.18	8.455566
86.2	8.461061
86.22	8.46688
86.24	8.472544
86.26	8.484141
86.28	8.489948
86.3	8.495728
86.32	8.501828
86.34	8.507774
86.36	8.513695
86.38	8.519936
86.4	8.526021
86.42	8.532082
86.44	8.544685
86.46	8.550885
86.48	8.557404
86.5	8.563766
86.52	8.570103
86.54	8.576758
86.56	8.583259
86.58	8.596525
86.6	8.603161
86.62	8.609772
86.64	8.616699
86.66	8.623469
86.68	8.630216
86.7	8.637278
86.72	8.644182
86.74	8.658259
86.76	8.665298
86.78	8.672313
86.8	8.679641
86.82	8.686811
86.84	8.693958
86.86	8.701418
86.88	8.70872
86.9	8.723589
86.92	8.731022
86.94	8.738431
86.96	8.746151
86.98	8.753713
87	8.761251
87.02	8.769101
87.04	8.784458
87.06	8.792435
87.08	8.800252
87.1	8.808047
87.12	8.816151
87.14	8.824095
87.16	8.832017
87.18	8.840245
87.2	8.856361
87.22	8.864716
87.24	8.872909
87.26	8.881081
87.28	8.889558
87.3	8.897874
87.32	8.906169
87.34	8.914769
87.36	8.931626
87.38	8.940348
87.4	8.948907
87.42	8.957446
87.44	8.966288
87.46	8.974968
87.48	8.983628
87.5	8.992589
87.52	9.010167
87.54	9.019246
87.56	9.028163
87.58	9.037061
87.6	9.046257
87.62	9.055291
87.64	9.064306
87.66	9.073619
87.68	9.0919
87.7	9.101328
87.72	9.110593
87.74	9.119839
87.76	9.129381
87.78	9.13876
87.8	9.14812
87.82	9.167267
87.84	9.176741
87.86	9.186507
87.88	9.196111
87.9	9.205696
87.92	9.215574
87.94	9.225288
87.96	9.234984
87.98	9.254796
88	9.264603
88.02	9.274699
88.04	9.284632
88.06	9.294547
88.08	9.304751
88.1	9.314792
88.12	9.324815
88.14	9.345273
88.16	9.355402
88.18	9.365819
88.2	9.376071
88.22	9.386307
88.24	9.396829
88.26	9.407185
88.28	9.42815
88.3	9.438611
88.32	9.449054
88.34	9.459783
88.36	9.470345
88.38	9.480891
88.4	9.49172
88.42	9.513032
88.44	9.523962
88.46	9.534726
88.48	9.545475
88.5	9.556504
88.52	9.567368
88.54	9.578216
88.56	9.600306
88.58	9.611252
88.6	9.622478
88.62	9.633536
88.64	9.644581
88.66	9.655903
88.68	9.667058
88.7	9.6782
88.72	9.700867
88.74	9.712103
88.76	9.723615
88.78	9.73496
88.8	9.746291
88.82	9.757895
88.84	9.769335
88.86	9.78076
88.88	9.803988
88.9	9.815505
88.92	9.827294
88.94	9.838917
88.96	9.850525
88.98	9.862405
89	9.874117
89.02	9.885817
89.04	9.909588
89.06	9.921377
89.08	9.933434
89.1	9.945325
89.12	9.957203
89.14	9.969348
89.16	9.981326
89.18	9.993292
89.2	10.00552
89.22	10.02964
89.24	10.04196
89.26	10.05411
89.28	10.06625
89.3	10.07865
89.32	10.09089
89.34	10.10311
89.36	10.11559
89.38	10.14022
89.4	10.15279
89.42	10.16519
89.44	10.17758
89.46	10.19024
89.48	10.20272
89.5	10.22792
89.52	10.24049
89.54	10.25304
89.56	10.26586
89.58	10.2785
89.6	10.29113
89.62	10.30403
89.64	10.31675
89.66	10.34244
89.68	10.35524
89.7	10.36803
89.72	10.39396
89.74	10.40683
89.76	10.41996
89.78	10.43291
89.8	10.44586
89.82	10.45906
89.84	10.48512
89.86	10.49839
89.88	10.5115
89.9	10.5246
89.92	10.53795
89.94	10.55113
89.96	10.5643
89.98	10.57773
90	10.60422
90.02	10.61758
90.04	10.63095
90.06	10.64427
90.08	10.65784
90.1	10.67121
90.12	10.68458
90.14	10.69774
90.16	10.71145
90.18	10.73846
90.2	10.75237
90.22	10.76581
90.24	10.7795
90.26	10.79355
90.28	10.80707
90.3	10.82086
90.32	10.83502
90.34	10.86254
90.36	10.87681
90.38	10.89053
90.4	10.90453
90.42	10.91891
90.44	10.93273
90.46	10.94683
90.48	10.97523
90.5	10.98944
90.52	11.00402
90.54	11.01804
90.56	11.03235
90.58	11.04703
90.6	11.06115
90.62	11.07556
90.64	11.09034
90.66	11.11906
90.68	11.13394
90.7	11.14826
90.72	11.16286
90.74	11.17783
90.76	11.19224
90.78	11.20693
90.8	11.222
90.82	11.23651
90.84	11.26646
90.86	11.28106
90.88	11.29594
90.9	11.31119
90.92	11.32588
90.94	11.34085
90.96	11.35619
90.98	11.37098
91	11.40147
91.02	11.41634
91.04	11.43149
91.06	11.44701
91.08	11.46197
91.1	11.47721
91.12	11.49281
91.14	11.50786
91.16	11.52318
91.18	11.554
91.2	11.56941
91.22	11.58519
91.24	11.6004
91.26	11.61589
91.28	11.63175
91.3	11.64705
91.32	11.66262
91.34	11.67856
91.36	11.7096
91.38	11.72562
91.4	11.74108
91.42	11.75682
91.44	11.77292
91.46	11.78846
91.48	11.80427
91.5	11.80958
91.52	11.79914
91.54	11.81022
91.56	11.79689
91.58	11.77273
91.6	11.78957
91.62	11.76288
91.64	11.77717
91.66	11.75378
91.68	11.74651
91.7	11.75384
91.72	11.75467
91.74	11.73724
91.76	11.74363
91.78	11.73775
91.8	11.745
91.82	11.74897
91.84	11.7507
91.86	11.75304
91.88	11.70936
91.9	11.66453
91.92	11.61824
91.94	11.5705
91.96	11.52134
91.98	11.41901
92	11.36599
92.02	11.31183
92.04	11.25662
92.06	11.20044
92.08	11.1434
92.1	11.08557
92.12	11.0797
92.14	11.00274
92.16	11.03113
92.18	11.03181
92.2	11.02377
92.22	11.01414
92.24	11.00434
92.26	10.99457
92.28	10.98497
92.3	10.97556
92.32	10.96626
92.34	10.94813
92.36	10.93935
92.38	10.93068
92.4	10.9222
92.42	10.91383
92.44	10.90565
92.46	10.89766
92.48	10.88978
92.5	10.88209
92.52	10.86712
92.54	10.85992
92.56	10.85282
92.58	10.84592
92.6	10.83912
92.62	10.83252
92.64	10.82611
92.66	10.81369
92.68	10.80767
92.7	10.80186
92.72	10.79623
92.74	10.7907
92.76	10.78538
92.78	10.78023
92.8	10.77516
92.82	10.7656
92.84	10.76102
92.86	10.75663
92.88	10.75243
92.9	10.7483
92.92	10.74437
92.94	10.74062
92.96	10.73706
92.98	10.73029
93	10.7271
93.02	10.72411
93.04	10.7213
93.06	10.88277
93.08	11.05578
93.1	11.23939
93.12	11.32463
93.14	11.53935
93.16	11.55505
93.18	11.61137
93.2	11.62282
93.22	11.64878
93.24	11.65485
93.26	11.66926
93.28	11.67126
93.3	11.68616
93.32	11.68349
93.34	11.10974
93.36	10.85022
93.38	10.64568
93.4	10.6632
93.42	10.66658
93.44	10.66729
93.46	10.66759
93.48	10.66782
93.5	10.66863
93.52	10.66924
93.54	10.67002
93.56	10.67084
93.58	10.67184
93.6	10.67289
93.62	10.67412
93.64	10.67552
93.66	10.67859
93.68	10.68026
93.7	10.6801
93.72	10.94674
93.74	11.23937
93.76	11.55536
93.78	11.73131
93.8	11.89085
93.82	11.72271
93.84	11.89248
93.86	11.68842
93.88	11.84726
93.9	11.63823
93.92	11.79188
93.94	11.58007
93.96	11.51361
93.98	11.65495
94	11.439
94.02	11.57371
94.04	11.44075
94.06	11.30856
94.08	11.26229
94.1	11.2142
94.12	11.11281
94.14	11.05961
94.16	11.00484
94.18	10.94856
94.2	10.89085
94.22	10.83177
94.24	10.77142
94.26	10.70988
94.28	10.58362
94.3	10.5191
94.32	10.4538
94.34	10.38783
94.36	10.38043
94.38	10.37149
94.4	10.36102
94.42	10.34903
94.44	10.32043
94.46	10.30383
94.48	10.28631
94.5	10.27335
94.52	10.2614
94.54	10.24984
94.56	10.23846
94.58	10.22731
94.6	10.20549
94.62	10.19487
94.64	10.18444
94.66	10.1742
94.68	10.16416
94.7	10.15432
94.72	10.14468
94.74	10.13524
94.76	10.117
94.78	10.1082
94.8	10.0996
94.82	10.09123
94.84	10.08307
94.86	10.07514
94.88	10.06743
94.9	10.05271
94.92	10.0457
94.94	10.03892
94.96	10.03239
94.98	10.02609
95	10.02005
95.02	10.01425
95.04	10.00871
95.06	9.998388
95.08	9.993613
95.1	9.989113
95.12	9.984871
95.14	9.98091
95.16	9.977214
95.18	9.973805
95.2	9.967825
95.22	9.965261
95.24	9.962996
95.26	9.958907
95.28	9.953107
95.3	9.946666
95.32	9.94034
95.34	9.934168
95.36	9.928105
95.38	9.922098
95.4	9.916232
95.42	9.904769
95.44	9.899134
95.46	9.89359
95.48	9.888052
95.5	9.882618
95.52	9.8772
95.54	9.87189
95.56	9.8666
95.58	9.861423
95.6	9.851233
95.62	9.84622
95.64	9.841332
95.66	9.836473
95.68	9.831739
95.7	9.827038
95.72	9.822471
95.74	9.817936
95.76	9.80918
95.78	9.804965
95.8	9.800788
95.82	9.796762
95.84	9.792778
95.86	9.788948
95.88	9.785162
95.9	9.781537
95.92	9.774548
95.94	9.771187
95.96	9.767997
95.98	9.764861
96	9.7619
96.02	9.758997
96.04	9.756275
96.06	9.753613
96.08	9.751139
96.1	9.746508
96.12	9.744353
96.14	9.742399
96.16	9.740512
96.18	9.73883
96.2	9.737219
96.22	9.735818
96.24	9.733377
96.26	9.732343
96.28	9.731528
96.3	9.730795
96.32	9.730288
96.34	9.729862
96.36	9.729671
96.38	9.729563
96.4	9.729913
96.42	9.730375
96.44	9.730928
96.46	9.731731
96.48	9.732628
96.5	9.733779
96.52	9.736535
96.54	9.738141
96.56	9.740014
96.58	9.741989
96.6	9.744234
96.62	9.746584
96.64	9.749211
96.66	9.751945
96.68	9.758083
96.7	9.761497
96.72	10.00921
96.74	9.748763
96.76	10.01277
96.78	9.752857
96.8	10.02043
96.82	9.760983
96.84	9.770609
96.86	9.832126
96.88	9.776307
96.9	9.838037
96.92	9.788817
96.94	9.850698
96.96	9.804206
96.98	9.865366
97	9.819047
97.02	9.834703
97.04	10.11063
97.06	10.20725
97.08	10.11743
97.1	10.21056
97.12	10.11852
97.14	10.2078
97.16	10.11382
97.18	10.10353
97.2	10.18422
97.22	10.18418
97.24	10.04808
97.26	10.04796
97.28	9.937963
97.3	9.986978
97.32	10.01007
97.34	9.991762
97.36	10.03445
97.38	10.01956
97.4	10.05452
97.42	10.04833
97.44	10.08333
97.46	10.11447
97.48	10.11528
97.5	10.14761
97.52	10.15173
97.54	10.1827
97.56	10.1901
97.58	10.19584
97.6	10.20652
97.62	10.2506
97.64	10.26991
97.66	10.29305
97.68	10.30676
97.7	10.33574
97.72	10.34434
97.74	10.37881
97.76	10.70076
97.78	10.86548
97.8	11.03909
97.82	11.2103
97.84	11.3916
97.86	11.56757
97.88	11.75483
97.9	11.93287
97.92	11.98144
97.94	11.96157
97.96	11.94013
97.98	11.9168
98	11.8916
98.02	11.86458
98.04	11.83579
98.06	11.80526
98.08	11.77305
98.1	11.70382
98.12	11.66691
98.14	11.62857
98.16	11.58885
98.18	11.54785
98.2	11.50563
98.22	11.46228
98.24	11.4179
98.26	11.37257
98.28	11.27949
98.3	11.23195
98.32	11.18391
98.34	11.13548
98.36	11.0868
98.38	11.03799
98.4	10.98922
98.42	10.94061
98.44	10.89233
98.46	10.79743
98.48	10.81832
98.5	10.8621
98.52	10.8827
98.54	10.89975
98.56	10.91