0.02	11.64007
0.04	12.14571
0.06	11.83825
0.08	11.58406
0.1	11.47938
0.12	11.62846
0.14	11.60925
0.16	11.58628
0.18	11.56501
0.2	11.54796
0.22	11.52716
0.24	11.49448
0.26	11.45069
0.28	11.39609
0.3	11.33088
0.32	11.25527
0.34	11.07297
0.36	10.96596
0.38	10.84847
0.4	10.72072
0.42	10.58295
0.44	10.43548
0.46	10.27866
0.48	10.1129
0.5	9.93867
0.52	10.10295
0.54	9.7228
0.56	9.904559
0.58	9.497271
0.6	9.695064
0.62	9.262309
0.64	9.018226
0.66	9.243362
0.68	8.765432
0.7	9.001659
0.72	8.504459
0.74	8.749893
0.76	8.23598
0.78	8.488596
0.8	7.960843
0.82	8.218457
0.84	7.940351
0.86	7.395083
0.88	7.655388
0.9	7.107418
0.92	7.364958
0.94	6.819139
0.96	7.070812
0.98	6.665576
1	7.057911
1.02	6.644825
1.04	7.040008
1.06	6.622983
1.08	7.017171
1.1	6.600273
1.12	6.617274
1.14	7.028496
1.16	6.683079
1.18	7.097425
1.2	6.777653
1.22	7.193241
1.24	6.859128
1.26	7.27494
1.28	6.943892
1.3	7.358925
1.32	7.036293
1.34	7.449926
1.36	7.136821
1.38	7.548548
1.4	7.245195
1.42	7.360988
1.44	7.767632
1.46	7.483747
1.48	7.887316
1.5	7.613027
1.52	8.013227
1.54	7.748394
1.56	8.144975
1.58	7.889429
1.6	8.282183
1.62	8.035733
1.64	8.424485
1.66	8.186924
1.68	8.571536
1.7	8.723004
1.72	8.504601
1.74	8.883358
1.76	8.668094
1.78	9.039067
1.8	8.836985
1.82	9.207394
1.84	9.007259
1.86	9.36868
1.88	9.179843
1.9	9.537901
1.92	9.355963
1.94	9.709575
1.96	9.534521
1.98	9.883708
2	9.715347
2.02	10.06014
2.04	9.898252
2.06	10.08305
2.08	10.4192
2.1	10.60149
2.12	10.45768
2.14	10.7854
2.16	10.6472
2.18	10.97081
2.2	10.83801
2.22	11.15756
2.24	11.02997
2.26	11.34554
2.28	11.22298
2.3	11.46051
2.32	11.40662
2.34	11.43108
2.36	11.44313
2.38	11.45338
2.4	11.46184
2.42	11.46851
2.44	11.4734
2.46	11.47651
2.48	11.47786
2.5	11.47746
2.52	11.47533
2.54	11.46598
2.56	11.45881
2.58	11.45001
2.6	11.43963
2.62	11.4277
2.64	11.41426
2.66	11.39937
2.68	11.38306
2.7	11.36539
2.72	11.34643
2.74	11.3634
2.76	11.40516
2.78	11.42003
2.8	11.43448
2.82	11.44892
2.84	11.46327
2.86	11.47768
2.88	11.49202
2.9	11.50643
2.92	11.4912
2.94	11.48253
2.96	11.47373
2.98	11.46481
3	11.4558
3.02	11.44675
3.04	11.4377
3.06	11.42876
3.08	11.41935
3.1	11.41006
3.12	11.40083
3.14	11.39178
3.16	11.38213
3.18	11.37267
3.2	11.36327
3.22	11.35411
3.24	11.34428
3.26	11.32512
3.28	11.31584
3.3	11.30585
3.32	11.29609
3.34	11.28642
3.36	11.27703
3.38	11.2669
3.4	11.25701
3.42	11.24723
3.44	11.23773
3.46	11.22747
3.48	11.21747
3.5	11.20758
3.52	11.19799
3.54	11.18761
3.56	11.1775
3.58	11.16751
3.6	11.15784
3.62	11.13715
3.64	11.12707
3.66	11.11731
3.68	11.10673
3.7	11.09644
3.72	11.08628
3.74	11.07646
3.76	11.06578
3.78	11.05541
3.8	11.04518
3.82	11.0353
3.84	11.02455
3.86	11.01411
3.88	11.00392
3.9	10.99321
3.92	10.98269
3.94	10.96156
3.96	10.95093
3.98	10.94045
4	10.92956
4.02	10.91883
4.04	10.90823
4.06	10.89723
4.08	10.88638
4.1	10.87567
4.12	10.86456
4.14	10.8536
4.16	10.84278
4.18	10.8205
4.2	10.80959
4.22	10.79826
4.24	10.7871
4.26	10.77609
4.28	10.76466
4.3	10.75341
4.32	10.74231
4.34	10.7306
4.36	10.71919
4.38	10.70798
4.4	10.68506
4.42	10.67434
4.44	10.66283
4.46	10.6519
4.48	10.64112
4.5	10.62917
4.52	10.61758
4.54	10.6065
4.56	10.5948
4.58	10.58337
4.6	10.57217
4.62	10.54898
4.64	10.53771
4.66	10.52595
4.68	10.5144
4.7	10.50307
4.72	10.49124
4.74	10.47964
4.76	10.46825
4.78	10.44471
4.8	10.43327
4.82	10.42133
4.84	10.40962
4.86	10.39813
4.88	10.38614
4.9	10.36286
4.92	10.35082
4.94	10.33902
4.96	10.32746
4.98	10.31538
5	10.30355
5.02	10.29196
5.04	10.27984
5.06	10.26798
5.08	10.25636
5.1	10.24421
5.12	10.22069
5.14	10.20851
5.16	10.1966
5.18	10.18496
5.2	10.17275
5.22	10.16083
5.24	10.14917
5.26	10.13695
5.28	10.12501
5.3	10.11336
5.32	10.10112
5.34	10.08918
5.36	10.06528
5.38	10.05334
5.4	10.04168
5.42	10.02944
5.44	10.0175
5.46	10.00586
5.48	9.99361
5.5	9.981681
5.52	9.970054
5.54	9.957814
5.56	9.945897
5.58	9.93429
5.6	9.922061
5.62	9.910162
5.64	9.898579
5.66	9.886366
5.68	9.874489
5.7	9.862933
5.72	9.83889
5.74	9.827369
5.76	9.815201
5.78	9.803381
5.8	9.791897
5.82	9.779758
5.84	9.767974
5.86	9.756532
5.88	9.744427
5.9	9.732683
5.92	9.70922
5.94	9.69752
5.96	9.686174
5.98	9.67415
6	9.662498
6.02	9.651206
6.04	9.639229
6.06	9.627629
6.08	9.616396
6.1	9.592928
6.12	9.581757
6.14	9.569886
6.16	9.558405
6.18	9.5473
6.2	9.535489
6.22	9.524072
6.24	9.513038
6.26	9.489942
6.28	9.478982
6.3	9.467301
6.32	9.456026
6.34	9.445145
6.36	9.433536
6.38	9.422337
6.4	9.411537
6.42	9.400003
6.44	9.378171
6.46	9.366716
6.48	9.355681
6.5	9.345057
6.52	9.333685
6.54	9.322738
6.56	9.312206
6.58	9.30092
6.6	9.27963
6.62	9.268435
6.64	9.257674
6.66	9.247339
6.68	9.236238
6.7	9.225575
6.72	9.215344
6.74	9.20434
6.76	9.19378
6.78	9.183655
6.8	9.172751
6.82	9.162296
6.84	9.152282
6.86	9.141483
6.88	9.131137
6.9	9.110544
6.92	9.100309
6.94	9.090525
6.96	9.079945
6.98	9.070458
7	9.059729
7.02	9.050289
7.04	9.041348
7.06	9.02082
7.08	8.976007
7.1	8.933019
7.12	8.872014
7.14	8.848052
7.16	8.821857
7.18	8.762849
7.2	8.730089
7.22	8.6952
7.24	8.658218
7.26	8.619186
7.28	8.578148
7.3	8.535153
7.32	8.49026
7.34	8.443528
7.36	8.395024
7.38	8.389218
7.4	8.521169
7.42	8.564672
7.44	8.550211
7.46	8.533571
7.48	8.514757
7.5	8.493782
7.52	8.470659
7.54	8.445408
7.56	8.418051
7.58	8.388614
7.6	8.357129
7.62	8.288165
7.64	8.250771
7.66	8.245523
7.68	8.238204
7.7	8.220485
7.72	8.212595
7.74	8.204791
7.76	8.19721
7.78	8.189673
7.8	8.182354
7.82	8.17508
7.84	8.168026
7.86	8.154237
7.88	8.147504
7.9	8.140997
7.92	8.134542
7.94	8.128318
7.96	8.122148
7.98	8.11621
8	8.11033
8.02	8.104685
8.04	8.099101
8.06	8.093755
8.08	8.088471
8.1	8.078452
8.12	8.073721
8.14	8.069056
8.16	8.064639
8.18	8.060292
8.2	8.056196
8.22	8.052173
8.24	8.048404
8.26	8.044708
8.28	8.03791
8.3	8.034809
8.32	8.031789
8.34	8.029031
8.36	8.026356
8.38	8.023946
8.4	8.021622
8.42	8.019565
8.44	8.015898
8.46	8.014291
8.48	8.012957
8.5	8.011716
8.52	8.010751
8.54	8.009882
8.56	8.009292
8.58	8.008799
8.6	8.008587
8.62	8.008476
8.64	8.008649
8.66	8.009487
8.68	8.010154
8.7	8.011109
8.72	8.012174
8.74	8.013528
8.76	8.014992
8.78	8.016749
8.8	8.01862
8.82	8.020785
8.84	8.023067
8.86	8.025644
8.88	8.028339
8.9	8.034448
8.92	8.037863
8.94	8.0414
8.96	8.04524
8.98	8.049204
9	8.053473
9.02	8.057868
9.04	8.062571
9.06	8.0674
9.08	8.072539
9.1	8.077806
9.12	8.083385
9.14	8.089096
9.16	8.095119
9.18	8.101274
9.2	8.107743
9.22	8.114348
9.24	8.121267
9.26	8.135696
9.28	8.143209
9.3	8.145563
9.32	8.09379
9.34	8.077013
9.36	8.067524
9.38	8.059877
9.4	8.053037
9.42	8.152045
9.44	8.138431
9.46	8.131447
9.48	8.127355
9.5	8.125257
9.52	8.125846
9.54	8.118438
9.56	8.117782
9.58	8.112172
9.6	8.112525
9.62	7.96382
9.64	7.817651
9.66	7.674571
9.68	7.573758
9.7	7.623978
9.72	7.639709
9.74	7.64873
9.76	7.656464
9.78	7.664166
9.8	7.679899
9.82	7.68798
9.84	7.696296
9.86	7.704711
9.88	7.713356
9.9	7.722098
9.92	7.731064
9.94	7.740124
9.96	7.749403
9.98	7.758773
10	7.768663
10.02	7.788517
10.04	7.798487
10.06	7.808947
10.08	7.819205
10.1	7.829941
10.12	7.84048
10.14	7.862296
10.16	7.873562
10.18	7.884642
10.2	7.896162
10.22	7.907502
10.24	7.919271
10.26	7.930866
10.28	7.942877
10.3	7.95472
10.32	7.966969
10.34	7.991335
10.36	8.003928
10.38	8.01644
10.4	8.028993
10.42	8.041917
10.44	8.054767
10.46	8.0809
10.48	8.094075
10.5	8.10729
10.52	8.120842
10.54	8.134332
10.56	8.147863
10.58	8.161713
10.6	8.175507
10.62	8.189342
10.64	8.20348
10.66	8.217569
10.68	8.2317
10.7	8.260492
10.72	8.274909
10.74	8.289598
10.76	8.30425
10.78	8.318946
10.8	8.333898
10.82	8.348819
10.84	8.363785
10.86	8.394176
10.88	8.409406
10.9	8.424862
10.92	8.440303
10.94	8.45579
10.96	8.47149
10.98	8.48718
11	8.502919
11.02	8.51687
11.04	8.523568
11.06	8.529022
11.08	8.534172
11.1	8.544319
11.12	8.549213
11.14	8.5542
11.16	8.559355
11.18	8.564134
11.2	8.569079
11.22	8.574235
11.24	8.578965
11.26	8.583881
11.28	8.589018
11.3	8.593719
11.32	8.603714
11.34	8.60839
11.36	8.613249
11.38	8.618146
11.4	8.623422
11.42	8.627808
11.44	8.63253
11.46	8.637327
11.48	8.642539
11.5	8.646793
11.52	8.651411
11.54	8.656108
11.56	8.661212
11.58	8.665379
11.6	8.669898
11.62	8.674495
11.64	8.679477
11.66	8.683569
11.68	8.687994
11.7	8.69249
11.72	8.701365
11.74	8.705694
11.76	8.71009
11.78	8.714816
11.8	8.718764
11.82	8.72306
11.84	8.72732
11.86	8.731885
11.88	8.735756
11.9	8.739947
11.92	8.744102
11.94	8.748541
11.96	8.752329
11.98	8.760464
12	8.764499
12.02	8.768866
12.04	8.772397
12.06	8.776287
12.08	8.780151
12.1	8.788191
12.12	8.791556
12.14	8.795267
12.16	8.798957
12.18	8.80264
12.2	8.806622
12.22	8.809848
12.24	8.81339
12.26	8.816911
12.28	8.824209
12.3	8.827304
12.32	8.830682
12.34	8.834039
12.36	8.837389
12.38	8.840706
12.4	8.844332
12.42	8.847131
12.44	8.850262
12.46	8.853437
12.48	8.856523
12.5	8.859585
12.52	8.862947
12.54	8.865541
12.56	8.868443
12.58	8.897927
12.6	8.902374
12.62	8.885536
12.64	8.879676
12.66	8.866571
12.68	8.860815
12.7	8.853391
12.72	8.847888
12.74	8.83954
12.76	8.833464
12.78	8.828649
12.8	8.824871
12.82	8.82207
12.84	8.820213
12.86	8.819281
12.88	8.819251
12.9	8.820107
12.92	8.493141
12.94	8.181275
12.96	7.943422
12.98	7.97798
13	7.988116
13.02	7.930533
13.04	7.970478
13.06	7.981915
13.08	7.98773
13.1	7.992506
13.12	8.00171
13.14	8.006355
13.16	8.011132
13.18	8.016026
13.2	8.020931
13.22	8.025971
13.24	8.031022
13.26	8.036209
13.28	8.052219
13.3	8.057743
13.32	8.063391
13.34	8.06905
13.36	8.074773
13.38	8.080641
13.4	8.086553
13.42	8.092607
13.44	8.098678
13.46	8.104896
13.48	8.111159
13.5	8.117569
13.52	8.123995
13.54	8.130571
13.56	8.137193
13.58	8.150754
13.6	8.157696
13.62	8.164685
13.64	8.171827
13.66	8.178986
13.68	8.186301
13.7	8.193665
13.72	8.201186
13.74	8.208722
13.76	8.224166
13.78	8.23199
13.8	8.239979
13.82	8.248016
13.84	8.256134
13.86	8.26442
13.88	8.272754
13.9	8.28117
13.92	8.289756
13.94	8.30711
13.96	8.316
13.98	8.324943
14	8.333967
14.02	8.343168
14.04	8.352421
14.06	8.361758
14.08	8.371273
14.1	8.38084
14.12	8.390494
14.14	8.400329
14.16	8.420192
14.18	8.430349
14.2	8.440562
14.22	8.450863
14.24	8.461349
14.26	8.47189
14.28	8.482522
14.3	8.493341
14.32	8.504217
14.34	8.515184
14.36	8.537555
14.38	8.548862
14.4	8.560172
14.42	8.57186
14.44	8.583435
14.46	8.595206
14.48	8.607101
14.5	8.619104
14.52	8.631305
14.54	8.643566
14.56	8.655926
14.58	8.668482
14.6	8.693817
14.62	8.706732
14.64	8.719711
14.66	8.73279
14.68	8.746069
14.7	8.759413
14.72	8.772966
14.74	8.786726
14.76	8.800645
14.78	8.814464
14.8	8.828484
14.82	8.842552
14.84	8.856824
14.86	8.871143
14.88	8.885668
14.9	8.900241
14.92	8.91502
14.94	8.929848
14.96	8.959887
14.98	8.97515
15	8.990406
15.02	9.005941
15.04	9.021619
15.06	9.037516
15.08	9.053376
15.1	9.069385
15.12	9.085514
15.14	9.101789
15.16	9.118184
15.18	9.134726
15.2	9.151388
15.22	9.168198
15.24	9.185129
15.26	9.219411
15.28	9.236763
15.3	9.254237
15.32	9.271862
15.34	9.28961
15.36	9.307509
15.38	9.325534
15.4	9.343709
15.42	9.36201
15.44	9.399043
15.46	9.417775
15.48	9.436635
15.5	9.455648
15.52	9.474789
15.54	9.494084
15.56	9.513509
15.58	9.533088
15.6	9.57266
15.62	9.592654
15.64	9.612804
15.66	9.633085
15.68	9.653523
15.7	9.674092
15.72	9.694819
15.74	9.715678
15.76	9.736695
15.78	9.779154
15.8	9.800594
15.82	9.822195
15.84	9.84393
15.86	9.865825
15.88	9.887854
15.9	9.910043
15.92	9.932367
15.94	9.954852
15.96	9.977472
15.98	10.00025
16	10.02317
16.02	10.04625
16.04	10.06947
16.06	10.11636
16.08	10.14004
16.1	10.16386
16.12	10.18784
16.14	10.21196
16.16	10.23624
16.18	10.26066
16.2	10.28524
16.22	10.30997
16.24	10.33485
16.26	10.35988
16.28	10.38507
16.3	10.41041
16.32	10.4359
16.34	10.46154
16.36	10.48734
16.38	10.51329
16.4	10.53939
16.42	10.56564
16.44	10.59206
16.46	10.64534
16.48	10.67221
16.5	10.69924
16.52	10.72641
16.54	10.75375
16.56	10.78124
16.58	10.80889
16.6	10.83668
16.62	10.86464
16.64	10.89275
16.66	10.92102
16.68	10.94944
16.7	10.97802
16.72	11.00674
16.74	11.03564
16.76	11.06468
16.78	11.09388
16.8	11.15275
16.82	11.18241
16.84	11.21224
16.86	11.21039
16.88	11.21059
16.9	11.20941
16.92	11.2068
16.94	11.20262
16.96	11.20033
16.98	11.19913
17	11.19816
17.02	11.19724
17.04	11.19633
17.06	11.19542
17.08	11.19451
17.1	11.19361
17.12	11.1927
17.14	11.1918
17.16	11.19001
17.18	11.18912
17.2	11.18823
17.22	11.18736
17.24	11.18649
17.26	11.18562
17.28	11.18476
17.3	11.18391
17.32	11.18307
17.34	11.18224
17.36	11.18142
17.38	11.1806
17.4	11.17898
17.42	11.17819
17.44	11.17747
17.46	11.17671
17.48	11.17594
17.5	11.17517
17.52	11.1744
17.54	11.17363
17.56	11.17212
17.58	11.17137
17.6	11.17063
17.62	11.16984
17.64	11.16905
17.66	11.16829
17.68	11.16755
17.7	11.16607
17.72	11.16535
17.74	11.16463
17.76	11.1639
17.78	11.16319
17.8	11.16247
17.82	11.16176
17.84	11.16106
17.86	11.16037
17.88	11.15968
17.9	11.15833
17.92	11.15767
17.94	11.15702
17.96	11.15639
17.98	11.15576
18	11.1552
18.02	11.15459
18.04	11.15398
18.06	11.15336
18.08	11.15275
18.1	11.15214
18.12	11.15153
18.14	11.15093
18.16	11.14973
18.18	11.14914
18.2	11.14855
18.22	11.14797
18.24	11.14739
18.26	11.14682
18.28	11.14626
18.3	11.1457
18.32	11.14503
18.34	11.14444
18.36	11.14388
18.38	11.14333
18.4	11.14278
18.42	11.14223
18.44	11.14169
18.46	11.14115
18.48	11.14061
18.5	11.14008
18.52	11.13955
18.54	11.13852
18.56	11.13801
18.58	11.13751
18.6	11.13702
18.62	11.13653
18.64	11.13605
18.66	11.13558
18.68	11.13512
18.7	11.13467
18.72	11.13424
18.74	11.13381
18.76	11.13345
18.78	11.13304
18.8	11.13262
18.82	11.1322
18.84	11.13178
18.86	11.13136
18.88	11.13095
18.9	11.13013
18.92	11.12973
18.94	11.12893
18.96	11.12853
18.98	11.12814
19	11.12775
19.02	11.12736
19.04	11.12698
19.06	11.1266
19.08	11.12623
19.1	11.12586
19.12	11.12549
19.14	11.12513
19.16	11.12443
19.18	11.12408
19.2	11.12364
19.22	11.12327
19.24	11.12293
19.26	11.12259
19.28	11.07708
19.3	11.12333
19.32	11.13777
19.34	11.15106
19.36	11.16273
19.38	11.17277
19.4	11.18791
19.42	11.19298
19.44	11.19637
19.46	11.1981
19.48	11.19816
19.5	11.19655
19.52	11.19328
19.54	11.18183
19.56	11.17368
19.58	11.1651
19.6	11.15929
19.62	11.15428
19.64	11.14926
19.66	11.14437
19.68	11.13934
19.7	11.1345
19.72	11.12952
19.74	11.12465
19.76	11.11965
19.78	11.10987
19.8	11.10502
19.82	11.10004
19.84	11.09524
19.86	11.0903
19.88	11.08548
19.9	11.08052
19.92	11.07574
19.94	11.07083
19.96	11.06603
19.98	11.06109
20	11.05634
20.02	11.05146
20.04	11.04669
20.06	11.04178
20.08	11.0322
20.1	11.02746
20.12	11.02258
20.14	11.0179
20.16	11.01307
20.18	11.00836
20.2	11.00352
20.22	10.99887
20.24	10.99408
20.26	10.9894
20.28	10.98477
20.3	10.98001
20.32	10.97536
20.34	10.97077
20.36	10.96604
20.38	10.96142
20.4	10.95215
20.42	10.94757
20.44	10.94303
20.46	10.93836
20.48	10.93381
20.5	10.92931
20.52	10.92468
20.54	10.92016
20.56	10.9157
20.58	10.9111
20.6	10.90662
20.62	10.90219
20.64	10.89763
20.66	10.8888
20.68	10.88427
20.7	10.87987
20.72	10.87552
20.74	10.87104
20.76	10.86667
20.78	10.86237
20.8	10.85793
20.82	10.84934
20.84	10.84495
20.86	10.84067
20.88	10.83645
20.9	10.8321
20.92	10.82787
20.94	10.8237
20.96	10.81939
20.98	10.81521
21	10.81109
21.02	10.80683
21.04	10.8027
21.06	10.79442
21.08	10.79034
21.1	10.78632
21.12	10.78216
21.14	10.77813
21.16	10.77417
21.18	10.77006
21.2	10.76218
21.22	10.75813
21.24	10.75421
21.26	10.75036
21.28	10.74637
21.3	10.74251
21.32	10.73871
21.34	10.73478
21.36	10.72724
21.38	10.72337
21.4	10.71963
21.42	10.71596
21.44	10.71215
21.46	10.70848
21.48	10.70486
21.5	10.70112
21.52	10.69751
21.54	10.69396
21.56	10.69029
21.58	10.68674
21.6	10.67965
21.62	10.67618
21.64	10.67277
21.66	10.66923
21.68	10.66582
21.7	10.66249
21.72	10.65902
21.74	10.65568
21.76	10.65242
21.78	10.64576
21.8	10.64257
21.82	10.63925
21.84	10.63607
21.86	10.63295
21.88	10.62971
21.9	10.62661
21.92	10.62357
21.94	10.62041
21.96	10.61738
21.98	10.61442
22	10.61134
22.02	10.60839
22.04	10.60605
22.06	10.60037
22.08	10.59737
22.1	10.59508
22.12	10.59225
22.14	10.59
22.16	10.58925
22.18	10.58954
22.2	10.56399
22.22	10.60683
22.24	10.57088
22.26	10.60941
22.28	10.66447
22.3	10.67669
22.32	10.6763
22.34	10.67542
22.36	10.67435
22.38	10.67317
22.4	10.67189
22.42	10.6705
22.44	10.66925
22.46	10.66807
22.48	10.66672
22.5	10.66524
22.52	10.66204
22.54	10.66032
22.56	10.65853
22.58	10.65669
22.6	10.65475
22.62	10.65273
22.64	10.65064
22.66	10.64838
22.68	10.64599
22.7	10.64341
22.72	10.64087
22.74	10.6383
22.76	10.63567
22.78	10.633
22.8	10.6303
22.82	10.62758
22.84	10.62489
22.86	10.62209
22.88	10.61903
22.9	10.61283
22.92	10.60965
22.94	10.6064
22.96	10.60309
22.98	10.58191
23	10.54794
23.02	10.51252
23.04	10.47794
23.06	10.4748
23.08	10.46019
23.1	10.45489
23.12	10.44093
23.14	10.4352
23.16	10.40769
23.18	10.37812
23.2	10.34653
23.22	10.27744
23.24	10.24004
23.26	10.2008
23.28	10.15978
23.3	10.11704
23.32	10.07264
23.34	10.02667
23.36	10.02356
23.38	10.0061
23.4	9.992464
23.42	9.98916
23.44	9.983002
23.46	9.974
23.48	9.967522
23.5	9.957104
23.52	9.950049
23.54	9.939508
23.56	9.931875
23.58	9.921492
23.6	10.04587
23.62	10.14907
23.64	10.20851
23.66	10.20539
23.68	10.19725
23.7	10.19281
23.72	10.18561
23.74	10.18736
23.76	10.18146
23.78	10.00559
23.8	9.8318
23.82	9.660713
23.84	9.492998
23.86	9.329377
23.88	9.205057
23.9	9.242802
23.92	9.242189
23.94	9.233827
23.96	9.223814
23.98	9.213418
24	9.202958
24.02	9.192391
24.04	9.181752
24.06	9.171113
24.08	9.160381
24.1	9.14958
24.12	9.138783
24.14	9.127894
24.16	9.105989
24.18	9.09495
24.2	9.083844
24.22	9.072749
24.24	9.061565
24.26	9.050318
24.28	9.039083
24.3	9.02776
24.32	9.016375
24.34	9.005006
24.36	8.982038
24.38	8.970542
24.4	8.958919
24.42	8.947341
24.44	8.935679
24.46	8.923945
24.48	8.912248
24.5	8.900577
24.52	8.876921
24.54	8.853174
24.56	8.84121
24.58	8.829277
24.6	8.817269
24.62	8.80521
24.64	8.793188
24.66	8.781091
24.68	8.768948
24.7	8.756703
24.72	8.744551
24.74	8.732327
24.76	8.720015
24.78	8.707797
24.8	8.695502
24.82	8.683254
24.84	8.658633
24.86	8.646262
24.88	8.633942
24.9	8.621536
24.92	8.609185
24.94	8.596751
24.96	8.584397
24.98	8.571939
25	8.559481
25.02	8.534525
25.04	8.522029
25.06	8.509539
25.08	8.497031
25.1	8.484532
25.12	8.472017
25.14	8.459515
25.16	8.446998
25.18	8.434494
25.2	8.409482
25.22	8.396976
25.24	8.384488
25.26	8.371995
25.28	8.359522
25.3	8.347047
25.32	8.334595
25.34	8.322143
25.36	8.309716
25.38	8.284899
25.4	8.272509
25.42	8.26015
25.44	8.2478
25.46	8.235485
25.48	8.22318
25.5	8.210913
25.52	8.198659
25.54	8.186446
25.56	8.17425
25.58	8.162097
25.6	8.149962
25.62	8.125811
25.64	8.113797
25.66	8.101808
25.68	8.089872
25.7	8.077965
25.72	8.066114
25.74	8.054295
25.76	8.042537
25.78	8.030812
25.8	8.019152
25.82	8.007529
25.84	7.995974
25.86	7.984459
25.88	7.973016
25.9	7.961617
25.92	7.939017
25.94	7.927819
25.96	7.916672
25.98	7.905608
26	7.894598
26.02	7.883674
26.04	7.872808
26.06	7.862032
26.08	7.851318
26.1	7.840698
26.12	7.819686
26.14	7.809299
26.16	7.799014
26.18	7.788801
26.2	7.778694
26.22	7.768664
26.24	7.758745
26.26	7.748906
26.28	7.739181
26.3	7.729541
26.32	7.72002
26.34	7.710588
26.36	7.701277
26.38	7.69206
26.4	7.673977
26.42	7.665115
26.44	7.656355
26.46	7.64773
26.48	7.63921
26.5	7.630831
26.52	7.622561
26.54	7.614435
26.56	7.598561
26.58	7.590817
26.6	7.583226
26.62	7.575758
26.64	7.568447
26.66	7.561264
26.68	7.554243
26.7	7.547353
26.72	7.534043
26.74	7.527628
26.76	7.521353
26.78	7.515254
26.8	7.509301
26.82	7.503527
26.84	7.497903
26.86	7.492464
26.88	7.487179
26.9	7.482083
26.92	7.477147
26.94	7.467825
26.96	7.463444
26.98	7.459231
27	7.455221
27.02	7.451383
27.04	7.447753
27.06	7.4443
27.08	7.437999
27.1	7.435155
27.12	7.432497
27.14	7.43006
27.16	7.427814
27.18	7.425792
27.2	7.423966
27.22	7.422369
27.24	7.420971
27.26	7.419806
27.28	7.418124
27.3	7.417609
27.32	7.417337
27.34	7.417276
27.36	7.417462
27.38	7.417864
27.4	7.418517
27.42	7.41939
27.44	7.420517
27.46	7.421868
27.48	7.423478
27.5	7.425316
27.52	7.427416
27.54	7.429749
27.56	7.432346
27.58	7.435181
27.6	7.438284
27.62	7.441628
27.64	7.445244
27.66	7.45324
27.68	7.457623
27.7	7.462286
27.72	7.467199
27.74	7.472395
27.76	7.477845
27.78	7.483581
27.8	7.489573
27.82	7.495855
27.84	7.502397
27.86	7.509231
27.88	7.523718
27.9	7.531374
27.92	7.539328
27.94	7.547551
27.96	7.556073
27.98	7.564867
28	7.573962
28.02	7.583331
28.04	7.592989
28.06	7.602939
28.08	7.61318
28.1	7.623713
28.12	7.645663
28.14	7.65708
28.16	7.668794
28.18	7.680805
28.2	7.693115
28.22	7.705723
28.24	7.718631
28.26	7.73184
28.28	7.74535
28.3	7.759162
28.32	7.773276
28.34	7.787694
28.36	7.802415
28.38	7.81744
28.4	7.832769
28.42	7.848404
28.44	7.864344
28.46	7.897142
28.48	7.914001
28.5	7.931166
28.52	7.948638
28.54	7.966418
28.56	7.984505
28.58	8.002899
28.6	8.021602
28.62	8.040611
28.64	8.079555
28.66	8.099488
28.68	8.119729
28.7	8.140277
28.72	8.161133
28.74	8.182297
28.76	8.203768
28.78	8.225546
28.8	8.247631
28.82	8.292721
28.84	8.315725
28.86	8.339035
28.88	8.36265
28.9	8.38657
28.92	8.410795
28.94	8.435325
28.96	8.460157
28.98	8.485293
29	8.510733
29.02	8.562518
29.04	8.588862
29.06	8.615508
29.08	8.642453
29.1	8.669698
29.12	8.697241
29.14	8.725083
29.16	8.753222
29.18	8.781658
29.2	8.81039
29.22	8.839417
29.24	8.868739
29.26	8.898355
29.28	8.928264
29.3	8.988957
29.32	9.019741
29.34	9.050815
29.36	9.082177
29.38	9.113828
29.4	9.145766
29.42	9.17799
29.44	9.210501
29.46	9.276373
29.48	9.309734
29.5	9.343377
29.52	9.377301
29.54	9.411507
29.56	9.44599
29.58	9.480751
29.6	9.51579
29.62	9.551105
29.64	9.586696
29.66	9.658699
29.68	9.695109
29.7	9.731791
29.72	9.768744
29.74	9.805964
29.76	9.843454
29.78	9.88121
29.8	9.919234
29.82	9.957522
29.84	9.996076
29.86	10.03489
29.88	10.07397
29.9	10.11331
29.92	10.15291
29.94	10.23319
29.96	10.27322
29.98	10.31395
30	10.35488
30.02	10.39558
30.04	10.43684
30.06	10.4784
30.08	10.52023
30.1	10.60463
30.12	10.64719
30.14	10.69
30.16	10.77635
30.18	10.81988
30.2	10.86365
30.22	10.90766
30.24	10.95191
30.26	10.99639
30.28	11.04111
30.3	11.04663
30.32	11.0939
30.34	11.15446
30.36	11.29437
30.38	11.3737
30.4	11.6012
30.42	11.58244
30.44	11.76095
30.46	11.75535
30.48	11.74808
30.5	11.73913
30.52	11.72851
30.54	11.71623
30.56	11.70228
30.58	11.68669
30.6	11.66947
30.62	11.63021
30.64	11.60821
30.66	11.58467
30.68	11.58365
30.7	11.58105
30.72	11.57682
30.74	11.57099
30.76	11.56633
30.78	11.56304
30.8	11.55997
30.82	11.55692
30.84	11.55077
30.86	11.54765
30.88	11.54449
30.9	11.54128
30.92	11.53806
30.94	11.53479
30.96	11.5282
30.98	11.52484
31	11.52147
31.02	11.51808
31.04	11.51466
31.06	11.54614
31.08	11.53711
31.1	11.52777
31.12	11.51682
31.14	11.50425
31.16	11.49009
31.18	11.47436
31.2	11.45708
31.22	11.43829
31.24	11.38138
31.26	11.32151
31.28	11.31274
31.3	11.30251
31.32	11.29083
31.34	11.27772
31.36	11.26322
31.38	11.25298
31.4	11.24224
31.42	11.23575
31.44	11.22671
31.46	11.22193
31.48	11.18106
31.5	11.19682
31.52	11.18258
31.54	11.17386
31.56	11.16374
31.58	11.13937
31.6	11.12516
31.62	11.10963
31.64	11.11031
31.66	11.10917
31.68	11.10781
31.7	11.10656
31.72	11.10547
31.74	11.08767
31.76	11.07967
31.78	11.07207
31.8	11.06311
31.82	11.05282
31.84	11.04599
31.86	11.04343
31.88	11.04189
31.9	11.04069
31.92	11.03975
31.94	11.03743
31.96	11.03469
31.98	11.0319
32	11.02923
32.02	11.02658
32.04	11.02393
32.06	11.0213
32.08	11.0187
32.1	11.01613
32.12	11.01366
32.14	11.0111
32.16	11.0086
32.18	11.00371
32.2	11.00134
32.22	10.99865
32.24	10.99618
32.26	10.99378
32.28	10.99142
32.3	10.9891
32.32	10.98682
32.34	10.98459
32.36	10.98256
32.38	10.98033
32.4	10.97606
32.42	10.97398
32.44	10.97195
32.46	10.96998
32.48	10.96757
32.5	10.96547
32.52	10.96348
32.54	10.96153
32.56	10.95961
32.58	10.95773
32.6	10.95588
32.62	10.95409
32.64	10.95079
32.66	10.94915
32.68	10.94749
32.7	10.94585
32.72	10.94424
32.74	10.94267
32.76	10.94114
32.78	10.93966
32.8	10.93823
32.82	10.93628
32.84	10.93474
32.86	10.93328
32.88	10.9305
32.9	10.92916
32.92	10.92785
32.94	10.92658
32.96	10.92535
32.98	10.92416
33	10.92301
33.02	10.92191
33.04	10.92087
33.06	10.92003
33.08	10.91909
33.1	10.91811
33.12	10.91715
33.14	10.91621
33.16	10.9144
33.18	10.91354
33.2	10.91272
33.22	10.91192
33.24	10.91116
33.26	10.91044
33.28	10.90975
33.3	10.9091
33.32	10.90849
33.34	10.90792
33.36	10.90637
33.38	10.90576
33.4	10.90525
33.42	10.90477
33.44	10.9043
33.46	10.90386
33.48	10.90341
33.5	10.903
33.52	10.90262
33.54	10.90226
33.56	10.90192
33.58	10.90161
33.6	10.90132
33.62	10.90105
33.64	10.90081
33.66	10.77978
33.68	10.67463
33.7	10.62386
33.72	10.64074
33.74	10.62962
33.76	10.64387
33.78	10.6481
33.8	10.65485
33.82	10.67323
33.84	10.67209
33.86	10.70435
33.88	10.69515
33.9	10.58887
33.92	10.48221
33.94	10.37543
33.96	10.11102
33.98	9.957091
34	9.856553
34.02	9.710492
34.04	9.615448
34.06	9.523193
34.08	9.595373
34.1	9.613669
34.12	9.62662
34.14	9.631839
34.16	9.637162
34.18	9.642664
34.2	9.648355
34.22	9.654239
34.24	9.660321
34.26	9.666595
34.28	9.673064
34.3	9.68659
34.32	9.693645
34.34	9.7009
34.36	9.708349
34.38	9.715993
34.4	9.723837
34.42	9.731875
34.44	9.740116
34.46	9.757182
34.48	9.766015
34.5	9.775044
34.52	9.784277
34.54	9.793706
34.56	9.803332
34.58	9.813163
34.6	9.823195
34.62	10.04417
34.64	10.14989
34.66	10.37914
34.68	10.48548
34.7	10.7302
34.72	10.83543
34.74	10.98961
34.76	11.01226
34.78	11.07093
34.8	10.94226
34.82	10.81394
34.84	10.68617
34.86	10.55923
34.88	10.30888
34.9	10.18607
34.92	10.16267
34.94	10.13775
34.96	10.11141
34.98	10.08371
35	10.05473
35.02	10.02457
35.04	9.993309
35.06	9.961054
35.08	9.976941
35.1	9.908681
35.12	9.895632
35.14	9.919876
35.16	10.03635
35.18	10.15563
35.2	10.27737
35.22	10.40121
35.24	10.52684
35.26	10.65395
35.28	10.78226
35.3	10.91149
35.32	11.04139
35.34	11.17174
35.36	11.14369
35.38	11.11304
35.4	11.0798
35.42	11.04399
35.44	11.00563
35.46	10.92134
35.48	10.87547
35.5	10.82715
35.52	10.77643
35.54	10.38033
35.56	10.07167
35.58	9.804543
35.6	9.499198
35.62	9.470226
35.64	9.466454
35.6