0.02	10.98285
0.04	10.95767
0.06	10.95059
0.08	10.94649
0.1	10.94235
0.12	10.93756
0.14	10.93201
0.16	11.21423
0.18	11.33415
0.2	11.28936
0.22	11.27224
0.24	11.25997
0.26	11.23545
0.28	11.22213
0.3	11.20804
0.32	11.19317
0.34	11.17755
0.36	11.16118
0.38	11.12634
0.4	11.1079
0.42	11.08881
0.44	11.06909
0.46	11.04878
0.48	11.0279
0.5	11.00647
0.52	10.96213
0.54	11.01117
0.56	11.26904
0.58	11.5086
0.6	11.74731
0.62	11.98797
0.64	12.16227
0.66	12.25325
0.68	12.28756
0.7	12.32594
0.72	12.36834
0.74	12.3628
0.76	12.36536
0.78	12.38923
0.8	12.4097
0.82	12.43502
0.84	12.46507
0.86	12.49974
0.88	12.029
0.9	12.27657
0.92	11.62833
0.94	11.89861
0.96	11.25724
0.98	10.89494
1	11.17055
1.02	10.54141
1.04	10.82047
1.06	10.19668
1.08	9.861749
1.1	10.15407
1.12	9.535829
1.14	9.836234
1.16	9.219135
1.18	9.528396
1.2	9.230922
1.22	8.614737
1.24	8.962289
1.26	8.332141
1.28	8.7017
1.3	8.451327
1.32	7.799633
1.34	8.211773
1.36	7.551307
1.38	7.983766
1.4	7.768161
1.42	7.095657
1.44	7.565956
1.46	6.8909
1.48	7.378283
1.5	6.703521
1.52	6.535223
1.54	7.051752
1.56	6.38784
1.58	6.915803
1.6	6.263302
1.62	6.163572
1.64	6.706468
1.66	6.090578
1.68	6.636353
1.7	6.04612
1.72	6.591393
1.74	6.573041
1.76	6.048885
1.78	6.582566
1.8	6.098326
1.82	6.621001
1.84	6.180634
1.86	6.6891
1.88	6.787312
1.9	6.511894
1.92	7.063508
1.94	6.893145
1.96	7.435156
1.98	7.189617
2	7.480471
2.02	7.995268
2.04	7.77125
2.06	8.272529
2.08	8.061127
2.1	8.549072
2.12	8.82377
2.14	8.633333
2.16	9.095541
2.18	8.913577
2.2	9.363451
2.22	9.626698
2.24	9.459491
2.26	9.885792
2.28	9.725288
2.3	10.02025
2.32	10.02333
2.34	10.02287
2.36	10.01928
2.38	10.01342
2.4	10.00527
2.42	9.994805
2.44	9.982018
2.46	9.949429
2.48	9.929612
2.5	9.907443
2.52	9.88292
2.54	9.85605
2.56	9.826835
2.58	9.795288
2.6	9.761419
2.62	9.686787
2.64	9.646064
2.66	9.603106
2.68	9.557939
2.7	9.5106
2.72	9.461125
2.74	9.409558
2.76	9.355945
2.78	9.296707
2.8	9.304339
2.82	9.299785
2.84	9.292636
2.86	9.284803
2.88	9.276667
2.9	9.268298
2.92	9.144568
2.94	9.434442
2.96	9.163625
2.98	9.164299
3	9.163301
3.02	9.160612
3.04	9.156215
3.06	9.150095
3.08	9.142245
3.1	9.121343
3.12	9.108294
3.14	9.075351
3.16	9.040368
3.18	9.003386
3.2	8.96445
3.22	8.923611
3.24	8.880919
3.26	8.836433
3.28	8.790222
3.3	8.692903
3.32	8.979597
3.34	8.625466
3.36	8.9389
3.38	8.738582
3.4	9.041368
3.42	8.859276
3.44	8.882449
3.46	8.8765
3.48	8.869457
3.5	8.862127
3.52	8.854683
3.54	8.847146
3.56	8.839528
3.58	8.824083
3.6	8.816252
3.62	8.808361
3.64	8.800399
3.66	8.792385
3.68	8.784306
3.7	8.776174
3.72	8.759755
3.74	8.751475
3.76	8.743155
3.78	8.734795
3.8	8.7264
3.82	8.717971
3.84	8.709516
3.86	8.701032
3.88	8.684005
3.9	8.675467
3.92	8.666917
3.94	8.658361
3.96	8.6498
3.98	8.64124
4	8.632683
4.02	8.624136
4.04	8.607079
4.06	8.598577
4.08	8.590102
4.1	8.581655
4.12	8.57324
4.14	8.564862
4.16	8.556527
4.18	8.548237
4.2	8.531815
4.22	8.523692
4.24	8.515633
4.26	8.507645
4.28	8.499728
4.3	8.491894
4.32	8.484141
4.34	8.47648
4.36	8.461442
4.38	8.454077
4.4	8.446823
4.42	8.439682
4.44	8.432664
4.46	8.42577
4.48	8.419009
4.5	8.405902
4.52	8.399567
4.54	8.393387
4.56	8.387364
4.58	8.381509
4.6	8.375822
4.62	8.370316
4.64	8.364988
4.66	8.354911
4.68	8.350171
4.7	8.345635
4.72	8.341316
4.74	8.337214
4.76	8.333336
4.78	8.329691
4.8	8.32312
4.82	8.320208
4.84	8.317554
4.86	8.315162
4.88	8.31304
4.9	8.311194
4.92	8.309632
4.94	8.308359
4.96	8.307382
4.98	8.306341
5	8.306291
5.02	8.306562
5.04	8.307162
5.06	8.308097
5.08	8.309374
5.1	8.311
5.12	8.31532
5.14	8.318029
5.16	8.321113
5.18	8.324577
5.2	8.328429
5.22	8.332674
5.24	8.342542
5.26	8.347868
5.28	8.353722
5.3	8.360021
5.32	8.366755
5.34	8.373924
5.36	8.389595
5.38	8.398109
5.4	8.407083
5.42	8.416523
5.44	8.426434
5.46	8.436823
5.48	8.743695
5.5	8.765006
5.52	8.482821
5.54	8.78863
5.56	8.509077
5.58	8.814307
5.6	8.537415
5.62	8.842024
5.64	8.567864
5.66	8.871805
5.68	8.90369
5.7	8.635247
5.72	8.937716
5.74	8.672255
5.76	8.954385
5.78	8.944299
5.8	8.932277
5.82	8.918346
5.84	8.884893
5.86	8.865443
5.88	8.844232
5.9	8.82131
5.92	8.796728
5.94	8.770544
5.96	8.742821
5.98	8.746662
6	8.748691
6.02	8.748921
6.04	8.747422
6.06	8.749028
6.08	8.751111
6.1	8.753541
6.12	8.750305
6.14	8.743969
6.16	8.73711
6.18	8.730568
6.2	8.718288
6.22	8.712202
6.24	8.705474
6.26	8.699524
6.28	8.693448
6.3	8.686677
6.32	8.680777
6.34	8.667971
6.36	8.662123
6.38	8.656127
6.4	8.649386
6.42	8.643592
6.44	8.637647
6.46	8.630941
6.48	8.619315
6.5	8.612651
6.52	8.606976
6.54	8.601147
6.56	8.594528
6.58	8.588922
6.6	8.583157
6.62	8.57659
6.64	8.571054
6.66	8.558846
6.68	8.553386
6.7	8.547765
6.72	8.541313
6.74	8.535933
6.76	8.53039
6.78	8.524003
6.8	8.518708
6.82	8.50693
6.84	8.501723
6.86	8.496349
6.88	8.490107
6.9	8.484993
6.92	8.47971
6.94	8.473544
6.96	8.468529
6.98	8.46334
7	8.452343
7.02	8.447255
7.04	8.441259
7.06	8.43645
7.08	8.431465
7.1	8.425561
7.12	8.420862
7.14	8.415983
7.16	8.405589
7.18	8.400823
7.2	8.395113
7.22	8.390644
7.24	8.385993
7.26	8.380386
7.28	8.376039
7.3	8.371507
7.32	8.361785
7.34	8.357376
7.36	8.35199
7.38	8.347895
7.4	8.343613
7.42	8.338341
7.44	8.334378
7.46	8.330225
7.48	8.321245
7.5	8.317226
7.52	8.312198
7.54	8.308509
7.56	8.304627
7.58	8.299725
7.6	8.296178
7.62	8.292437
7.64	8.284264
7.66	8.280665
7.68	8.276027
7.7	8.272774
7.72	8.269323
7.74	8.264821
7.76	8.26172
7.78	8.254059
7.8	8.251112
7.82	8.247964
7.84	8.243747
7.86	8.240958
7.88	8.237967
7.9	8.233895
7.92	8.231267
7.94	8.224512
7.96	8.222047
7.98	8.219376
8	8.215607
8.02	8.213308
8.04	8.2108
8.06	8.207188
8.08	8.205057
8.1	8.202716
8.12	8.199263
8.14	8.195131
8.16	8.191838
8.18	8.190051
8.2	8.188052
8.22	8.184923
8.24	8.183311
8.26	8.181485
8.28	8.178523
8.3	8.17544
8.32	8.172647
8.34	8.171391
8.36	8.169921
8.38	8.167299
8.4	8.166226
8.42	8.164936
8.44	8.161598
8.46	8.16049
8.48	8.158216
8.5	8.157514
8.52	8.15659
8.54	8.154494
8.56	8.153978
8.58	8.153241
8.6	8.150998
8.62	8.150448
8.64	8.148714
8.66	8.148577
8.68	8.148216
8.7	8.146666
8.72	8.14672
8.74	8.146551
8.76	8.145433
8.78	8.145456
8.8	8.144277
8.82	8.14472
8.84	8.144936
8.86	8.143946
8.88	8.144583
8.9	8.144036
8.92	8.144925
8.94	8.15414
8.96	8.124142
8.98	8.118409
9	8.110723
9.02	8.101107
9.04	8.089583
9.06	8.060941
9.08	8.066138
9.1	8.095181
9.12	8.122091
9.14	8.141502
9.16	8.14727
9.18	8.150749
9.2	8.151097
9.22	8.138679
9.24	8.108105
9.26	8.090032
9.28	8.097023
9.3	8.102017
9.32	8.105029
9.34	8.106066
9.36	8.106598
9.38	8.116636
9.4	8.122534
9.42	8.128594
9.44	8.134946
9.46	8.141432
9.48	8.148204
9.5	8.155108
9.52	8.169621
9.54	8.177228
9.56	8.184969
9.58	8.192992
9.6	8.20115
9.62	8.20959
9.64	8.218164
9.66	8.22702
9.68	8.23601
9.7	8.24528
9.72	8.26437
9.74	8.27419
9.76	8.284287
9.78	8.293186
9.8	8.298378
9.82	8.305305
9.84	8.311429
9.86	8.324701
9.88	8.338223
9.9	8.340968
9.92	8.342211
9.94	8.343725
9.96	8.331793
9.98	8.317829
10	8.301873
10.02	8.264153
10.04	8.273046
10.06	8.279845
10.08	8.284797
10.1	8.291238
10.12	8.297694
10.14	8.304169
10.16	8.311099
10.18	8.324572
10.2	8.331729
10.22	8.338707
10.24	8.345662
10.26	8.353033
10.28	8.36023
10.3	8.367405
10.32	8.382387
10.34	8.389771
10.36	8.397541
10.38	8.405149
10.4	8.412732
10.42	8.420687
10.44	8.428484
10.46	8.436258
10.48	8.452369
10.5	8.460324
10.52	8.468624
10.54	8.476774
10.56	8.484903
10.58	8.493361
10.6	8.501677
10.62	8.50997
10.64	8.52705
10.66	8.5355
10.68	8.544251
10.7	8.552871
10.72	8.561469
10.74	8.579117
10.76	8.587855
10.78	8.596872
10.8	8.605765
10.82	8.614638
10.84	8.623776
10.86	8.632796
10.88	8.641796
10.9	8.659842
10.92	8.666746
10.94	8.673367
10.96	8.679772
10.98	8.686126
11	8.692613
11.02	8.698965
11.04	8.705271
11.06	8.71174
11.08	8.724333
11.1	8.730775
11.12	8.737068
11.14	8.743305
11.16	8.749715
11.18	8.755977
11.2	8.76218
11.22	8.774782
11.24	8.780951
11.26	8.787285
11.28	8.793478
11.3	8.799612
11.32	8.805903
11.34	8.812059
11.36	8.824405
11.38	8.830521
11.4	8.836579
11.42	8.842782
11.44	8.848857
11.46	8.854875
11.48	8.86103
11.5	8.867062
11.52	8.879143
11.54	8.885129
11.56	8.891127
11.58	8.897545
11.6	8.903596
11.62	8.908986
11.64	8.914862
11.66	8.921041
11.68	8.932364
11.7	8.938204
11.72	8.944413
11.74	8.949752
11.76	8.955413
11.78	8.961136
11.8	8.967232
11.82	8.978002
11.84	8.983609
11.86	8.989574
11.88	8.994701
11.9	9.000137
11.92	9.005631
11.94	9.011463
11.96	9.0165
11.98	9.021827
12	9.032907
12.02	9.037855
12.04	9.043136
12.06	9.048373
12.08	9.053907
12.1	9.058761
12.12	9.063925
12.14	9.069048
12.16	9.079207
12.18	9.084257
12.2	9.089266
12.22	9.09425
12.24	9.099562
12.26	9.10404
12.28	9.108874
12.3	9.118466
12.32	9.123581
12.34	9.12787
12.36	9.132507
12.38	9.13712
12.4	9.141717
12.42	9.146619
12.44	9.150748
12.46	9.159631
12.48	9.164045
12.5	9.168738
12.52	9.172722
12.54	9.176999
12.56	9.181253
12.58	9.185493
12.6	9.193829
12.62	9.197937
12.64	9.202024
12.66	9.206096
12.68	9.210127
12.7	9.214454
12.72	9.217985
12.74	9.221835
12.76	9.229521
12.78	9.233301
12.8	9.237369
12.82	9.24067
12.84	9.244281
12.86	9.24793
12.88	9.251493
12.9	9.261588
12.92	9.277285
12.94	9.295146
12.96	9.313772
12.98	9.312078
13	9.320104
13.02	9.316237
13.04	9.318731
13.06	9.34935
13.08	9.327476
13.1	9.321265
13.12	9.30243
13.14	9.294888
13.16	9.286175
13.18	9.279866
13.2	9.271605
13.22	9.283024
13.24	9.272103
13.26	9.273482
13.28	9.278559
13.3	9.285578
13.32	9.108303
13.34	9.216146
13.36	9.026964
13.38	9.127907
13.4	8.935941
13.42	8.599829
13.44	8.286396
13.46	8.054201
13.48	8.174476
13.5	8.183354
13.52	8.132504
13.54	8.093557
13.56	8.104184
13.58	8.068645
13.6	8.156981
13.62	8.24534
13.64	8.333478
13.66	8.508202
13.68	8.594378
13.7	8.679512
13.72	8.763431
13.74	8.845974
13.76	8.926991
13.78	8.838162
13.8	8.659575
13.82	8.570271
13.84	8.478611
13.86	8.390475
13.88	8.301049
13.9	8.255351
13.92	8.292686
13.94	8.307961
13.96	8.329602
13.98	8.340287
14	8.351222
14.02	8.362494
14.04	8.374064
14.06	8.385979
14.08	8.398182
14.1	8.410731
14.12	8.423582
14.14	8.450262
14.16	8.464079
14.18	8.478212
14.2	8.492697
14.22	8.507484
14.24	8.522592
14.26	8.53805
14.28	8.570055
14.3	8.586584
14.32	8.603456
14.34	8.62064
14.36	8.638179
14.38	8.656061
14.4	8.674122
14.42	8.692537
14.44	8.730321
14.46	8.749734
14.48	8.769456
14.5	8.789536
14.52	8.809926
14.54	8.830677
14.56	8.87314
14.58	8.894877
14.6	8.916954
14.62	8.939366
14.64	8.962122
14.66	9.00865
14.68	9.032424
14.7	9.056543
14.72	9.081001
14.74	9.105805
14.76	9.130951
14.78	9.182279
14.8	9.208463
14.82	9.23499
14.84	9.261867
14.86	9.289088
14.88	9.316661
14.9	9.34458
14.92	9.401468
14.94	9.43044
14.96	9.45976
14.98	9.489433
15	9.519458
15.02	9.549837
15.04	9.580568
15.06	9.643094
15.08	9.674891
15.1	9.707041
15.12	9.739549
15.14	9.772423
15.16	9.805636
15.18	9.839213
15.2	9.907447
15.22	9.942104
15.24	9.977118
15.26	10.0125
15.28	10.04823
15.3	10.08433
15.32	10.12079
15.34	10.15761
15.36	10.19479
15.38	10.27025
15.4	10.30853
15.42	10.34717
15.44	10.38626
15.46	10.42574
15.48	10.46559
15.5	10.5057
15.52	10.54616
15.54	10.6282
15.56	10.66977
15.58	10.7117
15.6	10.75401
15.62	10.77332
15.64	10.78848
15.66	10.80269
15.68	10.81611
15.7	10.84049
15.72	10.85278
15.74	10.865
15.76	10.87671
15.78	10.88914
15.8	10.90151
15.82	10.91333
15.84	10.93845
15.86	10.9504
15.88	10.96317
15.9	10.97585
15.92	10.98794
15.94	11.00087
15.96	11.0137
15.98	11.03903
16	11.05201
16.02	11.06441
16.04	11.07764
16.06	11.09078
16.08	11.10332
16.1	11.11671
16.12	11.14268
16.14	11.15623
16.16	11.16967
16.18	11.18249
16.2	11.19618
16.22	11.22274
16.24	11.23658
16.26	11.25032
16.28	11.26342
16.3	11.27741
16.32	11.29129
16.34	11.30453
16.36	11.31867
16.38	11.34607
16.4	11.36035
16.42	11.37452
16.44	11.38803
16.46	11.40245
16.48	11.41676
16.5	11.43041
16.52	11.44497
16.54	11.45941
16.56	11.48789
16.58	11.50247
16.6	11.51638
16.62	11.53122
16.64	11.54593
16.66	11.55997
16.68	11.57494
16.7	11.58979
16.72	11.61906
16.74	11.63404
16.76	11.64833
16.78	11.66356
16.8	11.67867
16.82	11.69308
16.84	11.70845
16.86	11.72368
16.88	11.75371
16.9	11.76907
16.92	11.78373
16.94	11.79935
16.96	11.81484
16.98	11.82961
17	11.84535
17.02	11.87586
17.04	11.88272
17.06	11.87707
17.08	11.89695
17.1	11.90233
17.12	11.88258
17.14	11.86593
17.16	11.88609
17.18	11.86886
17.2	11.85041
17.22	11.83074
17.24	11.80984
17.26	11.78773
17.28	11.76384
17.3	11.74483
17.32	11.70972
17.34	11.69262
17.36	11.6758
17.38	11.65923
17.4	11.64286
17.42	11.62676
17.44	11.61091
17.46	11.57987
17.48	11.56474
17.5	11.5498
17.52	11.53513
17.54	11.52071
17.56	11.50649
17.58	11.49253
17.6	11.47883
17.62	11.45208
17.64	11.43909
17.66	11.42629
17.68	11.41376
17.7	11.40148
17.72	11.38939
17.74	11.36595
17.76	11.35462
17.78	11.34348
17.8	11.33261
17.82	11.32192
17.84	11.31154
17.86	11.30134
17.88	11.28168
17.9	11.27224
17.92	11.26299
17.94	11.25401
17.96	11.24521
17.98	11.23672
18	11.22841
18.02	11.22029
18.04	11.20494
18.06	11.19756
18.08	11.19039
18.1	11.18352
18.12	11.17684
18.14	11.17047
18.16	11.16427
18.18	11.15258
18.2	11.14707
18.22	11.14187
18.24	11.13685
18.26	11.13203
18.28	11.12751
18.3	11.12317
18.32	11.11915
18.34	11.11165
18.36	11.10831
18.38	11.10515
18.4	11.1023
18.42	11.09963
18.44	11.09715
18.46	11.09498
18.48	11.09299
18.5	11.09132
18.52	11.08852
18.54	11.08752
18.56	11.08671
18.58	11.08621
18.6	11.08588
18.62	11.08575
18.64	11.08593
18.66	11.08697
18.68	11.08782
18.7	11.08886
18.72	11.09022
18.74	11.09175
18.76	11.0936
18.78	11.09563
18.8	11.09784
18.82	11.10308
18.84	11.10611
18.86	11.10972
18.88	11.11975
18.9	11.11522
18.92	11.11396
18.94	11.11139
18.96	11.10753
18.98	11.12265
19	11.12673
19.02	11.12951
19.04	11.13206
19.06	11.1348
19.08	11.13741
19.1	11.14004
19.12	11.14271
19.14	11.14814
19.16	11.15089
19.18	11.15367
19.2	11.15656
19.22	11.15945
19.24	11.16235
19.26	11.16504
19.28	11.16792
19.3	11.17385
19.32	11.17686
19.34	11.17989
19.36	11.18292
19.38	11.18595
19.4	11.18919
19.42	11.19236
19.44	11.19552
19.46	11.20136
19.48	11.20452
19.5	11.2077
19.52	11.21091
19.54	11.21414
19.56	11.21735
19.58	11.22055
19.6	11.224
19.62	11.23023
19.64	11.23346
19.66	11.23677
19.68	11.24012
19.7	11.24346
19.72	11.24683
19.74	11.25019
19.76	11.25354
19.78	11.26063
19.8	11.26366
19.82	11.26702
19.84	11.27048
19.86	11.27398
19.88	11.27745
19.9	11.28096
19.92	11.28445
19.94	11.29167
19.96	11.29529
19.98	11.29841
20	11.30189
20.02	11.34479
20.04	11.38316
20.06	11.41856
20.08	11.48176
20.1	11.50969
20.12	11.52522
20.14	11.52564
20.16	11.52337
20.18	11.50569
20.2	11.49937
20.22	11.49114
20.24	11.48103
20.26	11.45525
20.28	11.43962
20.3	11.42221
20.32	11.40305
20.34	11.40541
20.36	11.40591
20.38	11.4013
20.4	11.39803
20.42	11.39686
20.44	11.39597
20.46	11.39497
20.48	11.3938
20.5	11.39244
20.52	11.39088
20.54	11.38718
20.56	11.38504
20.58	11.3827
20.6	11.38016
20.62	11.37739
20.64	11.37442
20.66	11.37125
20.68	11.36789
20.7	11.36057
20.72	11.35661
20.74	11.35244
20.76	11.34808
20.78	11.34351
20.8	11.33875
20.82	11.33378
20.84	11.32863
20.86	11.31771
20.88	11.31196
20.9	11.30601
20.92	11.29987
20.94	11.29352
20.96	11.28698
20.98	11.28025
21	11.26711
21.02	11.43491
21.04	11.44057
21.06	11.42681
21.08	11.42776
21.1	11.41073
21.12	11.41821
21.14	11.39997
21.16	11.39468
21.18	11.29424
21.2	11.19367
21.22	11.03924
21.24	10.94084
21.26	10.79208
21.28	10.72838
21.3	10.70302
21.32	10.67214
21.34	10.66318
21.36	10.64844
21.38	10.70151
21.4	10.63469
21.42	10.68692
21.44	10.60915
21.46	10.66061
21.48	10.56624
21.5	10.55116
21.52	10.53565
21.54	10.51982
21.56	10.50372
21.58	10.48733
21.6	10.47066
21.62	10.43649
21.64	10.41898
21.66	10.4012
21.68	10.36481
21.7	10.34621
21.72	10.32734
21.74	10.30817
21.76	10.28875
21.78	10.26906
21.8	10.24908
21.82	10.20834
21.84	10.18755
21.86	10.16651
21.88	10.14519
21.9	10.12361
21.92	10.10176
21.94	10.07965
21.96	10.05728
21.98	10.01176
22	9.988608
22.02	9.965194
22.04	9.941524
22.06	9.917592
22.08	9.893407
22.1	9.868963
22.12	9.844268
22.14	9.794115
22.16	9.76866
22.18	9.742958
22.2	9.717004
22.22	9.690806
22.24	9.664359
22.26	9.637671
22.28	9.610735
22.3	9.556142
22.32	9.528488
22.34	9.500592
22.36	9.472465
22.38	9.444098
22.4	9.415503
22.42	9.386671
22.44	9.357615
22.46	9.298814
22.48	9.269073
22.5	9.239114
22.52	9.20893
22.54	9.178531
22.56	9.14791
22.58	9.086031
22.6	9.054774
22.62	9.023306
22.64	8.991635
22.66	8.959754
22.68	8.927676
22.7	8.895394
22.72	8.862919
22.74	8.797381
22.76	8.764324
22.78	8.731084
22.8	8.697655
22.82	8.664048
22.84	8.630259
22.86	8.596296
22.88	8.562158
22.9	8.493377
22.92	8.458742
22.94	8.423942
22.96	8.388989
22.98	8.353878
23	8.318622
23.02	8.283215
23.04	8.247669
23.06	8.176167
23.08	8.140217
23.1	8.104141
23.12	8.067942
23.14	8.031625
23.16	7.995194
23.18	7.958654
23.2	7.885266
23.22	7.848427
23.24	7.811498
23.26	7.774702
23.28	7.737772
23.3	7.70042
23.32	7.663151
23.34	7.625851
23.36	7.551214
23.38	7.51374
23.4	7.476251
23.42	7.438735
23.44	7.401193
23.46	7.363634
23.48	7.326063
23.5	7.250916
23.52	7.213355
23.54	7.175812
23.56	7.138296
23.58	7.100815
23.6	7.063378
23.62	7.026197
23.64	6.988776
23.66	6.914318
23.68	6.877229
23.7	6.840239
23.72	6.803358
23.74	6.766597
23.76	6.729967
23.78	6.693714
23.8	6.6254
23.82	6.562451
23.84	6.528167
23.86	6.490207
23.88	6.452031
23.9	6.413536
23.92	6.37536
23.94	6.337627
23.96	6.300303
23.98	6.226966
24	6.12073
24.02	6.058243
24.04	6.002779
24.06	5.947399
24.08	5.891171
24.1	5.834422
24.12	5.848835
24.14	5.838806
24.16	5.818716
24.18	5.797199
24.2	5.775988
24.22	5.755428
24.24	5.735585
24.26	5.698081
24.28	5.680415
24.3	5.663466
24.32	5.64723
24.34	5.631702
24.36	5.616877
24.38	5.602748
24.4	5.58931
24.42	5.564484
24.44	5.553083
24.46	5.542348
24.48	5.532273
24.5	5.522849
24.52	5.514071
24.54	5.50593
24.56	5.49842
24.58	5.48526
24.6	5.479594
24.62	5.474527
24.64	5.470051
24.66	5.466157
24.68	5.462838
24.7	5.460083
24.72	5.456238
24.74	5.455129
24.76	5.45455
24.78	5.454493
24.8	5.454949
24.82	5.455903
24.84	5.457357
24.86	5.459291
24.88	5.464587
24.9	5.46793
24.92	5.471717
24.94	5.475952
24.96	5.480611
24.98	5.4857
25	5.491196
25.02	5.497104
25.04	5.5034
25.06	5.517153
25.08	5.524592
25.1	5.532385
25.12	5.540537
25.14	5.549028
25.16	5.557861
25.18	5.567015
25.2	5.576494
25.22	5.596374
25.24	5.606758
25.26	5.617435
25.28	5.628387
25.3	5.639616
25.32	5.651107
25.34	5.662859
25.36	5.687104
25.38	5.699584
25.4	5.712297
25.42	5.725229
25.44	5.738382
25.46	5.75174
25.48	5.765308
25.5	5.779068
25.52	5.793025
25.54	5.807163
25.56	5.835978
25.58	5.850643
25.6	5.865468
25.62	5.880454
25.64	5.895591
25.66	5.910879
25.68	5.926307
25.7	5.941875
25.72	5.957577
25.74	5.97341
25.76	6.005444
25.78	6.021637
25.8	6.037946
25.82	6.495008
25.84	6.070306
25.86	6.525164
25.88	6.103549
25.9	6.556193
25.92	6.587672
25.94	6.171352
25.96	6.196441
25.98	6.218779
26	6.234487
26.02	6.251309
26.04	6.261295
26.06	6.277054
26.08	6.283151
26.1	6.314249
26.12	6.340305
26.14	6.469853
26.16	6.609852
26.18	6.733312
26.2	6.871928
26.22	6.988648
26.24	7.234537
26.26	7.368135
26.28	7.469893
26.3	7.60012
26.32	6.673162
26.34	5.943479
26.36	6.713683
26.38	7.280803
26.4	6.583608
26.42	7.423834
26.44	6.64227
26.46	7.479629
26.48	6.685758
26.5	6.904473
26.52	6.931681
26.54	7.150592
26.56	6.948667
26.58	7.162704
26.6	6.955755
26.62	7.164682
26.64	6.953337
26.66	7.156937
26.68	6.736401
26.7	6.822577
26.72	6.85796
26.74	6.883317
26.76	6.906858
26.78	6.930223
26.8	6.95374
26.82	7.001443
26.84	7.025649
26.86	7.050094
26.88	7.074779
26.9	7.099708
26.92	7.124881
26.94	7.150299
26.96	7.175965
26.98	7.20188
27	7.228046
27.02	7.281137
27.04	7.308065
27.06	7.335251
27.08	7.362696
27.1	7.390402
27.12	7.418371
27.14	7.503873
27.16	7.532911
27.18	7.562221
27.2	7.591804
27.22	7.621663
27.24	7.651798
27.26	7.682213
27.28	7.712908
27.3	7.775147
27.32	7.806695
27.34	7.83853
27.36	7.870655
27.38	7.903071
27.4	7.935781
27.42	8.002087
27.44	8.035686
27.46	8.069586
27.48	8.103787
27.5	8.138293
27.52	8.173104
27.54	8.208222
27.56	8.243649
27.58	8.279387
27.6	8.351802
27.62	8.388482
27.64	8.42548
27.66	8.462796
27.68	8.500434
27.7	8.538393
27.72	8.576677
27.74	8.615286
27.76	8.693487
27.78	8.733083
27.8	8.77301
27.82	8.813271
27.84	8.853866
27.86	8.894797
27.88	8.936068
27.9	9.019627
27.92	9.061918
27.94	9.073332
27.96	9.076811
27.98	9.07893
28	9.080112
28.02	9.08095
28.04	9.081885
28.06	9.083486
28.08	9.084246
28.1	9.084988
28.12	9.085711
28.14	9.086417
28.16	9.087105
28.18	9.087773
28.2	9.088424
28.22	9.089055
28.24	9.089665
28.26	9.090823
28.28	9.09136
28.3	9.091881
28.32	9.092379
28.34	9.09285
28.36	9.093295
28.38	9.093715
28.4	9.094473
28.42	9.09481
28.44	9.095119
28.46	9.095398
28.48	9.095648
28.5	9.095866
28.52	9.096054
28.54	9.09621
28.56	8.983795
28.58	8.947576
28.6	8.840119
28.62	8.838635
28.64	8.851357
28.66	8.873529
28.68	8.899667
28.7	8.924125
28.72	8.959063
28.74	9.027858
28.76	9.054281
28.78	8.780828
28.8	8.50481
28.82	8.226984
28.84	7.948186
28.86	7.669356
28.88	7.344501
28.9	7.293031
28.92	7.086812
28.94	7.109105
28.96	7.10885
28.98	7.103875
29	7.097764
29.02	7.09123
29.04	7.077371
29.06	7.070081
29.08	7.062554
29.1	7.054793
29.12	7.046802
29.14	7.038578
29.16	7.030124
29.18	7.021442
29.2	7.003401
29.22	6.994044
29.24	6.984467
29.26	6.974669
29.28	6.964655
29.3	6.954423
29.32	6.94398
29.34	6.922457
29.36	6.911386
29.38	6.900107
29.4	6.888625
29.42	6.876944
29.44	6.848633
29.46	6.827254
29.48	6.80585
29.5	6.95501
29.52	7.106411
29.54	7.41375
29.56	7.56872
29.58	7.723988
29.6	7.879177
29.62	8.033948
29.64	8.187996
29.66	8.341041
29.68	7.878089
29.7	7.646318
29.72	7.414883
29.74	7.184251
29.76	6.954959
29.78	6.727616
29.8	6.563077
29.82	6.397003
29.84	6.514878
29.86	6.497912
29.88	6.473712
29.9	6.446803
29.92	6.41819
29.94	6.388179
29.96	6.356941
29.98	6.306262
30	6.286497
30.02	6.403728
30.04	6.520936
30.06	6.637784
30.08	6.753963
30.1	6.869191
30.12	7.109398
30.14	7.234571
30.16	7.344419
30.18	7.466644
30.2	7.231728
30.22	6.997337
30.24	6.764006
30.26	6.532351
30.28	6.125154
30.3	6.150032
30.32	6.149507
30.34	6.144908
30.36	6.140531
30.38	6.412478
30.4	6.692468
30.42	6.97881
30.44	7.565004
30.46	7.862589
30.48	8.16193
30.5	8.462269
30.52	8.709917
30.54	8.81164
30.56	8.727351
30.58	8.335299
30.6	8.627982
30.62	8.228589
30.64	8.51361
30.66	8.107141
30.68	8.384335
30.7	7.971078
30.72	7.133469
30.74	6.085181
30.76	6.001387
30.78	5.91469
30.8	5.825156
30.82	5.821448
30.84	5.816953
30.86	5.807128
30.88	5.79562
30.9	5.772832
30.92	5.761548
30.94	5.75034
30.96	5.739213
30.98	5.728171
31	5.71722
31.02	5.706363
31.04	5.68495
31.06	5.674404
31.08	5.66397
31.1	5.653653
31.12	5.643459
31.14	5.633392
31.16	5.623457
31.18	5.604002
31.2	5.594492
31.22	5.585135
31.24	5.575934
31.26	5.566896
31.28	5.558025
31.3	5.549327
31.32	5.540807
31.34	5.53247
31.36	5.516369
31.38	5.508614
31.4	5.501065
31.42	5.493727
31.44	5.486605
31.46	5.479705
31.48	5.473032
31.5	5.466593
31.52	5.454435
31.54	5.44873
31.56	5.443279
31.58	5.43809
31.6	5.433168
31.62	5.428521
31.64	5.424151
31.66	5.420066
31.68	5.412774
31.7	5.409577
31.72	5.406688
31.74	5.404112
31.76	5.401856
31.78	5.399925
31.8	5.398324
31.82	5.396135
31.84	5.395558
31.86	5.395335
31.88	5.395468
31.9	5.395967
31.92	5.396833
31.94	5.398075
31.96	5.399696
31.98	5.404098
32	5.406889
32.02	5.410079
32.04	5.413676
32.06	5.417683
32.08	5.422104
32.1	5.426945
32.12	5.43221
32.14	5.437903
32.16	5.450931
32.18	5.45767
32.2	5.46507
32.22	5.472963
32.24	5.481318
32.26	5.490131
32.28	5.499405
32.3	5.509144
32.32	5.519351
32.34	5.54118
32.36	5.552809
32.38	5.564919
32.4	5.577512
32.42	5.59059
32.44	5.604157
32.46	5.618216
32.48	5.647814
32.5	5.663358
32.52	5.679402
32.54	5.695947
32.56	5.712995
32.58	5.730547
32.6	5.786245
32.62	5.805829
32.64	5.825923
32.66	5.846528
32.68	5.867645
32.7	5.889274
32.72	5.911416
32.74	5.957239
32.76	5.980921
32.78	6.005116
32.8	6.029824
32.82	6.055045
32.84	6.080779
32.86	6.133783
32.88	6.161051
32.9	6.18883
32.92	6.217118
32.94	6.245915
32.96	6.27522
32.98	6.30503
33	6.335346
33.02	6.366167
33.04	6.397489
33.06	6.461637
33.08	6.494459
33.1	6.527777
33.12	6.561591
33.14	6.595898
33.16	6.630696
33.18	6.665984
33.2	6.70176
33.22	6.737014
33.24	6.774261
33.26	6.813793
33.28	6.854815
33.3	6.897173
33.32	6.940839
33.34	6.985808
33.36	7.03208
33.38	7.208348
33.4	7.288466
33.42	7.365168
33.44	7.438385
33.46	7.50806
33.48	7.574131
33.5	7.636547
33.52	7.695259
33.54	7.817502
33.56	7.882776
33.58	7.946064
33.6	8.007388
33.62	8.066775
33.64	8.124256
33.66	8.179866
33.68	8.285621
33.7	8.335854
33.72	8.222701
33.74	8.114406
33.76	8.063092
33.78	8.120273
33.8	8.151737
33.82	8.175877
33.84	8.214084
33.86	8.274077
33.88	8.304029
33.9	8.38795
33.92	8.461837
33.94	8.534195
33.96	8.606696
33.98	8.753108
34	8.82705
34.02	8.901458
34.04	8.976306
34.06	9.051569
34.08	9.18772
34.1	9.32278
34.12	9.456575
34.14	9.588953
34.16	9.719769
34.18	9.976195
34.2	10.10157
34.22	10.22493
34.24	10.34616
34.26	10.25665
34.28	10.17022
34.3	10.08724
34.32	9.933249
34.34	9.830563
34.36	9.85089
34.38	9.851912
34.4	9.849119
34.42	9.84567
34.44	9.842201
34.46	9.838806
34.48	9.832425
34.5	9.829408
34.52	9.82653
34.54	9.823788
34.56	9.821182
34.58	9.818712
34.6	9.816345
34.62	9.812017
34.64	9.810054
34.66	9.808223
34.68	9.80649
34.7	9.804889
34.72	9.803418
34.74	9.802079
34.76	9.80087
34.78	9.79884
34.8	9.798018
34.82	9.797325
34.84	9.79676
34.86	9.796322
34.88	9.795982
34.9	9.79577
34.92	9.795722
34.94	9.795888
34.96	9.796179
34.98	9.796595
35	9.797135
35.02	9.7978
35.04	9.798591
35.06	9.799504
35.08	9.800542
35.1	9.802989
35.12	9.804397
35.14	9.805928
35.16	9.807583
35.18	9.809361
35.2	9.811261
35.22	9.813284
35.24	9.817698
35.26	9.82009
35.28	9.822604
35.3	9.825241
35.32	9.828
35.34	9.830883
35.36	9.833888
35.38	9.837016
35.4	9.843686
35.42	9.847227
35.44	9.850808
35.46	9.851714
35.48	9.852143
35.5	9.852461
35.52	9.852769
35.54	9.853085
35.56	9.853744
35.58	9.854086
35.6	9.854523
35.62	9.8549
35.64	9.855296
35.66	9.855704
35.68	9.856123
35.7	9.857044
35.72	9.857518
35.74	9.857996
35.76	9.858497
35.78	9.859091
35.8	9.85967
35.82	9.860261
35.84	9.860866
35.86	9.861917
35.88	9.862519
35.9	9.86315
35.92	9.863843
35.94	9.864514
35.96	9.865191
35.98	9.865894
36	9.867395
36.02	9.868158
36.04	9.868977
36.06	9.869779
36.08	9.870591
36.1	9.871428
36.12	9.872328
36.14	9.873213
36.16	9.875082
36.18	9.876027
36.2	9.877028
36.22	9.878021
36.24	9.879031
36.26	9.88012
36.28	9.881186
36.3	10.08796
36.32	10.30504
36.34	10.5324
36.36	11.01444
36.38	10.88806
36.4	10.76034
36.42	10.63361
36.44	10.50853
36.46	10.38545
36.48	10.26463
36.5	10.02871
36.52	9.913919
36.54	9.830135
36.56	9.888122
36.58	9.906497
36.6	9.90489
36.62	9.899192
36.64	9.885492
36.66	9.878287
36.68	9.870956
36.7	9.863361
36.72	9.855565
36.74	9.847678
36.76	9.839677
36.78	9.822941
36.8	9.814387
36.82	9.80561
36.84	9.796747
36.86	9.787616
36.88	9.778404
36.9	9.76897
36.92	9.759455
36.94	9.739812
36.96	9.72973
36.98	9.719573
37	9.709145
37.02	9.698648
37.04	9.687928
37.06	9.677023
37.08	9.666057
37.1	9.643489
37.12	9.632057
37.14	9.6204
37.16	9.608562
37.18	9.596673
37.2	9.584558
37.22	9.572263
37.24	9.547359
37.26	9.534615
37.28	9.521832
37.3	9.508824
37.32	9.495639
37.34	9.48242
37.36	9.468978
37.38	9.455359
37.4	9.441714
37.42	9.413802
37.44	9.399738
37.46	9.385452
37.48	9.370994
37.5	9.35652
37.52	9.341825
37.54	9.326961
37.56	9.296958
37.58	9.281823
37.6	9.266433
37.62	9.251041
37.64	9.235395
37.66	9.219753
37.68	9.203856
37.7	9.171823
37.72	9.15558
37.74	9.139194
37.76	9.122713
37.78	9.106091
37.8	9.089377
37.82	9.072524
37.84	9.038507
37.86	9.021343
37.88	9.004047
37.9	8.986669
37.92	8.969159
37.94	8.951571
37.96	8.933856
37.98	8.916065
38	8.880162
38.02	8.862053
38.04	8.843876
38.06	8.807221
38.08	8.788746
38.1	8.770211
38.12	8.751564
38.14	8.732862
38.16	8.71405
38.18	8.676219
38.2	8.657204
38.22	8.638087
38.24	8.618929
38.26	8.599672
38.28	8.580379
38.3	8.56099
38.32	8.52206
38.34	8.502522
38.36	8.482899
38.38	8.463253
38.4	8.443526
38.42	8.423782
38.44	8.403962
38.46	8.38413
38.48	8.344316
38.5	8.324338
38.52	8.30436
38.54	8.284322
38.56	8.264288
38.58	8.244199
38.6	8.22412
38.62	8.183879
38.64	8.163723
38.66	8.14359
38.68	8.123419
38.7	8.103278
38.72	8.083105
38.74	8.062968
38.76	8.022687
38.78	8.002548
38.8	7.982461
38.82	7.962361
38.84	7.94232
38.86	7.922272
38.88	7.902291
38.9	7.882311
38.92	7.842507
38.94	7.822693
38.96	7.802894
38.98	7.783186
39	7.763501
39.02	7.743916
39.04	7.724362
39.06	7.704917
39.08	7.685512
39.1	7.666224
39.12	7.627873
39.14	7.608818
39.16	7.589899
39.18	7.571046
39.2	7.552339
39.22	7.533708
39.24	7.515233
39.26	7.47862
39.28	7.460491
39.3	7.442538
39.32	7.424691
39.34	7.406992
39.36	7.389447
39.38	7.372061
39.4	7.337788
39.42	7.320911
39.44	7.304216
39.46	7.287709
39.48	7.271394
39.5	7.255277
39.52	7.239364
39.54	7.224087
39.56	7.192765
39.58	7.178267
39.6	7.162791
39.62	7.148384
39.64	7.134258
39.66	7.119472
39.68	7.105514
39.7	7.091923
39.72	7.065571
39.74	7.0528
39.76	7.040304
39.78	7.028724
39.8	7.016092
39.82	7.004304
39.84	6.992926
39.86	6.981874
39.88	6.960697
39.9	6.950443
39.92	6.940626
39.94	6.931165
39.96	6.92205
39.98	6.913283
40	6.896817
40.02	6.889131
40.04	6.881818
40.06	6.874885
40.08	6.868338
40.1	6.862183
40.12	6.856427
40.14	6.846136
40.16	6.841614
40.18	6.837516
40.2	6.833848
40.22	6.830616
40.24	6.827827
40.26	6.825486
40.28	6.822173
40.3	6.821213
40.32	6.820724
40.34	6.820714
40.36	6.821187
40.38	6.822148
40.4	6.823604
40.42	6.825559
40.44	6.737553
40.46	6.677892
40.48	6.654802
40.5	7.047346
40.52	6.711761
40.54	7.112362
40.56	6.724441
40.58	7.121132
40.6	6.744067
40.62	6.772881
40.64	7.174181
40.66	6.804488
40.68	7.204607
40.7	6.838854
40.72	7.237629
40.74	6.875924
40.76	6.915642
40.78	7.311276
40.8	6.957948
40.82	7.351799
40.84	7.002783
40.86	7.394721
40.88	7.050089
40.9	7.099804
40.92	7.487552
40.94	7.151871
40.96	7.537358
40.98	7.206231
41	7.589358
41.02	7.262827
41.04	7.3216
41.06	7.699738
41.08	7.382495
41.1	7.758018
41.12	7.445457
41.14	7.818294
41.16	7.51043
41.18	7.577364
41.2	7.944646
41.22	7.646206
41.24	8.010632
41.26	8.078429
41.28	7.789418
41.3	8.147998
41.32	7.863692
41.34	8.17527
41.36	8.178434
41.38	8.179621
41.4	8.178864
41.42	8.176198
41.44	8.171665
41.46	8.165312
41.48	8.147343
41.5	8.135841
41.52	8.122747
41.54	8.10813
41.56	8.128467
41.58	8.146847
41.6	8.163321
41.62	8.198105
41.64	8.215876
41.66	8.233894
41.68	8.252074
41.7	8.270489
41.72	8.289062
41.74	8.307861
41.76	8.326815
41.78	8.365314
41.8	8.384852
41.82	8.404539
41.84	8.417076
41.86	8.423053
41.88	8.428226
41.9	8.432797
41.92	8.437346
41.94	8.446087
41.96	8.450706
41.98	8.455227
42	8.45915
42.02	8.463738
42.04	8.468194
42.06	8.472034
42.08	8.480964
42.1	8.484759
42.12	8.48897
42.14	8.493451
42.16	8.498057
42.18	8.501497
42.2	8.505543
42.22	8.514426
42.24	8.517694
42.26	8.5216
42.28	8.52588
42.3	8.5302
42.32	8.533364
42.34	8.537141
42.36	8.541271
42.38	8.545427
42.4	8.55216
42.42	8.556324
42.44	8.560026
42.46	8.563132
42.48	8.566609
42.5	8.570551
42.52	8.574128
42.54	8.577188
42.56	8.580548
42.58	8.587655
42.6	8.591252
42.62	8.593992
42.64	8.597118
42.66	8.600338
42.68	8.60379
42.7	8.607155
42.72	8.612624
42.74	8.615628
42.76	8.61884
42.78	8.621966
42.8	8.624364
42.82	8.627086
42.84	8.629879
42.86	8.632627
42.88	8.638505
42.9	8.640556
42.92	8.643031
42.94	8.645492
42.96	8.646713
42.98	8.640373
43	8.632913
43.02	8.625597
43.04	8.612144
43.06	8.595325
43.08	8.576516
43.1	8.555772
43.12	8.533154
43.14	8.508728
43.16	8.454749
43.18	8.425356
43.2	8.428626
43.22	8.429883
43.24	8.534168
43.26	8.540233
43.28	8.530637
43.3	8.521922
43.32	8.517402
43.34	8.522184
43.36	8.531585
43.38	8.545493
43.4	8.563802
43.42	8.205038
43.44	7.860869
43.46	7.534346
43.48	7.468459
43.5	7.432086
43.52	7.438264
43.54	7.453776
43.56	7.456
43.58	7.459502
43.6	7.461075
43.62	7.462555
43.64	7.463943
43.66	7.465238
43.68	7.466439
43.7	7.467484
43.72	7.468436
43.74	7.470055
43.76	7.47072
43.78	7.471289
43.8	7.47176
43.82	7.472133
43.84	7.472407
43.86	7.472579
43.88	7.472556
43.9	7.472394
43.92	7.47213
43.94	7.471765
43.96	7.471297
43.98	7.470727
44	7.470055
44.02	7.468399
44.04	7.467415
44.06	7.466327
44.08	7.465134
44.1	7.463836
44.12	7.462433
44.14	7.460924
44.16	7.459309
44.18	7.455889
44.2	7.454017
44.22	7.452037
44.24	7.449951
44.26	7.447824
44.28	7.445585
44.3	7.443238
44.32	7.440783
44.34	7.435549
44.36	7.432838
44.38	7.430014
44.4	7.427081
44.42	7.424104
44.44	7.421011
44.46	7.417809
44.48	7.414499
44.5	7.411143
44.52	7.40767
44.54	7.400473
44.56	7.39674
44.58	7.392899
44.6	7.388948
44.62	7.384965
44.64	7.380864
44.66	7.376722
44.68	7.368092
44.7	7.363681
44.72	7.359152
44.74	7.354587
44.76	7.349903
44.78	7.345112
44.8	7.340286
44.82	7.330372
44.84	7.325282
44.86	7.320086
44.88	7.314864
44.9	7.309525
44.92	7.304166
44.94	7.298689
44.96	7.293108
44.98	7.287509
45	7.276083
45.02	7.270274
45.04	7.26435
45.06	7.258414
45.08	7.252363
45.1	7.246279
45.12	7.240082
45.14	8.062777
45.16	8.047869
45.18	8.030026
45.2	8.009254
45.22	8.36217
45.24	8.461761
45.26	8.517988
45.28	8.055561
45.3	7.977014
45.32	7.933035
45.34	7.885944
45.36	7.835764
45.38	7.782518
45.4	7.726236
45.42	7.666948
