0.02	7.677106
0.04	8.241493
0.06	8.857128
0.08	9.264976
0.1	9.210144
0.12	9.193173
0.14	9.182367
0.16	9.171283
0.18	9.235919
0.2	9.304346
0.22	9.192137
0.24	9.16475
0.26	9.14394
0.28	9.123123
0.3	9.101345
0.32	9.078444
0.34	9.054414
0.36	9.029287
0.38	9.003108
0.4	8.97592
0.42	8.947768
0.44	8.888795
0.46	8.858085
0.48	8.826637
0.5	8.79452
0.52	8.7618
0.54	8.728548
0.56	8.694843
0.58	8.660765
0.6	8.626395
0.62	8.591824
0.64	8.529752
0.66	8.475498
0.68	8.435373
0.7	8.410859
0.72	8.402368
0.74	8.41003
0.76	8.433825
0.78	8.473633
0.8	8.646943
0.82	8.99746
0.84	9.203027
0.86	9.428822
0.88	9.672952
0.9	9.933441
0.92	10.20836
0.94	10.49588
0.96	10.79431
0.98	11.18522
1	11.56549
1.02	11.94914
1.04	12.33711
1.06	12.46541
1.08	12.51193
1.1	12.55639
1.12	12.60572
1.14	12.65808
1.16	12.61234
1.18	12.66548
1.2	12.73069
1.22	13.06283
1.24	13.15691
1.26	13.49975
1.28	13.62013
1.3	13.93684
1.32	13.81283
1.34	14.06948
1.36	14.39783
1.38	14.57248
1.4	14.66797
1.42	14.67141
1.44	14.77294
1.46	14.7512
1.48	14.69678
1.5	14.7275
1.52	14.30764
1.54	14.47227
1.56	14.1938
1.58	14.37249
1.6	14.18019
1.62	14.3505
1.64	14.18939
1.66	14.33815
1.68	14.33261
1.7	14.21819
1.72	14.32555
1.74	14.24002
1.76	14.31259
1.78	14.23638
1.8	14.3099
1.82	13.49615
1.84	13.66449
1.86	12.88836
1.88	13.0828
1.9	12.56584
1.92	11.89567
1.94	12.12488
1.96	11.52436
1.98	11.77159
2	11.25243
2.02	11.5173
2.04	11.09062
2.06	11.37204
2.08	11.04726
2.1	11.34342
2.12	11.21227
2.14	11.62723
2.16	11.62726
2.18	11.89825
2.2	11.63983
2.22	11.58237
2.24	11.55636
2.26	11.52836
2.28	11.48615
2.3	11.47184
2.32	11.45549
2.34	11.4371
2.36	11.41666
2.38	11.39955
2.4	11.38311
2.42	11.36655
2.44	11.34972
2.46	11.33254
2.48	11.31506
2.5	11.29726
2.52	11.26066
2.54	11.24189
2.56	11.22278
2.58	11.20336
2.6	11.18363
2.62	11.16355
2.64	11.14317
2.66	11.12247
2.68	11.10143
2.7	11.0801
2.72	11.05843
2.74	11.03646
2.76	10.99154
2.78	10.96862
2.8	10.94539
2.82	10.92183
2.84	10.89797
2.86	10.87379
2.88	10.8493
2.9	10.8245
2.92	10.79939
2.94	10.77396
2.96	10.74823
2.98	10.72219
3	10.69584
3.02	10.66917
3.04	10.64221
3.06	10.61493
3.08	10.58736
3.1	10.55948
3.12	10.5028
3.14	10.47401
3.16	10.44492
3.18	10.41553
3.2	10.38584
3.22	10.35585
3.24	10.32557
3.26	10.29499
3.28	10.26411
3.3	10.23294
3.32	10.20148
3.34	10.16972
3.36	10.13768
3.38	10.10534
3.4	10.07272
3.42	10.03981
3.44	10.00661
3.46	9.973132
3.48	9.939366
3.5	9.905321
3.52	9.870994
3.54	9.801502
3.56	9.766343
3.58	9.730906
3.6	9.695197
3.62	9.659215
3.64	9.622965
3.66	9.586444
3.68	9.549658
3.7	9.512605
3.72	9.47529
3.74	9.437712
3.76	9.399876
3.78	9.361779
3.8	9.32343
3.82	9.284823
3.84	9.206859
3.86	9.167504
3.88	9.127903
3.9	9.08806
3.92	9.047976
3.94	9.007654
3.96	8.967096
3.98	8.926304
4	8.885281
4.02	8.844028
4.04	8.802551
4.06	8.760852
4.08	8.718931
4.1	8.676794
4.12	8.634442
4.14	8.591881
4.16	8.54911
4.18	8.506136
4.2	8.462961
4.22	8.376021
4.24	8.332265
4.26	8.288321
4.28	8.244196
4.3	8.199891
4.32	8.155413
4.34	8.110764
4.36	7.954844
4.38	7.964472
4.4	8.322098
4.42	7.884439
4.44	8.246629
4.46	7.795399
4.48	8.161541
4.5	7.704153
4.52	8.074226
4.54	7.612116
4.56	7.98622
4.58	7.519614
4.6	7.897875
4.62	7.426754
4.64	7.809307
4.66	7.333604
4.68	7.720587
4.7	7.631778
4.72	7.146678
4.74	7.542948
4.76	7.053034
4.78	7.454163
4.8	6.95936
4.82	7.365498
4.84	6.865735
4.86	7.277029
4.88	6.772237
4.9	7.188839
4.92	6.678955
4.94	6.585979
4.96	7.013649
4.98	6.493409
5	6.926838
5.02	6.401347
5.04	6.840685
5.06	6.309906
5.08	6.755298
5.1	6.219204
5.12	6.670792
5.14	6.129368
5.16	6.587289
5.18	6.040532
5.2	6.504917
5.22	5.952837
5.24	6.42381
5.26	5.866439
5.28	6.344111
5.3	5.781494
5.32	6.265968
5.34	6.189538
5.36	5.616663
5.38	6.114985
5.4	5.537147
5.42	6.042479
5.44	5.459826
5.46	5.972198
5.48	5.384912
5.5	5.312624
5.52	5.839063
5.54	5.243191
5.56	5.776597
5.58	5.176851
5.6	5.717138
5.62	5.113852
5.64	5.660892
5.66	5.054444
5.68	5.608072
5.7	4.998887
5.72	5.558895
5.74	4.947445
5.76	5.513577
5.78	4.900384
5.8	5.472338
5.82	5.435392
5.84	4.820457
5.86	5.402954
5.88	4.788112
5.9	5.375232
5.92	4.761181
5.94	5.352429
5.96	4.739902
5.98	5.334737
6	4.723705
6.02	5.32088
6.04	4.710642
6.06	4.704748
6.08	5.305769
6.1	4.708618
6.12	5.312491
6.14	4.721434
6.16	5.326876
6.18	4.739363
6.2	5.343628
6.22	4.761082
6.24	5.3636
6.26	4.789828
6.28	5.390745
6.3	5.424262
6.32	4.868342
6.34	5.464032
6.36	4.917875
6.38	5.510032
6.4	4.974183
6.42	5.562206
6.44	5.03718
6.46	5.620509
6.48	5.106767
6.5	5.182825
6.52	5.755264
6.54	5.265221
6.56	5.831561
6.58	5.353805
6.6	5.913678
6.62	5.44842
6.64	6.001506
6.66	5.548897
6.68	6.094927
6.7	5.655065
6.72	5.766747
6.74	6.298045
6.76	5.883765
6.78	6.407475
6.8	6.00594
6.82	6.521968
6.84	6.133097
6.86	6.641387
6.88	6.765589
6.9	6.401667
6.92	6.894437
6.94	6.542746
6.96	7.027792
6.98	6.68814
7	7.16552
7.02	6.837697
7.04	7.307486
7.06	6.991268
7.08	7.453562
7.1	7.148714
7.12	7.603623
7.14	7.309901
7.16	7.757546
7.18	7.4747
7.2	7.915216
7.22	7.642991
7.24	8.076519
7.26	7.814657
7.28	8.241347
7.3	7.989592
7.32	8.16769
7.34	8.581167
7.36	8.348856
7.38	8.755967
7.4	8.532997
7.42	8.933903
7.44	8.720028
7.46	9.11489
7.48	8.909864
7.5	9.231986
7.52	9.253943
7.54	9.293924
7.56	9.312077
7.58	9.329096
7.6	9.345057
7.62	9.360039
7.64	9.374123
7.66	9.387396
7.68	9.399949
7.7	9.411878
7.72	9.500496
7.74	9.542763
7.76	9.583717
7.78	9.623387
7.8	9.665634
7.82	9.709281
7.84	9.753551
7.86	9.798285
7.88	9.843454
7.9	9.882051
7.92	10.01846
7.94	10.03483
7.96	10.06123
7.98	10.08646
8	10.11057
8.02	10.13359
8.04	10.15558
8.06	10.18704
8.08	10.22213
8.1	10.25851
8.12	10.29529
8.14	10.33263
8.16	10.37042
8.18	10.39962
8.2	10.42239
8.22	10.40417
8.24	10.46268
8.26	10.4969
8.28	10.52062
8.3	10.54498
8.32	10.56962
8.34	10.5944
8.36	10.61922
8.38	10.64399
8.4	10.66863
8.42	10.69307
8.44	10.65008
8.46	10.60742
8.48	10.56526
8.5	10.52382
8.52	10.51366
8.54	10.53043
8.56	10.55172
8.58	10.57397
8.6	10.61905
8.62	10.68425
8.64	10.74767
8.66	10.80921
8.68	10.86877
8.7	10.92626
8.72	10.98158
8.74	11.03465
8.76	11.0854
8.78	11.13374
8.8	11.17961
8.82	11.15458
8.84	11.12956
8.86	11.13696
8.88	11.16872
8.9	11.20022
8.92	11.25981
8.94	11.28943
8.96	11.31914
8.98	11.34886
9	11.37867
9.02	11.40848
9.04	11.4384
9.06	11.46832
9.08	11.49833
9.1	11.52834
9.12	11.55844
9.14	11.58855
9.16	11.61875
9.18	11.67923
9.2	11.70951
9.22	11.7021
9.24	11.6984
9.26	11.69392
9.28	11.68803
9.3	11.68232
9.32	11.67972
9.34	11.67763
9.36	11.67562
9.38	11.67364
9.4	11.67168
9.42	11.66974
9.44	11.66782
9.46	11.66592
9.48	11.66401
9.5	11.66213
9.52	11.66026
9.54	11.65658
9.56	11.65477
9.58	11.65298
9.6	11.65117
9.62	11.64939
9.64	11.64762
9.66	11.64588
9.68	11.64415
9.7	11.64243
9.72	11.64073
9.74	11.63906
9.76	11.63739
9.78	11.63575
9.8	11.63412
9.82	11.6325
9.84	11.63089
9.86	11.62929
9.88	11.62614
9.9	11.62459
9.92	11.62305
9.94	11.62153
9.96	11.62002
9.98	11.61853
10	11.61706
10.02	11.61559
10.04	11.61415
10.06	11.6113
10.08	11.60989
10.1	11.60851
10.12	11.60713
10.14	11.60577
10.16	11.60442
10.18	11.60309
10.2	11.60176
10.22	11.60046
10.24	11.59916
10.26	11.59788
10.28	11.59661
10.3	11.59412
10.32	11.59291
10.34	11.59172
10.36	11.59054
10.38	11.58937
10.4	11.58821
10.42	11.58707
10.44	11.58593
10.46	11.58484
10.48	11.58376
10.5	11.5827
10.52	11.58164
10.54	11.5806
10.56	11.57855
10.58	11.57754
10.6	11.57658
10.62	11.57562
10.64	11.57468
10.66	11.57375
10.68	11.57283
10.7	11.57196
10.72	11.57109
10.74	11.57024
10.76	11.5694
10.78	11.56857
10.8	11.56775
10.82	11.56698
10.84	11.56621
10.86	11.56472
10.88	11.56402
10.9	11.56333
10.92	11.56266
10.94	11.56199
10.96	11.56134
10.98	11.56073
11	11.56013
11.02	11.55954
11.04	11.55897
11.06	11.55844
11.08	11.55792
11.1	11.55742
11.12	11.55692
11.14	11.55601
11.16	11.55559
11.18	11.55517
11.2	11.55481
11.22	11.55445
11.24	11.55411
11.26	11.55378
11.28	11.55349
11.3	11.55321
11.32	11.55295
11.34	11.55273
11.36	11.55233
11.38	11.55215
11.4	11.55202
11.42	11.5519
11.44	11.55182
11.46	11.55175
11.48	11.55169
11.5	11.55165
11.52	11.55165
11.54	11.55167
11.56	11.55173
11.58	11.5518
11.6	11.55189
11.62	11.55202
11.64	11.55216
11.66	11.55232
11.68	11.55253
11.7	11.55275
11.72	11.55327
11.74	11.55357
11.76	11.55391
11.78	11.55426
11.8	11.55463
11.82	11.55505
11.84	11.55548
11.86	11.55596
11.88	11.55645
11.9	11.55696
11.92	11.55752
11.94	11.55809
11.96	11.55871
11.98	11.55934
12	11.56039
12.02	11.55986
12.04	11.55894
12.06	11.55809
12.08	11.55716
12.1	11.55621
12.12	11.55524
12.14	11.55427
12.16	11.5533
12.18	11.55233
12.2	11.55134
12.22	11.55034
12.24	11.54933
12.26	11.54831
12.28	11.54729
12.3	11.54625
12.32	11.54521
12.34	11.54416
12.36	11.5431
12.38	11.54204
12.4	11.54098
12.42	11.53884
12.44	11.53776
12.46	11.53662
12.48	11.53553
12.5	11.53446
12.52	11.53208
12.54	11.53094
12.56	11.52982
12.58	11.52871
12.6	11.5276
12.62	11.52649
12.64	11.52539
12.66	11.52429
12.68	11.52319
12.7	11.52211
12.72	11.52104
12.74	11.51998
12.76	11.51893
12.78	11.51802
12.8	11.51598
12.82	11.51493
12.84	11.51379
12.86	11.51272
12.88	11.51144
12.9	11.51031
12.92	11.50921
12.94	11.5081
12.96	11.50699
12.98	11.50587
13	11.50475
13.02	11.50362
13.04	11.50249
13.06	11.50136
13.08	11.49908
13.1	11.49795
13.12	11.49684
13.14	11.49573
13.16	11.49464
13.18	11.49356
13.2	11.49249
13.22	11.49145
13.24	11.49043
13.26	11.48944
13.28	11.48848
13.3	11.48755
13.32	11.48665
13.34	11.4858
13.36	11.48512
13.38	11.48434
13.4	11.4827
13.42	11.48156
13.44	11.48065
13.46	11.47978
13.48	11.4789
13.5	11.47802
13.52	11.47713
13.54	11.47624
13.56	11.47534
13.58	11.47352
13.6	11.47261
13.62	11.47169
13.64	11.47078
13.66	11.46987
13.68	11.46896
13.7	11.46805
13.72	11.46712
13.74	11.46622
13.76	11.46534
13.78	11.46446
13.8	11.4636
13.82	11.46276
13.84	11.46193
13.86	11.46113
13.88	11.45958
13.9	11.45885
13.92	11.45815
13.94	11.45748
13.96	11.45684
13.98	11.45624
14	11.45567
14.02	11.45515
14.04	11.45466
14.06	11.45422
14.08	11.45382
14.1	11.45347
14.12	11.45332
14.14	11.45304
14.16	11.4524
14.18	11.45176
14.2	11.45135
14.22	11.45097
14.24	11.4506
14.26	11.45021
14.28	11.44982
14.3	11.44941
14.32	11.449
14.34	11.44858
14.36	11.44815
14.38	11.44771
14.4	11.44726
14.42	11.4468
14.44	11.44633
14.46	11.44586
14.48	11.44538
14.5	11.4449
14.52	11.44391
14.54	11.44341
14.56	11.4429
14.58	11.44239
14.6	11.44187
14.62	11.44135
14.64	11.44083
14.66	11.44031
14.68	11.43979
14.7	11.43927
14.72	11.43874
14.74	11.43822
14.76	11.43719
14.78	11.43668
14.8	11.43617
14.82	11.43567
14.84	11.43515
14.86	11.43466
14.88	11.43419
14.9	11.43373
14.92	11.43328
14.94	11.43284
14.96	11.43241
14.98	11.43161
15	11.43123
15.02	11.43087
15.04	11.43054
15.06	11.43021
15.08	11.42992
15.1	11.42964
15.12	11.42938
15.14	11.4489
15.16	11.46047
15.18	11.47009
15.2	11.47704
15.22	11.48107
15.24	11.4782
15.26	11.45486
15.28	11.4612
15.3	11.45364
15.32	11.42228
15.34	11.20899
15.36	11.00716
15.38	10.81984
15.4	10.85559
15.42	10.85527
15.44	10.85011
15.46	10.8444
15.48	10.83835
15.5	10.832
15.52	10.82536
15.54	10.81844
15.56	10.81122
15.58	10.80373
15.6	10.79594
15.62	10.78787
15.64	10.77951
15.66	10.77087
15.68	10.75273
15.7	10.74323
15.72	10.73345
15.74	10.72339
15.76	10.71304
15.78	10.7024
15.8	10.69149
15.82	10.68029
15.84	10.66881
15.86	10.65704
15.88	10.645
15.9	10.87975
15.92	11.00282
15.94	10.92218
15.96	11.18098
15.98	10.8732
16	11.12637
16.02	10.81492
16.04	11.06206
16.06	10.74746
16.08	10.69544
16.1	10.62851
16.12	10.57292
16.14	10.52974
16.16	10.48447
16.18	10.43716
16.2	10.38785
16.22	10.33661
16.24	10.31498
16.26	10.29865
16.28	10.28016
16.3	10.26101
16.32	10.24148
16.34	10.22162
16.36	10.20146
16.38	10.18099
16.4	10.16022
16.42	10.11777
16.44	10.09609
16.46	10.07411
16.48	10.05183
16.5	10.02925
16.52	10.00637
16.54	9.98319
16.56	9.959714
16.58	9.935941
16.6	9.911874
16.62	9.88751
16.64	9.837902
16.66	9.81266
16.68	9.787125
16.7	9.761301
16.72	9.735186
16.74	9.708784
16.76	9.682093
16.78	9.627853
16.8	9.600307
16.82	9.572475
16.84	9.544364
16.86	9.515969
16.88	9.487297
16.9	9.458344
16.92	9.429114
16.94	9.399608
16.96	9.369827
16.98	9.339771
17	9.278846
17.02	9.247979
17.04	9.216841
17.06	9.185439
17.08	9.15377
17.1	9.12184
17.12	9.089644
17.14	9.057191
17.16	9.024477
17.18	8.991508
17.2	8.958282
17.22	8.924804
17.24	8.857092
17.26	8.822863
17.28	8.788389
17.3	8.75367
17.32	8.718712
17.34	8.683511
17.36	8.648075
17.38	8.6124
17.4	8.576497
17.42	8.540359
17.44	8.503997
17.46	8.467404
17.48	8.393558
17.5	8.356308
17.52	8.31884
17.54	8.281162
17.56	8.243273
17.58	8.20518
17.6	8.166881
17.62	8.128381
17.64	8.089684
17.66	8.050794
17.68	8.011713
17.7	7.972446
17.72	7.932996
17.74	7.893367
17.76	7.813586
17.78	7.773442
17.8	7.733136
17.82	7.692669
17.84	7.652049
17.86	7.611279
17.88	7.570364
17.9	7.529308
17.92	7.488117
17.94	7.446795
17.96	7.405349
17.98	7.363783
18	7.322102
18.02	7.280314
18.04	7.238423
18.06	7.196436
18.08	7.154359
18.1	7.112199
18.12	7.069963
18.14	6.985286
18.16	6.942862
18.18	6.900389
18.2	6.857877
18.22	6.815332
18.24	6.772764
18.26	6.730181
18.28	6.687591
18.3	6.60243
18.32	6.559877
18.34	6.517357
18.36	6.474878
18.38	6.55701
18.4	6.638617
18.42	6.719458
18.44	6.666286
18.46	6.610065
18.48	6.550768
18.5	6.488367
18.52	6.422836
18.54	6.35415
18.56	6.282287
18.58	6.207226
18.6	6.047432
18.62	5.962665
18.64	5.87463
18.66	5.839876
18.68	5.739413
18.7	5.693725
18.72	5.65474
18.74	5.613004
18.76	5.566801
18.78	5.460878
18.8	5.401768
18.82	5.368449
18.84	5.356723
18.86	5.312439
18.88	5.28828
18.9	5.242526
18.92	5.500141
18.94	5.50129
18.96	5.192186
18.98	5.461729
19	5.141654
19.02	5.11754
19.04	5.093266
19.06	5.069556
19.08	5.046551
19.1	5.024275
19.12	5.00273
19.14	4.961811
19.16	4.942426
19.18	4.923748
19.2	4.905773
19.22	4.888491
19.24	4.871895
19.26	4.85598
19.28	4.840736
19.3	4.81223
19.32	4.798951
19.34	4.78631
19.36	4.774298
19.38	4.762906
19.4	4.752123
19.42	4.741942
19.44	4.732351
19.46	4.71078
19.48	4.6979
19.5	4.683832
19.52	4.668551
19.54	4.652005
19.56	4.636108
19.58	4.618938
19.6	4.600609
19.62	4.581061
19.64	4.56286
19.66	4.543597
19.68	4.523167
19.7	4.504782
19.72	4.48546
19.74	4.464978
19.76	4.449054
19.78	4.609412
19.8	4.782096
19.82	4.563037
19.84	4.728951
19.86	4.697217
19.88	4.662035
19.9	4.623403
19.92	4.581321
19.94	4.535793
19.96	4.486823
19.98	4.493858
20	4.497324
20.02	4.505614
20.04	4.511096
20.06	4.517162
20.08	4.523674
20.1	4.529633
20.12	4.535452
20.14	4.542051
20.16	4.548168
20.18	4.553567
20.2	4.558276
20.22	4.565042
20.24	4.570696
20.26	4.575617
20.28	4.585908
20.3	4.591039
20.32	4.595553
20.34	4.599512
20.36	4.602978
20.38	4.608755
20.4	4.613226
20.42	4.617095
20.44	4.62051
20.46	4.623542
20.48	4.628935
20.5	4.636612
20.52	4.639847
20.54	4.642805
20.56	4.647829
20.58	4.651825
20.6	4.655438
20.62	4.65881
20.64	4.662003
20.66	4.67082
20.68	4.674698
20.7	4.67843
20.72	4.682063
20.74	4.68562
20.76	4.690627
20.78	4.694997
20.8	4.699184
20.82	4.703294
20.84	4.707375
20.86	4.71145
20.88	4.716322
20.9	4.725142
20.92	4.729418
20.94	4.733656
20.96	4.737872
20.98	4.742131
21	4.746767
21.02	4.751701
21.04	4.756924
21.06	4.762437
21.08	4.768253
21.1	4.774374
21.12	4.787562
21.14	4.794644
21.16	4.80206
21.18	4.809818
21.2	4.817925
21.22	4.826387
21.24	4.835213
21.26	4.844408
21.28	4.85398
21.3	4.863935
21.32	4.885024
21.34	4.89617
21.36	4.907727
21.38	4.919701
21.4	4.932097
21.42	4.944924
21.44	4.958186
21.46	4.971891
21.48	4.986043
21.5	5.000649
21.52	5.015714
21.54	5.031246
21.56	5.047248
21.58	5.063728
21.6	5.080688
21.62	5.098136
21.64	5.116078
21.66	5.134516
21.68	5.153457
21.7	5.172904
21.72	5.213337
21.74	5.234333
21.76	5.255852
21.78	5.277899
21.8	5.300478
21.82	5.323593
21.84	5.347248
21.86	5.371445
21.88	5.396189
21.9	5.421482
21.92	5.447326
21.94	5.473725
21.96	5.500682
21.98	5.528199
22	5.556279
22.02	5.584923
22.04	5.614134
22.06	5.643914
22.08	5.674264
22.1	5.736682
22.12	5.768753
22.14	5.8014
22.16	5.834625
22.18	5.868428
22.2	5.902811
22.22	5.937773
22.24	5.973316
22.26	6.009441
22.28	6.046147
22.3	6.083435
22.32	6.121305
22.34	6.159757
22.36	6.124772
22.38	6.592809
22.4	6.274282
22.42	6.741126
22.44	6.370978
22.46	6.459094
22.48	6.916729
22.5	6.547423
22.52	7.000013
22.54	6.637702
22.56	7.085221
22.58	6.730265
22.6	7.172715
22.62	6.82517
22.64	7.262561
22.66	6.922419
22.68	7.354771
22.7	7.022004
22.72	7.44934
22.74	7.123913
22.76	7.54626
22.78	7.645525
22.8	7.334653
22.82	7.747124
22.84	7.443455
22.86	7.851048
22.88	7.554527
22.9	7.957287
22.92	7.667853
22.94	8.065827
22.96	8.17666
22.98	7.901208
23	8.289769
23.02	8.021207
23.04	8.405145
23.06	8.143398
23.08	8.522774
23.1	8.64264
23.12	8.394298
23.14	8.764731
23.16	8.522974
23.18	8.840287
23.2	8.822029
23.22	8.830178
23.24	8.836752
23.26	8.84538
23.28	8.84755
23.3	8.848375
23.32	8.847924
23.34	8.846271
23.36	8.843493
23.38	8.839674
23.4	8.834903
23.42	8.864671
23.44	8.892892
23.46	8.919614
23.48	8.944858
23.5	8.968947
23.52	9.024609
23.54	9.053446
23.56	9.082676
23.58	9.112336
23.6	9.14237
23.62	9.172831
23.64	9.203666
23.66	9.234929
23.68	9.266568
23.7	9.298637
23.72	9.331084
23.74	9.363961
23.76	9.399614
23.78	9.411986
23.8	9.433859
23.82	9.444585
23.84	9.455198
23.86	9.465818
23.88	9.476697
23.9	9.487426
23.92	9.498152
23.94	9.509152
23.96	9.519993
23.98	9.530825
24	9.552889
24.02	9.563828
24.04	9.575051
24.06	9.586108
24.08	9.597154
24.1	9.608483
24.12	9.619646
24.14	9.630797
24.16	9.642232
24.18	9.6535
24.2	9.664754
24.22	9.676293
24.24	9.687663
24.26	9.69902
24.28	9.710662
24.3	9.722134
24.32	9.733594
24.34	9.756908
24.36	9.768469
24.38	9.780312
24.4	9.791984
24.42	9.803644
24.44	9.827355
24.46	9.839115
24.48	9.851154
24.5	9.863022
24.52	9.874879
24.54	9.887014
24.56	9.898978
24.58	9.910933
24.6	9.935223
24.62	9.947271
24.64	9.959598
24.66	9.971751
24.68	9.983894
24.7	9.996313
24.72	10.00856
24.74	10.0208
24.76	10.03331
24.78	10.04565
24.8	10.05798
24.82	10.07058
24.84	10.09543
24.86	10.10812
24.88	10.12064
24.9	10.13315
24.92	10.14594
24.94	10.15855
24.96	10.17115
24.98	10.18402
25	10.19671
25.02	10.2094
25.04	10.23514
25.06	10.24792
25.08	10.26085
25.1	10.2735
25.12	10.28627
25.14	10.29902
25.16	10.31176
25.18	10.32467
25.2	10.33782
25.22	10.35082
25.24	10.36382
25.26	10.37684
25.28	10.38963
25.3	10.40234
25.32	10.41531
25.34	10.42828
25.36	10.4414
25.38	10.46797
25.4	10.48118
25.42	10.4946
25.44	10.50772
25.46	10.52091
25.48	10.5344
25.5	10.54774
25.52	10.56109
25.54	10.57469
25.56	10.58812
25.58	10.60155
25.6	10.61508
25.62	10.62861
25.64	10.64212
25.66	10.67007
25.68	10.68359
25.7	10.69739
25.72	10.71099
25.74	10.72492
25.76	10.73903
25.78	10.75294
25.8	10.76618
25.82	10.7798
25.84	10.79315
25.86	10.80648
25.88	10.8201
25.9	10.83353
25.92	10.86062
25.94	10.87412
25.96	10.88762
25.98	10.90137
26	10.91495
26.02	10.92854
26.04	10.94236
26.06	10.95603
26.08	10.9697
26.1	10.98361
26.12	10.99736
26.14	11.01111
26.16	11.0251
26.18	11.03893
26.2	11.05277
26.22	11.06684
26.24	11.08075
26.26	11.10882
26.28	11.12282
26.3	11.13682
26.32	11.15105
26.34	11.16513
26.36	11.1792
26.38	11.19351
26.4	11.20767
26.42	11.23621
26.44	11.25045
26.46	11.26468
26.48	11.27914
26.5	11.29345
26.52	11.30776
26.54	11.33669
26.56	11.35107
26.58	11.36569
26.6	11.38015
26.62	11.3946
26.64	11.40929
26.66	11.42382
26.68	11.43836
26.7	11.45312
26.72	11.48232
26.74	11.49716
26.76	11.51183
26.78	11.52651
26.8	11.54141
26.82	11.55615
26.84	11.5709
26.86	11.58587
26.88	11.60068
26.9	11.6155
26.92	11.63054
26.94	11.64542
26.96	11.6603
26.98	11.67541
27	11.69035
27.02	11.72048
27.04	11.73549
27.06	11.7505
27.08	11.76575
27.1	11.78082
27.12	11.7959
27.14	11.81121
27.16	11.82635
27.18	11.84149
27.2	11.85686
27.22	11.87207
27.24	11.88727
27.26	11.88142
27.28	11.92228
27.3	11.88107
27.32	11.84166
27.34	11.80171
27.36	11.76079
27.38	11.73078
27.4	11.71502
27.42	11.69932
27.44	11.68401
27.46	11.66898
27.48	11.65435
27.5	11.64
27.52	11.62605
27.54	11.61234
27.56	11.59902
27.58	11.58588
27.6	11.57297
27.62	11.56004
27.64	11.54742
27.66	11.53479
27.68	11.52245
27.7	11.51009
27.72	11.48593
27.74	11.47412
27.76	11.4623
27.78	11.45069
27.8	11.43927
27.82	11.42808
27.84	11.41674
27.86	11.40573
27.88	11.3947
27.9	11.38389
27.92	11.37327
27.94	11.36286
27.96	11.35232
27.98	11.34209
28	11.3218
28.02	11.31193
28.04	11.30228
28.06	11.29249
28.08	11.28301
28.1	11.27351
28.12	11.2642
28.14	11.25507
28.16	11.24614
28.18	11.23708
28.2	11.22832
28.22	11.21091
28.24	11.20248
28.26	11.19424
28.28	11.18588
28.3	11.17781
28.32	11.16969
28.34	11.16176
28.36	11.14641
28.38	11.13878
28.4	11.13126
28.42	11.12398
28.44	11.11667
28.46	11.10947
28.48	11.1025
28.5	11.09551
28.52	11.0886
28.54	11.08194
28.56	11.06873
28.58	11.06225
28.6	11.05599
28.62	11.04134
28.64	11.03814
28.66	11.02505
28.68	11.00968
28.7	10.97958
28.72	10.96499
28.74	10.95057
28.76	10.93659
28.78	10.92277
28.8	10.90935
28.82	10.89628
28.84	10.88337
28.86	10.87085
28.88	10.85867
28.9	10.84666
28.92	10.83504
28.94	10.82375
28.96	10.81263
28.98	10.8019
29	10.7915
29.02	10.77142
29.04	10.76189
29.06	10.75255
29.08	10.74357
29.1	10.73492
29.12	10.72645
29.14	10.71835
29.16	10.71057
29.18	10.70296
29.2	10.69573
29.22	10.68881
29.24	10.67569
29.26	10.66963
29.28	10.66374
29.3	10.65822
29.32	10.65288
29.34	10.64795
29.36	10.6432
29.38	10.63881
29.4	10.6346
29.42	10.62717
29.44	10.6239
29.46	10.62081
29.48	10.61812
29.5	10.61561
29.52	10.61345
29.54	10.61147
29.56	10.60988
29.58	10.60848
29.6	10.6073
29.62	10.6065
29.64	10.60601
29.66	10.60571
29.68	10.60562
29.7	10.60592
29.72	10.60641
29.74	10.60728
29.76	10.60834
29.78	10.60962
29.8	10.61127
29.82	10.61311
29.84	10.61413
29.86	10.61334
29.88	10.61279
29.9	10.6123
29.92	10.61188
29.94	10.61154
29.96	10.61126
29.98	10.61104
30	10.62171
30.02	10.62763
30.04	10.6352
30.06	10.63752
30.08	10.60172
30.1	10.571
30.12	10.54097
30.14	10.51076
30.16	10.48025
30.18	10.44941
30.2	10.41828
30.22	10.41281
30.24	10.47708
30.26	10.44565
30.28	10.47099
30.3	10.43515
30.32	10.45868
30.34	10.41862
30.36	10.44033
30.38	10.38746
30.4	10.40601
30.42	10.35082
30.44	10.36627
30.46	10.08577
30.48	10.13055
30.5	10.12149
30.52	10.11088
30.54	10.10031
30.56	10.08999
30.58	10.08006
30.6	10.07046
30.62	10.05241
30.64	10.04397
30.66	10.03585
30.68	10.02816
30.7	10.02078
30.72	10.01384
30.74	10.00722
30.76	10.00104
30.78	9.995175
30.8	9.989749
30.82	9.979984
30.84	9.975648
30.86	9.971754
30.88	9.968187
30.9	9.965066
30.92	9.962274
30.94	9.959928
30.96	9.957913
30.98	9.956349
31	9.955116
31.02	9.954338
31.04	9.953893
31.06	9.953904
31.08	9.955107
31.1	9.956301
31.12	9.957906
31.14	9.959901
31.16	9.96231
31.18	9.965111
31.2	9.968328
31.22	9.971938
31.24	9.975967
31.26	9.980393
31.28	9.98524
31.3	9.990485
31.32	9.996154
31.34	10.00872
31.36	10.01561
31.38	10.02294
31.4	10.03067
31.42	10.03883
31.44	10.0474
31.46	10.0564
31.48	10.06581
31.5	10.07565
31.52	10.0859
31.54	10.09659
31.56	10.1077
31.58	10.11924
31.6	10.1312
31.62	10.15641
31.64	10.16967
31.66	10.18335
31.68	10.19747
31.7	10.21201
31.72	10.22701
31.74	10.24242
31.76	10.25828
31.78	10.27456
31.8	10.2913
31.82	10.30846
31.84	10.32607
31.86	10.36261
31.88	10.38154
31.9	10.40092
31.92	10.42073
31.94	10.44099
31.96	10.46169
31.98	10.50444
32	10.52649
32.02	10.54898
32.04	10.57193
32.06	10.59531
32.08	10.61916
32.1	10.64344
32.12	10.69337
32.14	10.71902
32.16	10.74511
32.18	10.77166
32.2	10.79866
32.22	10.85402
32.24	10.8824
32.26	10.91121
32.28	10.91936
32.3	10.923
32.32	10.92542
32.34	10.92801
32.36	10.93021
32.38	10.93248
32.4	10.93468
32.42	10.93691
32.44	10.94155
32.46	10.94396
32.48	10.94642
32.5	10.94893
32.52	10.95148
32.54	10.95407
32.56	10.95668
32.58	10.95932
32.6	10.96216
32.62	10.96496
32.64	10.96747
32.66	10.97024
32.68	10.97311
32.7	10.97604
32.72	10.97902
32.74	10.982
32.76	10.98503
32.78	10.99115
32.8	10.99447
32.82	10.99772
32.84	11.00055
32.86	11.00373
32.88	11.007
32.9	11.01034
32.92	11.01369
32.94	11.01709
32.96	11.02049
32.98	11.02391
33	11.02761
33.02	11.03121
33.04	11.09106
33.06	11.15493
33.08	11.21905
33.1	11.32398
33.12	11.35085
33.14	11.42531
33.16	11.44901
33.18	11.52193
33.2	11.55114
33.22	11.50831
33.24	11.47738
33.26	11.48534
33.28	11.42647
33.3	11.47156
33.32	11.39438
33.34	11.46404
33.36	11.46029
33.38	11.50435
33.4	11.46986
33.42	11.50476
33.44	11.46698
33.46	11.49662
33.48	11.46301
33.5	11.4858
33.52	11.45855
33.54	11.4736
33.56	11.45427
33.58	11.37684
33.6	11.29966
33.62	11.22294
33.64	11.1469
33.66	11.07176
33.68	11.02797
33.7	11.05528
33.72	11.05946
33.74	11.0573
33.76	11.13528
33.78	11.24593
33.8	11.31987
33.82	11.40812
33.84	11.45316
33.86	11.4324
33.88	11.44983
33.9	11.43325
33.92	11.44512
33.94	11.34004
33.96	11.2436
33.98	11.14802
34	11.08412
34.02	10.98985
34.04	10.92531
34.06	10.8332
34.08	10.80262
34.1	10.81677
34.12	10.85312
34.14	10.94406
34.16	10.96071
34.18	11.05455
34.2	11.0652
34.22	11.16128
34.24	11.1655
34.26	11.2632
34.28	11.26058
34.3	11.31353
34.32	11.16357
34.34	11.01813
34.36	10.7718
34.38	10.76908
34.4	10.76482
34.42	10.76112
34.44	10.75749
34.46	10.75379
34.48	10.7499
34.5	10.74593
34.52	10.74186
34.54	10.73759
34.56	10.73326
34.58	10.72882
34.6	10.72418
34.62	10.71949
34.64	10.7147
34.66	10.70468
34.68	10.69955
34.7	10.69422
34.72	10.68885
34.74	10.68339
34.76	10.67773
34.78	10.67204
34.8	10.66627
34.82	10.6603
34.84	10.6543
34.86	10.64823
34.88	10.64197
34.9	10.6357
34.92	10.62925
34.94	10.61616
34.96	10.60953
34.98	10.60271
35	10.59591
35.02	10.58902
35.04	10.575
35.06	10.56788
35.08	10.56067
35.1	10.55341
35.12	10.53865
35.14	10.53116
35.16	10.52362
35.18	10.516
35.2	10.50834
35.22	10.5006
35.24	10.49283
35.26	10.48498
35.28	10.47709
35.3	10.46914
35.32	10.46117
35.34	10.45312
35.36	10.44506
35.38	10.43693
35.4	10.42879
35.42	10.42059
35.44	10.40411
35.46	10.39584
35.48	10.3879
35.5	10.37946
35.52	10.37144
35.54	10.36288
35.56	10.35448
35.58	10.33769
35.6	10.32927
35.62	10.32087
35.64	10.31244
35.66	10.30404
35.68	10.29561
35.7	10.28712
35.72	10.2785
35.74	10.27022
35.76	10.26212
35.78	10.25493
35.8	10.24374
35.82	10.23824
35.84	10.23277
35.86	10.22742
35.88	10.22188
35.9	10.21538
35.92	10.20936
35.94	10.20351
35.96	10.19789
35.98	10.18571
36	10.17959
36.02	10.17361
36.04	10.16781
36.06	10.16194
36.08	10.15537
36.1	10.143
36.12	10.13706
36.14	10.13106
36.16	10.12435
36.18	10.11797
36.2	10.11172
36.22	10.10566
36.24	10.09269
36.26	10.08618
36.28	10.07981
36.3	10.07365
36.32	10.06743
36.34	10.06044
36.36	10.05381
36.38	10.04734
36.4	10.04109
36.42	10.03478
36.44	10.02767
36.46	10.02094
36.48	10.01438
36.5	10.00805
36.52	10.00166
36.54	9.987625
36.56	9.981244
36.58	9.974503
36.6	9.967325
36.62	9.960428
36.64	9.953907
36.66	9.947058
36.68	9.939794
36.7	9.932789
36.72	9.926158
36.74	9.91182
36.76	9.904705
36.78	9.897981
36.8	9.890918
36.82	9.883421
36.84	9.876201
36.86	9.869197
36.88	9.861762
36.9	9.854484
36.92	9.847273
36.94	9.839912
36.96	9.832633
36.98	9.825274
37	9.817956
37.02	9.810923
37.04	9.803587
37.06	9.795747
37.08	9.788296
37.1	9.781048
37.12	9.765735
37.14	9.758265
37.16	9.750634
37.18	9.743107
37.2	9.735496
37.22	9.727942
37.24	9.720718
37.26	9.713161
37.28	9.705044
37.3	9.697373
37.32	9.681947
37.34	9.67418
37.36	9.666522
37.38	9.658693
37.4	9.650985
37.42	9.643193
37.44	9.635472
37.46	9.628125
37.48	9.620416
37.5	9.612094
37.52	9.604273
37.54	9.588557
37.56	9.580653
37.58	9.572875
37.6	9.564916
37.62	9.557096
37.64	9.549191
37.66	9.54137
37.68	9.533965
37.7	9.526168
37.72	9.509806
37.74	9.502197
37.76	9.493936
37.78	9.485959
37.8	9.478223
37.82	9.470019
37.84	9.454226
37.86	9.446012
37.88	9.437987
37.9	9.430142
37.92	9.421899
37.94	9.413841
37.96	9.405963
37.98	9.397684
38	9.389595
38.02	9.381689
38.04	9.365259
38.06	9.357332
38.08	9.34899
38.1	9.340849
38.12	9.332904
38.14	9.324537
38.16	9.316377
38.18	9.308418
38.2	9.30003
38.22	9.291854
38.24	9.283887
38.26	9.275481
38.28	9.259325
38.3	9.250907
38.32	9.242714
38.34	9.234745
38.36	9.226318
38.38	9.218124
38.4	9.210159
38.42	9.201729
38.44	9.193538
38.46	9.185583
38.48	9.177154
38.5	9.168969
38.52	9.161028
38.54	9.152603
38.56	9.144431
38.58	9.136508
38.6	9.128094
38.62	9.112037
38.64	9.103636
38.66	9.095499
38.68	9.087626
38.7	9.079244
38.72	9.071133
38.74	9.06329
38.76	9.05493
38.78	9.046848
38.8	9.039041
38.82	9.030709
38.84	9.014893
38.86	9.006592
38.88	8.99858
38.9	8.990856
38.92	8.982592
38.94	8.974621
38.96	8.966946
38.98	8.95872
39	8.950796
39.02	8.943172
39.04	8.934992
39.06	8.927117
39.08	8.919549
39.1	8.911417
39.12	8.903598
39.14	8.89609
39.16	8.888009
39.18	8.872804
39.2	8.86478
39.22	8.857081
39.24	8.849706
39.26	8.841743
39.28	8.834109
39.3	8.826805
39.32	8.811343
39.34	8.804115
39.36	8.796286
39.38	8.788795
39.4	8.781647
39.42	8.77389
39.44	8.766478
39.46	8.751731
39.48	8.7444
39.5	8.737421
39.52	8.72982
39.54	8.722574
39.56	8.715687
39.58	8.708169
39.6	8.694219
39.62	8.686788
39.64	8.679723
39.66	8.673027
39.68	8.665688
39.7	8.658719
39.72	8.652124
39.74	8.644879
39.76	8.631519
39.78	8.624372
39.8	8.617605
39.82	8.611222
39.84	8.604177
39.86	8.597516
39.88	8.591245
39.9	8.584304
39.92	8.577752
39.94	8.571595
39.96	8.564762
39.98	8.558323
40	8.552283
40.02	8.545562
40.04	8.539239
40.06	8.526713
40.08	8.520508
40.1	8.514713
40.12	8.508224
40.14	8.502141
40.16	8.496472
40.18	8.490104
40.2	8.484146
40.22	8.478606
40.24	8.472363
40.26	8.466532
40.28	8.455008
40.3	8.449307
40.32	8.444035
40.34	8.438047
40.36	8.432481
40.38	8.427346
40.4	8.421491
40.42	8.41606
40.44	8.411066
40.46	8.405347
40.48	8.400055
40.5	8.395202
40.52	8.389621
40.54	8.384471
40.56	8.374323
40.58	8.369316
40.6	8.364758
40.62	8.354599
40.64	8.35019
40.66	8.345038
40.68	8.340326
40.7	8.33607
40.72	8.331066
40.74	8.326506
40.76	8.322404
40.78	8.313143
40.8	8.309197
40.82	8.304497
40.84	8.300244
40.86	8.296458
40.88	8.291912
40.9	8.287817
40.92	8.284192
40.94	8.279803
40.96	8.275868
40.98	8.268176
41	8.264402
41.02	8.261105
41.04	8.257036
41.06	8.253426
41.08	8.250296
41.1	8.24639
41.12	8.239984
41.14	8.236242
41.16	8.232965
41.18	8.230173
41.2	8.226599
41.22	8.223489
41.24	8.220869
41.26	8.217463
41.28	8.212078
41.3	8.208842
41.32	8.206076
41.34	8.203804
41.36	8.20074
41.38	8.198147
41.4	8.193161
41.42	8.190743
41.44	8.188825
41.46	8.186109
41.48	8.183867
41.5	8.182128
41.52	8.179588
41.54	8.175964
41.56	8.173602
41.58	8.171718
41.6	8.170339
41.62	8.168156
41.64	8.166451
41.66	8.165255
41.68	8.163252
41.7	8.161728
41.72	8.160715
41.74	8.157551
41.76	8.156723
41.78	8.155082
41.8	8.153924
41.82	8.15328
41.84	8.151824
41.86	8.150849
41.88	8.150393
41.9	8.149119
41.92	8.14833
41.94	8.14806
41.96	8.146368
41.98	8.146284
42	8.145382
42.02	8.144965
42.04	8.14507
42.06	8.144354
42.08	8.144124
42.1	8.144417
42.12	8.143888
42.14	8.143847
42.16	8.144329
42.18	8.143989
42.2	8.144806
42.22	8.144653
42.24	8.144988
42.26	8.145849
42.28	8.145885
42.3	8.146409
42.32	8.147462
42.34	8.147687
42.36	8.1484
42.38	8.149643
42.4	8.150058
42.42	8.15096
42.44	8.152393
42.46	8.152999
42.48	8.154091
42.5	8.156511
42.52	8.157793
42.54	8.159609
42.56	8.160594
42.58	8.162066
42.6	8.164074
42.62	8.165249
42.64	8.166911
42.66	8.169109
42.68	8.170475
42.7	8.172328
42.72	8.174716
42.74	8.176272
42.76	8.178316
42.78	8.180895
42.8	8.182642
42.82	8.184875
42.84	8.187645
42.86	8.192005
42.88	8.194964
42.9	8.197092
42.92	8.199704
42.94	8.202855
42.96	8.205172
42.98	8.207973
43	8.211313
43.02	8.21382
43.04	8.22034
43.06	8.223036
43.08	8.226215
43.1	8.229933
43.12	8.232818
43.14	8.236186
43.16	8.240092
43.18	8.243165
43.2	8.24672
43.22	8.254075
43.24	8.257819
43.26	8.2621
43.28	8.265549
43.3	8.270241
43.32	8.273624
43.34	8.278474
43.36	8.26985
43.38	8.272216
43.4	8.275006
43.42	8.289351
43.44	8.299814
43.46	8.309821
43.48	8.320056
43.5	8.330662
43.52	8.341672
43.54	8.36493
43.56	8.377183
43.58	8.389855
43.6	8.385693
43.62	8.385803
43.64	8.386863
43.66	8.38822
43.68	8.389747
43.7	8.391427
43.72	8.393268
43.74	8.397452
43.76	8.438822
43.78	8.3925
43.8	8.465443
43.82	8.392887
43.84	8.483789
43.86	8.400865
43.88	8.506234
43.9	8.417264
43.92	8.532183
43.94	8.439667
43.96	8.560704
43.98	8.453302
44	8.467285
44.02	8.624564
44.04	8.487183
44.06	8.634281
44.08	8.476098
44.1	8.640196
44.12	8.639134
44.14	8.642862
44.16	8.644608
44.18	8.644393
44.2	8.64224
44.22	8.638178
44.24	8.63224
44.26	8.624464
44.28	8.61489
44.3	8.603565
44.32	8.590539
44.34	8.605357
44.36	8.618254
44.38	8.629239
44.4	8.649428
44.42	8.662065
44.44	8.674924
44.46	8.687902
44.48	8.701189
44.5	8.714474
44.52	8.727832
44.54	8.741464
44.56	8.755103
44.58	8.768822
44.6	8.782787
44.62	8.796775
44.64	8.810844
44.66	8.825138
44.68	8.839468
44.7	8.853884
44.72	8.882284
44.74	8.891087
44.76	8.898879
44.78	8.906218
44.8	8.913668
44.82	8.921111
44.84	8.927988
44.86	8.935428
44.88	8.942735
44.9	8.956723
44.92	8.963911
44.94	8.970418
44.96	8.977661
44.98	8.984736
45	8.991148
45.02	8.998276
45.04	9.005239
45.06	9.011562
45.08	9.018571
45.1	9.02542
45.12	9.031656
45.14	9.045275
45.16	9.051422
45.18	9.057929
45.2	9.064671
45.22	9.071504
45.24	9.077221
45.26	9.083473
45.28	9.090046
45.3	9.096658
45.32	9.10211
45.34	9.108135
45.36	9.120866
45.38	9.126123
45.4	9.131932
45.42	9.138059
45.44	9.144191
45.46	9.149277
45.48	9.154878
45.5	9.160954
45.52	9.166566
45.54	9.171587
45.56	9.176941
45.58	9.18273
45.6	9.188145
45.62	9.198207
45.64	9.20375
45.66	9.208963
45.68	9.213696
45.7	9.21867
45.72	9.223682
45.74	9.228879
45.76	9.233994
45.78	9.238317
45.8	9.242964
45.82	9.247666
45.84	9.252563
45.86	9.257363
45.88	9.261396
45.9	9.265747
45.92	9.270151
45.94	9.27473
45.96	9.279213
45.98	9.28707
46	9.291186
46.02	9.295231
46.04	9.29951
46.06	9.303632
46.08	9.306962
46.1	9.31068
46.12	9.314365
46.14	9.318034
46.16	9.32189
46.18	9.246828
46.2	9.204353
46.22	9.160541
46.24	9.197537
46.26	9.150188
46.28	9.183718
46.3	9.133072
46.32	9.16312
46.34	9.123899
46.36	9.16526
46.38	9.122489
46.4	9.203927
46.42	9.197094
46.44	9.189454
46.46	9.183271
46.48	9.17894
46.5	9.176481
46.52	9.175845
46.54	9.176965
46.56	9.179773
46.58	8.802475
46.6	8.497875
46.62	8.496316
46.64	8.507257
46.66	8.817572
46.68	8.632081
46.7	8.928431
46.72	8.664087
46.74	8.962046
46.76	9.154516
46.78	9.292494
46.8	9.318863
46.82	9.326269
46.84	9.333295
46.86	9.357814
46.88	9.376023
46.9	9.398158
46.92	9.424137
46.94	9.163877
46.96	8.909369
46.98	8.734114
47	8.4914
47.02	8.322054
47.04	8.094986
47.06	7.980576
47.08	7.939713
47.1	7.94698
47.12	8.052538
47.14	8.158737
47.16	8.265269
47.18	8.371853
47.2	8.478225
47.22	8.689369
47.24	8.793701
47.26	8.896939
47.28	8.9989
47.3	8.654702
47.32	8.327427
47.34	8.020062
47.36	7.768649
47.38	7.951406
47.4	7.991681
47.42	8.00242
47.44	8.007147
47.46	8.010631
47.48	8.013945
47.5	8.017227
47.52	8.023665
47.54	8.026834
47.56	8.030082
47.58	8.033257
47.6	8.036482
47.62	8.039637
47.64	8.042883
47.66	8.046057
47.68	8.04929
47.7	8.052452
47.72	8.055718
47.74	8.058913
47.76	8.062177
47.78	8.065474
47.8	8.0687
47.82	8.075344
47.84	8.078616
47.86	8.081971
47.88	8.085373
47.9	8.088706
47.92	8.09213
47.94	8.095607
47.96	8.099015
47.98	8.102524
48	8.106091
48.02	8.109592
48.04	8.116876
48.06	8.120486
48.08	8.124213
48.1	8.128012
48.12	8.131749
48.14	8.135611
48.16	8.139551
48.18	8.143434
48.2	8.147449
48.22	8.151549
48.24	8.155596
48.26	8.164063
48.28	8.168291
48.3	8.172702
48.32	8.177063
48.34	8.181614
48.36	8.186116
48.38	8.190815
48.4	8.195469
48.42	8.200325
48.44	8.205242
48.46	8.210265
48.48	8.215354
48.5	8.220553
48.52	8.231207
48.54	8.236667
48.56	8.242248
48.58	8.247906
48.6	8.253692
48.62	8.259561
48.64	8.265561
48.66	8.271649
48.68	8.277875
48.7	8.284194
48.72	8.297213
48.74	8.303919
48.76	8.310728
48.78	8.31769
48.8	8.324759
48.82	8.331988
48.84	8.339329
48.86	8.346833
48.88	8.354456
48.9	8.362247
48.92	8.378252
48.94	8.38647
48.96	8.394868
48.98	8.403399
49	8.412117
49.02	8.420972
49.04	8.430019
49.06	8.43921
49.08	8.448598
49.1	8.467875
49.12	8.477767
49.14	8.487869
49.16	8.498129
49.18	8.508605
49.2	8.519243
49.22	8.530103
49.24	8.54113
49.26	8.552384
49.28	8.563812
49.3	8.587309
49.32	8.599384
49.34	8.611644
49.36	8.616044
49.38	8.615072
49.4	8.560517
49.42	8.557742
49.44	8.629597
49.46	8.467128
49.48	8.591089
49.5	8.537139
49.52	8.551258
49.54	8.527634
49.56	8.500703
49.58	8.477308
49.6	8.458735
49.62	8.44514
49.64	8.436458
49.66	8.432571
49.68	8.433358
49.7	8.366855
49.72	8.297986
49.74	8.226857
49.76	8.153583
49.78	8.078284
49.8	8.001094
49.82	7.841608
49.84	7.759626
49.86	7.706929
49.88	7.652214
49.9	7.595568
49.92	7.537084
49.94	7.476864
49.96	7.415018
49.98	7.351665
50	7.359852
50.02	7.365677
50.04	7.369146
50.06	7.370255
50.08	7.369005
50.1	7.365405
50.12	7.362254
50.14	7.363197
50.16	7.365033
50.18	7.367119
50.2	7.369328
50.22	7.371566
50.24	7.3739
50.26	7.376323
50.28	7.381363
50.3	7.383984
50.32	7.38669
50.34	7.38948
50.36	7.392352
50.38	7.395306
50.4	7.398293
50.42	7.401364
50.44	7.404515
50.46	7.407745
50.48	7.411018
50.5	7.414372
50.52	7.42131
50.54	7.424894
50.56	7.428553
50.58	7.432268
50.6	7.436059
50.62	7.439924
50.64	7.443863
50.66	7.447867
50.68	7.456094
50.7	7.460315
50.72	7.464608
50.74	7.468977
50.76	7.473417
50.78	7.477926
50.8	7.482506
50.82	7.487173
50.84	7.491907
50.86	7.5726
50.88	7.609898
50.9	7.623555
50.92	7.656551
50.94	7.665188
50.96	7.693778
50.98	7.697269
51	7.771397
51.02	7.843744
51.04	7.914166
51.06	7.98253
51.08	8.04871
51.1	8.112587
51.12	8.174053
51.14	8.289351
51.16	8.328157
51.18	7.908641
51.2	7.572448
51.22	7.538404
51.24	7.532289
51.26	7.535011
51.28	7.542913
51.3	7.555443
51.32	7.572701
51.34	7.642091
51.36	7.660651
51.38	7.669024
51.4	7.675464
51.42	7.6816
51.44	7.687766
51.46	7.700416
51.48	7.848583
51.5	7.850304
51.52	7.849782
51.54	7.847036
51.56	7.842085
51.58	7.834956
51.6	7.82568
51.62	7.814289
51.64	7.800823
51.66	7.785325
51.68	7.767843
51.7	7.778281
51.72	7.750064
51.74	7.757246
51.76	7.761344
51.78	7.809485
51.8	7.82946
51.82	7.794776
51.84	7.841411
51.86	7.807633
51.88	7.854986
51.9	7.821459
51.92	7.875391
51.94	7.928196
51.96	8.029962
51.98	8.07871
52	8.125913
52.02	8.171481
52.04	8.21534
52.06	8.25742
52.08	8.26342
52.1	7.901513
52.12	7.605363
52.14	7.787903
52.16	7.836314
52.18	7.857318
52.2	7.887992
52.22	7.902996
52.24	7.918262
52.26	7.933815
52.28	7.949667
52.3	7.965827
52.32	7.982284
52.34	7.999043
52.36	8.016113
52.38	8.051157
52.4	8.069142
52.42	8.08743
52.44	8.106026
52.46	8.124934
52.48	8.144147
52.5	8.16367
52.52	8.183505
52.54	8.224108
52.56	8.244877
52.58	8.265958
52.6	8.287354
52.62	8.309064
52.64	8.33109
52.66	8.353432
52.68	8.376091
52.7	8.399067
52.72	8.445974
52.74	8.450208
52.76	8.505761
52.78	8.410698
52.8	8.392541
52.82	8.386922
52.84	8.379285
52.86	8.369652
52.88	8.358046
52.9	8.344495
52.92	8.311697
52.94	8.292529
52.96	8.271576
52.98	8.248888
53	8.224524
53.02	8.231823
53.04	8.237195
53.06	8.240655
53.08	8.242209
53.1	8.24198
53.12	8.246059
53.14	8.251168
53.16	8.256648
53.18	8.262369
53.2	8.274449
53.22	8.280803
53.24	8.287365
53.26	8.294135
53.28	8.301113
53.3	8.308301
53.32	8.315699
53.34	8.323306
53.36	8.331122
53.38	8.339148
53.4	8.347383
53.42	8.364488
53.44	8.373356
53.46	8.382434
53.48	8.391724
53.5	8.401225
53.52	8.41094
53.54	8.420865
53.56	8.431004
53.58	8.441354
53.6	8.451919
53.62	8.462695
53.64	8.473686
53.66	8.499319
53.68	8.496348
53.7	8.495637
53.72	8.493101
53.74	8.487457
53.76	8.492749
53.78	8.499538
53.8	8.506789
53.82	8.514307
53.84	8.522043
53.86	8.529954
53.88	8.532052
53.9	8.533385
53.92	8.534554
53.94	8.535672
53.96	8.536798
53.98	8.53794
54	8.5391
54.02	8.540276
54.04	8.541543
54.06	8.544117
54.08	8.545327
54.1	8.546638
54.12	8.547668
54.14	8.548915
54.16	8.550189
54.18	8.551504
54.2	8.55418
54.22	8.555521
54.24	8.557083
54.26	8.558557
54.28	8.560017
54.3	8.561498
54.32	8.562391
54.34	8.563713
54.36	8.565088
54.38	8.566521
54.4	8.567972
54.42	8.569433
54.44	8.570884
54.46	8.572625
54.48	8.574233
54.5	8.575813
54.52	8.576765
54.54	8.578176
54.56	8.581186
54.58	8.582732
54.6	8.584291
54.62	8.585838
54.64	8.587689
54.66	8.589397
54.68	8.591083
54.7	8.592109
54.72	8.593613
54.74	8.595222
54.76	8.598453
54.78	8.600091
54.8	8.601731
54.82	8.60369
54.84	8.605502
54.86	8.607296
54.88	8.608366
54.9	8.600949
54.92	8.571453
54.94	8.55678
54.96	8.561764
54.98	8.554159
55	8.562002
55.02	8.548716
55.04	8.53367
55.06	8.516908
55.08	8.498472
55.1	8.505303
55.12	8.48704
55.14	8.484586
55.16	8.485537
55.18	8.487436
55.2	8.492546
55.22	8.503083
55.24	8.509458
55.26	8.56042
55.28	8.534731
55.3	8.58631
55.32	8.554758
55.34	8.606844
55.36	8.574716
55.38	8.627279
55.4	8.595634
55.42	8.656946
55.44	8.647012
55.46	8.626145
55.48	8.606442
55.5	8.601997
55.52	8.594321
55.54	8.593155
55.56	8.598577
55.58	8.604471
55.6	8.424336
55.62	8.247964
55.64	8.076073
55.66	7.909441
55.68	7.786019
55.7	7.812834
55.72	7.825907
55.74	7.83641
55.76	7.846498
55.78	7.856634
55.8	7.866962
55.82	7.877428
55.84	7.888054
55.86	7.898897
55.88	7.921033
55.9	7.932404
55.92	7.943919
55.94	7.9556
55.96	7.967504
55.98	7.979554
56	7.991773
56.02	8.004217
56.04	8.01681
56.06	8.042565
56.08	8.055708
56.1	8.069022
56.12	8.082569
56.14	8.096267
56.16	8.11014
56.18	8.124248
56.2	8.138509
56.22	8.167624
56.24	8.182455
56.26	8.197465
56.28	8.212717
56.3	8.228125
56.32	8.243714
56.34	8.259548
56.36	8.275527
56.38	8.308125
56.4	8.324745
56.42	8.341514
56.44	8.358532
56.46	8.375699
56.48	8.393074
56.5	8.410644
56.52	8.428422
56.54	8.446396
56.56	8.464581
56.58	8.482964
56.6	8.52035
56.62	8.539358
56.64	8.558564
56.66	8.577987
56.68	8.59761
56.7	8.61745
56.72	8.637492
56.74	8.657753
56.76	8.678218
56.78	8.698902
56.8	8.71979
56.82	8.740901
56.84	8.762218
56.86	8.783757
56.88	8.805504
56.9	8.849653
56.92	8.872058
56.94	8.894672
56.96	8.917513
56.98	8.940565
57	8.963844
57.02	8.987336
57.04	9.011057
57.06	9.034991
57.08	9.059156
57.1	9.083535
57.12	9.108146
57.14	9.132972
57.16	9.158031
57.18	9.208814
57.2	9.23454
57.22	9.260501
57.24	9.286681
57.26	9.313097
57.28	9.339732
57.3	9.366604
57.32	9.393697
57.34	9.421026
57.36	9.448579
57.38	9.476369
57.4	9.504382
57.42	9.56111
57.44	9.589827
57.46	9.618768
57.48	9.647949
57.5	9.677357
57.52	9.707006
57.54	9.73688
57.56	9.766998
57.58	9.797343
57.6	9.858747
57.62	9.889806
57.64	9.921094
57.66	9.952626
57.68	9.984388
57.7	10.01639
57.72	10.04863
57.74	10.08111
57.76	10.11383
57.78	10.14679
57.8	10.17998
57.82	10.21341
57.84	10.281
57.86	10.30788
57.88	10.32435
57.9	10.33728
57.92	10.34834
57.94	10.35889
57.96	10.3699
57.98	10.38072
58	10.39098
58.02	10.402
58.04	10.41292
58.06	10.43445
58.08	10.44549
58.1	10.456
58.12	10.46726
58.14	10.47843
58.16	10.48905
58.18	10.50043
58.2	10.51171
58.22	10.53394
58.24	10.54534
58.26	10.55619
58.28	10.5678
58.3	10.57931
58.32	10.59028
58.34	10.60202
58.36	10.61333
58.38	10.62453
58.4	10.63638
58.42	10.64812
58.44	10.65932
58.46	10.68313
58.48	10.69408
58.5	10.70592
58.52	10.71757
58.54	10.72938
58.56	10.74142
58.58	10.75314
58.6	10.77721
58.62	10.789
58.64	10.801
58.66	10.81327
58.68	10.82515
58.7	10.83725
58.72	10.84962
58.74	10.86159
58.76	10.87379
58.78	10.88626
58.8	10.89832
58.82	10.91061
58.84	10.92318
58.86	10.93534
58.88	10.96039
58.9	10.97264
58.92	10.98511
58.94	10.99787
58.96	11.01022
58.98	11.02279
59	11.03564
59.02	11.04807
59.04	11.06073
59.06	11.07368
59.08	11.0862
59.1	11.11199
59.12	11.1246
59.14	11.13744
59.16	11.15057
59.18	11.16327
59.2	11.1762
59.22	11.18941
59.24	11.2022
59.26	11.21522
59.28	11.22852
59.3	11.2414
59.32	11.2545
59.34	11.26789
59.36	11.28085
59.38	11.29403
59.4	11.30751
59.42	11.32056
59.44	11.34739
59.46	11.36052
59.48	11.37387
59.5	11.38751
59.52	11.40073
59.54	11.41416
59.56	11.42789
59.58	11.44118
59.6	11.4547
59.62	11.4685
59.64	11.49548
59.66	11.50936
59.68	11.52282
59.7	11.5365
59.72	11.55046
59.74	11.564
59.76	11.57775
59.78	11.5918
59.8	11.60541
59.82	11.63336
59.84	11.64705
59.86	11.66096
59.88	11.67516
59.9	11.68893
59.92	11.70291
59.94	11.71718
59.96	11.73102
59.98	11.74508
60	11.77334
60.02	11.78748
60.04	11.8019
60.06	11.81158
60.08	11.80902
60.1	11.80418
60.12	11.77636
60.14	11.75436
60.16	11.7329
60.18	11.71095
60.2	11.75058
60.22	11.76265
60.24	11.74966
60.26	11.75884
60.28	11.75396
60.3	11.7308
60.32	11.7496
60.34	11.7213
60.36	11.74614
60.38	11.67732
60.4	11.6496
60.42	11.59892
60.44	11.59243
60.46	11.59878
60.48	11.60654
60.5	11.60284
60.52	11.60015
60.54	11.59768
60.56	11.59542
60.58	11.59345
60.6	11.59178
60.62	11.58976
60.64	11.5863
60.66	11.58269
60.68	11.57907
60.7	11.57552
60.72	11.57204
60.74	11.56863
60.76	11.56532
60.78	11.56214
60.8	11.55592
60.82	11.55292
60.84	11.54992
60.86	11.54695
60.88	11.5441
60.9	11.54132
60.92	11.53863
60.94	11.53609
60.96	11.53355
60.98	11.53109
61	11.52871
61.02	11.5263
61.04	11.524
61.06	11.5218
61.08	11.51758
61.1	11.51557
61.12	11.51364
61.14	11.51187
61.16	11.5101
61.18	11.5084
61.2	11.5067
61.22	11.5051
61.24	11.50357
61.26	11.5021
61.28	11.5007
61.3	11.49936
61.32	11.49692
61.34	11.49579
61.36	11.49473
61.38	11.49374
61.4	11.49282
61.42	11.49198
61.44	11.49121
61.46	11.49052
61.48	11.4899
61.5	11.48935
61.52	11.48887
61.54	11.48852
61.56	11.48818
61.58	11.69674
61.6	11.77196
61.62	11.77883
61.64	11.83735
61.66	11.83224
61.68	11.65155
61.7	11.04155
61.72	10.88406
61.74	10.66854
61.76	10.73501
61.78	10.73956
61.8	10.74264
61.82	10.74559
61.84	10.74868
61.86	10.75197
61.88	10.75269
61.9	11.56032
61.92	11.86696
61.94	11.92985
61.96	11.57732
61.98	11.51226
62	11.83896
62.02	11.4803
62.04	11.64082
62.06	11.69156
62.08	11.59621
62.1	11.64166
62.12	11.54384
62.14	11.58381
62.16	11.51828
62.18	11.41683
62.2	11.4454
62.22	11.14225
62.24	10.85749
62.26	10.59329
62.28	10.38601
62.3	10.52491
62.32	10.55151
62.34	10.55466
62.36	10.55312
62.38	10.5507
62.4	10.54816
62.42	10.54565
62.44	10.54319
62.46	10.54081
62.48	10.53624
62.5	10.53408
62.52	10.53198
62.54	10.52996
62.56	10.52801
62.58	10.52613
62.6	10.52433
62.62	10.52259
62.64	10.52093
62.66	10.51934
62.68	10.51783
62.7	10.51637
62.72	10.51498
62.74	10.51367
62.76	10.51127
62.78	10.51019
62.8	10.50919
62.82	10.50827
62.84	10.50742
62.86	10.5066
62.88	10.50587
62.9	10.50521
62.92	10.50464
62.94	10.50414
62.96	10.50374
62.98	10.50333
63	10.50279
63.02	10.50259
63.04	10.50261
63.06	10.50266
63.08	10.5028
63.1	10.50303
63.12	10.50328
63.14	10.50362
63.16	10.50406
63.18	10.5046
63.2	10.50516
63.22	10.50582
63.24	10.50657
63.26	10.50742
63.28	10.50923
63.3	10.51029
63.32	10.51144
63.34	10.51261
63.36	10.5139
63.38	10.62824
63.4	10.74524
63.42	10.8638
63.44	10.85576
63.46	10.84554
63.48	10.83339
63.5	10.81934
63.52	10.90022
63.54	10.98133
63.56	10.98182
63.58	11.06146
63.6	11.05692
63.62	11.13465
63.64	11.12537
63.66	11.18681
63.68	11.25997
63.7	10.93158
63.72	10.71177
63.74	10.67383
63.76	10.63441
63.78	10.59357
63.8	10.55134
63.82	10.50781
63.84	10.46303
63.86	10.41709
63.88	10.41128
63.9	10.40072
63.92	10.41093
63.94	10.3935
63.96	10.36732
63.98	10.37564
64	10.34961
64.02	10.35826
64.04	10.33255
64.06	10.34153
64.08	10.35262
64.1	10.49173
64.12	10.5015
64.14	10.64575
64.16	10.65343
64.18	10.60727
64.2	10.61067
64.22	10.56211
64.24	10.56103
64.26	10.32126
64.28	10.24154
64.3	10.20567
64.32	10.21189
64.34	10.18833
64.36	10.19312
64.38	10.17404
64.4	10.19555
64.42	10.19636
64.44	10.19321
64.46	10.18941
64.48	10.18215
64.5	10.17883
64.52	10.17573
64.54	10.17289
64.56	10.17027
64.58	10.16787
64.6	10.16573
64.62	10.16381
64.64	10.16211
64.66	10.16069
64.68	10.15947
64.7	10.15148
64.72	10.14659
64.74	10.14177
64.76	10.13695
64.78	10.13217
64.8	10.12743
64.82	10.12261
64.84	10.1179
64.86	10.11327
64.88	10.10859
64.9	10.10378
64.92	10.09916
64.94	10.09438
64.96	10.08969
64.98	10.08507
65	10.08038
65.02	10.07579
65.04	10.07129
65.06	10.06661
65.08	10.0575
65.1	10.0529
65.12	10.04841
65.14	10.04401
65.16	10.03943
65.18	10.03495
65.2	10.03053
65.22	10.02605
65.24	10.02166
65.26	10.01737
65.28	10.0129
65.3	10.00854
65.32	10.00424
65.34	9.995613
65.36	9.991447
65.38	9.987107
65.4	9.982872
65.42	9.978702
65.44	9.974474
65.46	9.970342
65.48	9.966311
65.5	9.958015
65.52	9.953986
65.54	9.949903
65.56	9.945915
65.58	9.942032
65.6	9.937979
65.62	9.934038
65.64	9.930164
65.66	9.926239
65.68	9.922407
65.7	9.918684
65.72	9.914792
65.74	9.90731
65.76	9.903552
65.78	9.899891
65.8	9.896339
65.82	9.89262
65.84	9.889024
65.86	9.885494
65.88	9.881917
65.9	9.878438
65.92	9.871537
65.94	9.868132
65.96	9.864793
65.98	9.861408
66	9.858123
66.02	9.854954
66.04	9.851618
66.06	9.845277
66.08	9.842097
66.1	9.839019
66.12	9.836058
66.14	9.832933
66.16	9.829943
66.18	9.827022
66.2	9.824059
66.22	9.821199
66.24	9.815557
66.26	9.812794
66.28	9.810101
66.3	9.807366
66.32	9.804738
66.34	9.802232
66.36	9.799564
66.38	9.797039
66.4	9.794586
66.42	9.792092
66.44	9.789708
66.46	9.787449
66.48	9.785027
66.5	9.780552
66.52	9.778311
66.54	9.776182
66.56	9.77418
66.58	9.772017
66.6	9.770005
66.62	9.768068
66.64	9.766093
66.66	9.764232
66.68	9.762499
66.7	9.760608
66.72	9.75887
66.74	9.755511
66.76	9.753928
66.78	9.752478
66.8	9.750868
66.82	9.749417
66.84	9.748044
66.86	9.746634
66.88	9.745342
66.9	9.744184
66.92	9.742869
66.94	9.741716
66.96	9.740642
66.98	9.739533
67	9.73769
67.02	9.73668
67.04	9.735837
67.06	9.735072
67.08	9.734276
67.1	9.733628
67.12	9.732942
67.14	9.732403
67.16	9.731823
67.18	9.731392
67.2	9.730601
67.22	9.730242
67.24	9.730033
67.26	9.729785
67.28	9.729688
67.3	9.729553
67.32	9.729571
67.34	9.729552
67.36	9.729686
67.38	9.729783
67.4	9.730034
67.42	9.730618
67.44	9.730953
67.46	9.731442
67.48	9.731897
67.5	9.73251
67.52	9.733087
67.54	9.733822
67.56	9.734523
67.58	9.735382
67.6	9.736208
67.62	9.738145
67.64	9.739258
67.66	9.740338
67.68	9.74158
67.7	9.742789
67.72	9.74416
67.74	9.745501
67.76	9.747004
67.78	9.748476
67.8	9.750112
67.82	9.751717
67.84	9.753488
67.86	9.757149
67.88	9.759064
67.9	9.76107
67.92	9.763122
67.94	9.765266
67.96	9.767457
67.98	9.772072
68	9.774498
68.02	9.776972
68.04	9.77954
68.06	9.782158
68.08	9.78487
68.1	9.787632
68.12	9.790491
68.14	9.793399
68.16	9.796404
68.18	9.799459
68.2	9.802613
68.22	9.809121
68.24	9.812475
68.26	9.815929
68.28	9.819436
68.3	9.823042
68.32	9.826699
68.34	9.83046
68.36	9.834271
68.38	9.838186
68.4	9.842153
68.42	9.846223
68.44	9.850346
68.46	9.854573
68.48	9.858853
68.5	9.863239
68.52	9.867679
68.54	9.876822
68.56	9.881528
68.58	9.886288
68.6	9.891154
68.62	9.896075
68.64	9.901105
68.66	9.90619
68.68	9.916633
68.7	9.92199
68.72	9.927404
68.74	9.932928
68.76	9.938508
68.78	9.9442
68.8	9.949947
68.82	9.955805
68.84	9.961721
68.86	9.967749
68.88	9.973833
68.9	9.980031
68.92	9.992654
68.94	9.999079
68.96	10.00562
68.98	10.01222
69	10.01893
69.02	10.0257
69.04	10.03259
69.06	10.03953
69.08	10.04659
69.1	10.05371
69.12	10.06824
69.14	10.07565
69.16	10.08312
69.18	10.0907
69.2	10.09835
69.22	10.10611
69.24	10.11394
69.26	10.12988
69.28	10.138
69.3	10.14618
69.32	10.15448
69.34	10.16284
69.36	10.17132
69.38	10.17987
69.4	10.18853
69.42	10.19725
69.44	10.20609
69.46	10.21499
69.48	10.22402
69.5	10.2331
69.52	10.24231
69.54	10.26097
69.56	10.27042
69.58	10.27999
69.6	10.28962
69.62	10.29938
69.64	10.30919
69.66	10.31914
69.68	10.32914
69.7	10.34945
69.72	10.35976
69.74	10.37013
69.76	10.38063
69.78	10.39118
69.8	10.40187
69.82	10.41261
69.84	10.42348
69.86	10.4344
69.88	10.44546
69.9	10.45657
69.92	10.47912
69.94	10.49054
69.96	10.50203
69.98	10.51365
70	10.52532
70.02	10.53713
70.04	10.54899
70.06	10.56098
70.08	10.57303
70.1	10.58521
70.12	10.59745
70.14	10.60981
70.16	10.62224
70.18	10.63479
70.2	10.66015
70.22	10.67295
70.24	10.68588
70.26	10.69887
70.28	10.71199
70.3	10.72517
70.32	10.73847
70.34	10.75184
70.36	10.76533
70.38	10.77889
70.4	10.79257
70.42	10.80631
70.44	10.82018
70.46	10.83411
70.48	10.84817
70.5	10.86229
70.52	10.87653
70.54	10.89084
70.56	10.91977
70.58	10.93439
70.6	10.94907
70.62	10.96388
70.64	10.97875
70.66	10.99374
70.68	11.0088
70.7	11.02398
70.72	11.03922
70.74	11.05459
70.76	11.07002
70.78	11.08558
70.8	11.1012
70.82	11.11694
70.84	11.13274
70.86	11.16466
70.88	11.18077
70.9	11.19695
70.92	11.21325
70.94	11.22961
70.96	11.24609
70.98	11.26264
71	11.27931
71.02	11.29604
71.04	11.3298
71.06	11.34685
71.08	11.36394
71.1	11.38117
71.12	11.39845
71.14	11.41585
71.16	11.43332
71.18	11.45091
71.2	11.46855
71.22	11.48633
71.24	11.50415
71.26	11.54012
71.28	11.55825
71.3	11.57644
71.32	11.59476
71.34	11.61313
71.36	11.63163
71.38	11.65018
71.4	11.68759
71.42	11.70645
71.44	11.72536
71.46	11.7444
71.48	11.76349
71.5	11.78271
71.52	11.80606
71.54	11.80176
71.56	11.79649
71.58	11.79074
71.6	11.78498
71.62	11.77912
71.64	11.77333
71.66	11.76761
71.68	11.76203
71.7	11.75663
71.72	11.7513
71.74	11.74574
71.76	11.75191
71.78	11.70673
71.8	11.66297
71.82	11.68735
71.84	11.65071
71.86	11.69513
71.88	11.42751
71.9	11.64357
71.92	11.37412
71.94	11.60107
71.96	11.33022
71.98	11.25795
72	11.18556
72.02	11.11318
72.04	11.04094
72.06	10.969
72.08	10.92747
72.1	10.94653
72.12	10.95017
72.14	10.951
72.16	10.95157
72.18	10.99629
72.2	11.03948
72.22	11.08116
72.24	11.06024
72.26	10.99792
72.28	11.03483
72.3	10.99903
72.32	11.04532
72.34	11.00764
72.36	11.10916
72.38	11.15121
72.4	11.25434
72.42	11.29554
72.44	11.39971
72.46	11.43956
72.48	11.54426
72.5	11.42594
72.52	11.5274
72.54	11.4071
72.56	11.42483
72.58	11.44103
72.6	11.38075
72.62	11.30615
72.64	11.31577
72.66	11.24003
72.68	11.24653
72.7	11.17
72.72	11.17352
72.74	10.87971
72.76	11.08989
72.78	11.1422
72.8	11.16079
72.82	11.1728
72.84	11.18363
72.86	11.2055
72.88	11.2168
72.9	11.2283
72.92	11.2401
72.94	11.25211
72.96	11.26443
72.98	11.27694
73	11.28976
73.02	11.30279
73.04	11.32965
73.06	11.34345
73.08	11.35749
73.1	11.37185
73.12	11.38641
73.14	11.40123
73.16	11.43168
73.18	11.44727
73.2	11.46316
73.22	11.47927
73.24	11.49229
73.26	11.50259
73.28	11.51218
73.3	11.52192
73.32	11.53174
73.34	11.54171
73.36	11.56195
73.38	11.57225
73.4	11.58267
73.42	11.59316
73.44	11.60377
73.46	11.61456
73.48	11.62533
73.5	11.63629
73.52	11.64736
73.54	11.65851
73.56	11.66978
73.58	11.68123
73.6	11.69266
73.62	11.71603
73.64	11.72785
73.66	11.7398
73.68	11.75188
73.7	11.76404
73.72	11.77633
73.74	11.78875
73.76	11.80125
73.78	11.81076
73.8	11.80878
73.82	11.85431
73.84	11.77765
73.86	11.74763
73.88	11.71906
73.9	11.65857
73.92	11.62668
73.94	11.59372
73.96	11.55973
73.98	11.52472
74	11.48874
74.02	11.45182
74.04	11.41402
74.06	11.37537
74.08	11.36214
74.1	11.34787
74.12	11.31622
74.14	11.29883
74.16	11.28233
74.18	11.26839
74.2	11.25541
74.22	11.24287
74.24	11.23087
74.26	11.21922
74.28	11.19732
74.3	11.18708
74.32	11.17718
74.34	11.16956
74.36	11.16806
74.38	11.20105
74.4	11.20447
74.42	11.10057
74.44	11.12697
74.46	11.13388
74.48	11.13719
74.5	11.14008
74.52	11.1432
74.54	11.14669
74.56	11.15483
74.58	11.15948
74.6	11.16454
74.62	11.16998
74.64	11.17582
74.66	11.18205
74.68	11.18868
74.7	11.19569
74.72	11.2031
74.74	11.21911
74.76	11.2277
74.78	11.23669
74.8	11.24607
74.82	11.25585
74.84	11.26602
74.86	11.27658
74.88	11.28754
74.9	11.29889
74.92	11.31064
74.94	11.32279
74.96	11.33689
74.98	11.34468
75	11.35268
75.02	11.36087
75.04	11.36924
75.06	11.37776
75.08	11.4321
75.1	11.42366
75.12	11.44389
75.14	11.43387
75.16	11.40042
75.18	11.38603
75.2	11.40599
75.22	11.39052
75.24	11.40709
75.26	11.3909
75.28	11.30876
75.3	11.2577
75.32	11.34743
75.34	11.35391
75.36	11.38573
75.38	11.40709
75.4	11.42662
75.42	11.44605
75.44	11.46573
75.46	11.48572
75.48	11.50604
75.5	11.52669
75.52	11.56899
75.54	11.59064
75.56	11.61263
75.58	11.63494
75.6	11.65759
75.62	11.68058
75.64	11.70389
75.66	11.71216
75.68	11.78008
75.7	11.78618
75.72	11.77539
75.74	11.77472
75.76	11.77295
75.78	11.76963
75.8	11.75939
75.82	11.75258
75.84	11.74462
75.86	11.73553
75.88	11.72531
75.9	11.73151
75.92	11.73664
75.94	11.74072
75.96	11.74375
75.98	11.74788
76	11.75369
76.02	11.76012
76.04	11.76694
76.06	11.77412
76.08	11.78166
76.1	11.78954
76.12	11.65335
76.14	11.78834
76.16	11.58161
76.18	11.74786
76.2	11.56346
76.22	11.57908
76.24	11.50842
76.26	11.52172
76.28	11.44921
76.3	11.46042
76.32	11.40079
76.34	11.36142
76.36	11.38165
76.38	11.31875
76.4	11.36707
76.42	11.28716
76.44	11.33566
76.46	11.25343
76.48	11.30218
76.5	11.22059
76.52	11.2696
76.54	11.18925
76.56	11.23853
76.58	11.16022
76.6	11.13106
76.62	11.17672
76.64	11.10483
76.66	11.15074
76.68	11.08012
76.7	11.1263
76.72	11.05706
76.74	11.1035
76.76	11.04302
76.78	11.05587
76.8	11.02062
76.82	11.03808
76.84	11.02327
76.86	10.99307
76.88	11.01454
76.9	11.02257
76.92	11.02963
76.94	11.03562
76.96	11.04478
76.98	11.04818
77	11.06027
77.02	11.06655
77.04	11.07391
77.06	11.07911
77.08	11.08534
77.1	11.09168
77.12	11.09811
77.14	11.10509
77.16	11.11106
77.18	11.12417
77.2	11.13082
77.22	11.13788
77.24	11.14427
77.26	11.15105
77.28	11.1579
77.3	11.17206
77.32	11.17876
77.34	11.1858
77.36	11.19291
77.38	11.20006
77.4	11.20756
77.42	11.21451
77.44	11.22181
77.46	11.22916
77.48	11.23655
77.5	11.24429
77.52	11.25147
77.54	11.259
77.56	11.26659
77.58	11.27421
77.6	11.28219
77.62	11.28958
77.64	11.29734
77.66	11.30515
77.68	11.31298
77.7	11.32119
77.72	11.32878
77.74	11.34476
77.76	11.3528
77.78	11.36082
77.8	11.36901
77.82	11.37727
77.84	11.38546
77.86	11.39369
77.88	11.40208
77.9	11.41055
77.92	11.41894
77.94	11.42737
77.96	11.43596
77.98	11.44463
78	11.45321
78.02	11.46183
78.04	11.47062
78.06	11.47949
78.08	11.48826
78.1	11.49707
78.12	11.51502
78.14	11.52406
78.16	11.53307
78.18	11.54225
78.2	11.55141
78.22	11.56066
78.24	11.56986
78.26	11.57923
78.28	11.58859
78.3	11.59802
78.32	11.60741
78.34	11.61697
78.36	11.62651
78.38	11.6457
78.4	11.65544
78.42	11.66517
78.44	11.67496
78.46	11.6847
78.48	11.69462
78.5	11.70452
78.52	11.71448
78.54	11.72439
78.56	11.73448
78.58	11.74454
78.6	11.75467
78.62	11.76474
78.64	11.77499
78.66	11.78521
78.68	11.7955
78.7	11.81276
78.72	11.81111
78.74	11.79996
78.76	11.81403
78.78	11.77143
78.8	11.77651
78.82	11.68024
78.84	11.75285
78.86	11.65384
78.88	11.72423
78.9	11.62253
78.92	11.69034
78.94	11.58606
78.96	11.65128
78.98	11.56267
79	11.57319
79.02	11.57013
79.04	11.56692
79.06	11.56397
79.08	11.56136
79.1	11.55911
79.12	11.55718
79.14	11.55562
79.16	11.55441
79.18	11.55357
79.2	11.55294
79.22	11.55317
79.24	11.55375
79.26	11.55469
79.28	11.55599
79.3	11.55764
79.32	11.55964
79.34	11.562
79.36	11.56472
79.38	11.56779
79.4	11.57122
79.42	11.575
79.44	11.57908
79.46	11.58351
79.48	11.58829
79.5	11.58952
79.52	11.54124
79.54	11.32706
79.56	11.11908
79.58	11.01684
79.6	10.95196
79.62	10.89526
79.64	10.84095
79.66	10.78785
79.68	10.73573
79.7	10.68451
79.72	10.63419
79.74	10.59883
79.76	10.55216
79.78	10.50399
79.8	10.45628
79.82	10.40939
79.84	10.3634
79.86	10.31828
79.88	10.22749
79.9	10.18016
79.92	10.2072
79.94	10.21821
79.96	10.24714
79.98	10.25866
80	10.30033
80.02	10.33116
80.04	10.3421
80.06	10.35255
80.08	10.34071
80.1	10.10141
80.12	9.867415
80.14	9.639405
80.16	9.443873
80.18	9.468512
80.2	9.446761
80.22	9.416677
80.24	9.386026
80.26	9.32788
80.28	9.283936
80.3	9.247551
80.32	9.21324
80.34	9.179875
80.36	9.338223
80.38	9.143
80.4	9.305317
80.42	9.074615
80.44	8.999755
80.46	8.98555
80.48	8.970049
80.5	8.953176
80.52	8.934858
80.54	8.851194
80.56	8.828942
80.58	8.740511
80.6	8.714223
80.62	8.621078
80.64	8.590683
80.66	8.166674
80.68	8.506667
80.7	8.707886
80.72	8.371842
80.74	8.733603
80.76	8.359286
80.78	8.721466
80.8	8.338387
80.82	8.700353
80.84	8.493932
80.86	8.392467
80.88	8.501182
80.9	8.280936
80.92	8.386082
80.94	8.159242
80.96	8.260516
80.98	8.027328
81	7.65677
81.02	8.032414
81.04	7.767734
81.06	8.14792
81.08	7.717717
81.1	8.105607
81.12	7.635108
81.14	8.028318
81.16	7.545956
81.18	7.944077
81.2	7.635507
81.22	7.844789
81.24	7.528606
81.26	7.73462
81.28	7.411062
81.3	7.613429
81.32	7.481117
81.34	7.143614
81.36	7.337628
81.38	6.835123
81.4	7.25635
81.42	6.878142
81.44	7.311498
81.46	6.817493
81.48	7.258419
81.5	6.736889
81.52	7.184036
81.54	6.653159
81.56	7.106341
81.58	7.029094
81.6	6.487783
81.62	6.953173
81.64	6.407281
81.66	6.878875
81.68	6.328535
81.7	6.806388
81.72	6.251728
81.74	6.73588
81.76	6.17705
81.78	6.667523
81.8	6.104696
81.82	6.601492
81.84	6.034868
81.86	6.537969
81.88	6.477141
81.9	5.903646
81.92	6.4192
81.94	5.842693
81.96	6.364343
81.98	5.785154
82	6.31277
82.02	5.731262
82.04	6.264685
82.06	5.681257
82.08	6.220293
82.1	5.635379
82.12	5.593872
82.14	6.143406
82.16	5.556973
82.18	6.111321
82.2	5.524921
82.22	6.083743
82.24	5.497948
82.26	6.060867
82.28	5.476275
82.3	6.042881
82.32	5.460118
82.34	6.029966
82.36	6.022293
82.38	5.445138
82.4	6.020021
82.42	5.446671
82.44	6.023297
82.46	5.454426
82.48	6.032254
82.5	5.468535
82.52	6.047009
82.54	5.489106
82.56	5.516224
82.58	6.094297
82.6	5.549953
82.62	6.126981
82.64	5.590331
82.66	6.165762
82.68	5.637373
82.7	6.210671
82.72	5.691075
82.74	5.751407
82.76	6.318906
82.78	5.818319
82.8	6.382207
82.82	5.891746
82.84	6.451586
82.86	5.971601
82.88	6.526994
82.9	6.057788
82.92	6.608366
82.94	6.150191
82.96	6.695627
82.98	6.248689
83	6.788691
83.02	6.353149
83.04	6.887461
83.06	6.991837
83.08	6.579392
83.1	7.101707
83.12	6.700881
83.14	7.216956
83.16	6.827749
83.18	7.337469
83.2	6.959846
83.22	7.463121
83.24	7.097019
83.26	7.593792
83.28	7.239121
83.3	7.729358
83.32	7.869695
83.34	7.537524
83.36	8.014682
83.38	7.693542
83.4	8.164196
83.42	7.853921
83.44	8.318119
83.46	8.018532
83.48	8.476336
83.5	8.187245
83.52	8.63873
83.54	8.359941
83.56	8.805193
83.58	8.536502
83.6	8.716815
83.62	9.149899
83.64	8.900775
83.66	9.327939
83.68	9.08828
83.7	9.50964
83.72	9.279233
83.74	9.694908
83.76	9.473539
83.78	9.883656
83.8	9.671115
83.82	10.0758
83.84	9.871874
83.86	10.27125
83.88	10.46994
83.9	10.18478
83.92	10.46538
83.94	10.11241
83.96	10.41538
83.98	10.11896
84	10.39301
84.02	10.10498
84.04	10.39218
84.06	10.10189
84.08	10.38536
84.1	10.09366
84.12	10.0804
84.14	10.35415
84.16	10.06164
84.18	10.33009
84.2	10.03894
84.22	10.30073
84.24	10.04481
84.26	10.08377
84.28	10.10237
84.3	10.12132
84.32	10.14083
84.34	10.16079
84.36	10.18132
84.38	10.20232
84.4	10.22384
84.42	10.24588
84.44	10.26844
84.46	10.31515
84.48	10.33929
84.5	10.36397
84.52	10.38479
84.54	10.40043
84.56	10.61491
84.58	10.37045
84.6	10.63188
84.62	10.38952
84.64	10.65929
84.66	10.41861
84.68	10.68916
84.7	10.72037
84.72	10.48382
84.74	10.75274
84.76	10.51823
84.78	10.78619
84.8	10.55372
84.82	10.82069
84.84	10.59028
84.86	10.62791
84.88	10.89286
84.9	10.66664
84.92	10.93056
84.94	10.70648
84.96	10.96934
84.98	10.74743
85	11.00924
85.02	10.78952
85.04	11.05025
85.06	10.83275
85.08	11.09239
85.1	10.87713
85.12	11.13567
85.14	10.92268
85.16	11.18011
85.18	11.22571
85.2	11.01732
85.22	11.27249
85.24	11.06644
85.26	11.32046
85.28	11.11676
85.3	11.36962
85.32	11.1683
85.34	11.42
85.36	11.22107
85.38	11.27507
85.4	11.5244
85.42	11.33032
85.44	11.57845
85.46	11.38683
85.48	11.63375
85.5	11.44459
85.52	11.50363
85.54	11.74811
85.56	11.56394
85.58	11.62553
85.6	11.83456
85.62	11.82913
85.64	11.82263
85.66	11.81509
85.68	11.80652
85.7	11.79695
85.72	11.78643
85.74	11.77498
85.76	11.76265
85.78	11.74948
85.8	11.75334
85.82	11.75985
85.84	11.76302
85.86	11.76632
85.88	11.76992
85.9	11.76691
85.92	11.75886
85.94	11.75096
85.96	11.74202
85.98	11.73309
86	11.72428
86.02	11.7069
86.04	11.69837
86.06	11.68999
86.08	11.68165
86.1	11.67337
86.12	11.66526
86.14	11.6573
86.16	11.64938
86.18	11.64171
86.2	11.63402
86.22	11.62651
86.24	11.61182
86.26	11.60474
86.28	11.59764
86.3	11.59072
86.32	11.58392
86.34	11.57717
86.36	11.57065
86.38	11.5641
86.4	11.55147
86.42	11.54526
86.44	11.53925
86.46	11.53344
86.48	11.52758
86.5	11.52188
86.52	11.51631
86.54	11.50543
86.56	11.50025
86.58	11.50745
86.6	11.48845
86.62	11.46917
86.64	11.45478
86.66	11.44626
86.68	11.44375
86.7	11.21952
86.72	11.01096
86.74	10.89621
86.76	10.88282
86.78	10.89227
86.8	10.93162
86.82	10.95794
86.84	11.09473
86.86	11.04653
86.88	11.14441
86.9	11.24129
86.92	11.33686
86.94	11.43083
86.96	11.52295
86.98	11.61295
87	11.70059
87.02	11.70945
87.04	11.70896
87.06	11.6381
87.08	11.5902
87.1	11.51697
87.12	11.46606
87.14	11.39089
87.16	11.33738
87.18	11.26073
87.2	11.20513
87.22	11.07034
87.24	10.88094
87.26	10.94796
87.28	10.95751
87.3	10.95525
87.32	10.95062
87.34	10.9454
87.36	10.94008
87.38	10.93457
87.4	10.92906
87.42	10.92343
87.44	10.9178
87.46	10.912
87.48	10.90031
87.5	10.89431
87.52	10.88832
87.54	10.88222
87.56	10.87602
87.58	10.86985
87.6	10.86356
87.62	10.85717
87.64	10.85083
87.66	10.83779
87.68	10.83128
87.7	10.82464
87.72	10.81791
87.74	10.81124
87.76	10.80444
87.78	10.79756
87.8	10.79074
87.82	10.78379
87.84	10.76982
87.86	10.76274
87.88	10.75559
87.9	10.74851
87.92	10.74131
87.94	10.73404
87.96	10.72684
87.98	10.71954
88	10.71216
88.02	10.69747
88.04	10.69
88.06	10.68263
88.08	10.67511
88.1	10.66768
88.12	10.66012
88.14	10.65265
88.16	10.64504
88.18	10.6299
88.2	10.62227
88.22	10.6146
88.24	10.60694
88.26	10.59925
88.28	10.59158
88.3	10.58387
88.32	10.57619
88.34	10.56848
88.36	10.5531
88.38	10.54542
88.4	10.53772
88.42	10.53006
88.44	10.52238
88.46	10.51474
88.48	10.49948
88.5	10.49187
88.52	10.4843
88.54	10.47673
88.56	10.4692
88.58	10.46168
88.6	10.45422
88.62	10.44676
88.64	10.43936
88.66	10.43197
88.68	10.42464
88.7	10.41009
88.72	10.40286
88.74	10.39573
88.76	10.3887
88.78	10.38136
88.8	10.37424
88.82	10.36727
88.84	10.36037
88.86	10.35353
88.88	10.34678
88.9	10.34007
88.92	10.33346
88.94	10.32688
88.96	10.32041
88.98	10.31412
89	10.30807
89.02	10.3001
89.04	10.29039
89.06	10.28035
89.08	10.27048
89.1	10.25196
89.12	10.24298
89.14	10.2339
89.16	10.22439
89.18	10.21522
89.2	10.20622
89.22	10.19675
89.24	10.18749
89.26	10.17842
89.28	10.16897
89.3	10.15969
89.32	10.15059
89.34	10.14112
89.36	10.13182
89.38	10.12269
89.4	10.1132
89.42	10.10388
89.44	10.08521
89.46	10.07586
89.48	10.06669
89.5	10.05715
89.52	10.04779
89.54	10.0386
89.56	10.02904
89.58	10.01966
89.6	10.01046
89.62	10.00089
89.64	9.991494
89.66	9.982285
89.68	9.972692
89.7	9.963288
89.72	9.944467
89.74	9.935056
89.76	9.925835
89.78	9.91622
89.8	9.906803
89.82	9.897581
89.84	9.887959
89.86	9.878539
89.88	9.869318
89.9	9.859692
89.92	9.850272
89.94	9.831427
89.96	9.822009
89.98	9.812799
90	9.803173
90.02	9.79376
90.04	9.784559
90.06	9.774937
90.08	9.765532
90.1	9.756343
90.12	9.746727
90.14	9.728158
90.16	9.718552
90.18	9.709171
90.2	9.700013
90.22	9.690418
90.24	9.681055
90.26	9.671916
90.28	9.662336
90.3	9.643874
90.32	9.634312
90.34	9.624987
90.36	9.615895
90.38	9.606353
90.4	9.597052
90.42	9.587987
90.44	9.578466
90.46	9.569192
90.48	9.560157
90.5	9.550662
90.52	9.541416
90.54	9.532413
90.56	9.513731
90.58	9.504765
90.6	9.495327
90.62	9.486146
90.64	9.477217
90.66	9.467812
90.68	9.458667
90.7	9.449777
90.72	9.440408
90.74	9.431301
90.76	9.422453
90.78	9.413122
90.8	9.404057
90.82	9.395254
90.84	9.385962
90.86	9.376941
90.88	9.358936
90.9	9.349961
90.92	9.341255
90.94	9.332051
90.96	9.323124
90.98	9.31447
91	9.305314
91.02	9.296437
91.04	9.287838
91.06	9.278731
91.08	9.269907
91.1	9.252311
91.12	9.243543
91.14	9.235058
91.16	9.226059
91.18	9.217348
91.2	9.208926
91.22	9.191332
91.24	9.182973
91.26	9.174089
91.28	9.165502
91.3	9.157207
91.32	9.148386
91.34	9.139862
91.36	9.131637
91.38	9.122878
91.4	9.106265
91.42	9.097572
91.44	9.089185
91.46	9.081101
91.48	9.072476
91.5	9.06416
91.52	9.047597
91.54	9.039353
91.56	9.031421
91.58	9.02294
91.6	9.014771
91.62	9.006918
91.64	8.998511
91.66	8.99042
91.68	8.982647
91.7	8.966306
91.72	8.958615
91.74	8.950364
91.76	8.942435
91.78	8.93483
91.8	8.92666
91.82	8.918814
91.84	8.911294
91.86	8.895448
91.88	8.888018
91.9	8.880015
91.92	8.872344
91.94	8.865004
91.96	8.857089
91.98	8.842259
92	8.834435
92.02	8.826944
92.04	8.819791
92.06	8.812057
92.08	8.804659
92.1	8.797603
92.12	8.78266
92.14	8.775702
92.16	8.768155
92.18	8.760951
92.2	8.754092
92.22	8.746643
92.24	8.739537
92.26	8.732781
92.28	8.72543
92.3	8.718426
92.32	8.711774
92.34	8.704523
92.36	8.697621
92.38	8.691074
92.4	8.683926
92.42	8.670689
92.44	8.663645
92.46	8.656954
92.48	8.650622
92.5	8.643684
92.52	8.637101
92.54	8.630881
92.56	8.624051
92.58	8.617577
92.6	8.611469
92.62	8.604748
92.64	8.598385
92.66	8.592391
92.68	8.58578
92.7	8.579531
92.72	8.573652
92.74	8.567155
92.76	8.56102
92.78	8.555258
92.8	8.542855
92.82	8.537211
92.84	8.530945
92.86	8.525043
92.88	8.51952
92.9	8.51337
92.92	8.507588
92.94	8.502186
92.96	8.496155
92.98	8.490495
93	8.485216
93.02	8.479304
93.04	8.473765
93.06	8.468612
93.08	8.457407
93.1	8.452379
93.12	8.446712
93.14	8.441422
93.16	8.436522
93.18	8.430982
93.2	8.425818
93.22	8.421045
93.24	8.41563
93.26	8.410595
93.28	8.405952
93.3	8.395759
93.32	8.391247
93.34	8.386088
93.36	8.381312
93.38	8.376933
93.4	8.371905
93.42	8.367261
93.44	8.363015
93.46	8.35812
93.48	8.353608
93.5	8.349497
93.52	8.344733
93.54	8.340356
93.56	8.336381
93.58	8.331752
93.6	8.32751
93.62	8.319178
93.64	8.315072
93.66	8.311373
93.68	8.307015
93.7	8.303047
93.72	8.299487
93.74	8.295266
93.76	8.291437
93.78	8.288017
93.8	8.283936
93.82	8.276967
93.84	8.273026
93.86	8.269477
93.88	8.266341
93.9	8.26254
93.92	8.259132
93.94	8.25614
93.96	8.252481
93.98	8.246367
94	8.24285
94.02	8.239729
94.04	8.237026
94.06	8.233652
94.08	8.230676
94.1	8.228119
94.12	8.22489
94.14	8.222058
94.16	8.219648
94.18	8.216564
94.2	8.211617
94.22	8.208678
94.24	8.206141
94.26	8.204026
94.28	8.201236
94.3	8.198845
94.32	8.19688
94.34	8.194237
94.36	8.191996
94.38	8.19018
94.4	8.187685
94.42	8.185593
94.44	8.183927
94.46	8.181582
94.48	8.179639
94.5	8.178123
94.52	8.174136
94.54	8.172773
94.56	8.170729
94.58	8.169087
94.6	8.167877
94.62	8.165983
94.64	8.164493
94.66	8.163434
94.68	8.161693
94.7	8.160355
94.72	8.15945
94.74	8.156674
94.76	8.155923
94.78	8.154486
94.8	8.153453
94.82	8.152856
94.84	8.151571
94.86	8.150692
94.88	8.150249
94.9	8.149118
94.92	8.148393
94.94	8.148105
94.96	8.147128
94.98	8.146557
95	8.146423
95.02	8.145185
95.04	8.145205
95.06	8.144539
95.08	8.144276
95.1	8.144454
95.12	8.143941
95.14	8.143833
95.16	8.144167
95.18	8.143809
95.2	8.144345
95.22	8.144143
95.24	8.144347
95.26	8.144992
95.28	8.144945
95.3	8.145304
95.32	8.146105
95.34	8.146214
95.36	8.146729
95.38	8.14795
95.4	8.148621
95.42	8.149734
95.44	8.150154
95.46	8.15098
95.48	8.152249
95.5	8.152826
95.52	8.153808
95.54	8.155966
95.56	8.157104
95.58	8.158686
95.6	8.159574
95.62	8.160867
95.64	8.162604
95.66	8.163649
95.68	8.165097
95.7	8.168192
95.72	8.169795
95.74	8.171844
95.76	8.173201
95.78	8.17496
95.8	8.177165
95.82	8.180591
95.84	8.18295
95.86	8.184618
95.88	8.186687
95.9	8.189202
95.92	8.191025
95.94	8.193248
95.96	8.195917
95.98	8.197895
96	8.200274
96.02	8.203097
96.04	8.207762
96.06	8.21074
96.08	8.213026
96.1	8.215714
96.12	8.218844
96.14	8.221285
96.16	8.224125
96.18	8.227409
96.2	8.230004
96.22	8.232997
96.24	8.236435
96.26	8.239182
96.28	8.242328
96.3	8.245918
96.32	8.248819
96.34	8.255859
96.36	8.258912
96.38	8.262362
96.4	8.266255
96.42	8.26946
96.44	8.273061
96.46	8.277106
96.48	8.280462
96.5	8.284213
96.52	8.288409
96.54	8.291916
96.56	8.300162
96.58	8.303821
96.6	8.307871
96.62	8.312366
96.64	8.316174
96.66	8.320374
96.68	8.325017
96.7	8.328974
96.72	8.333322
96.74	8.338113
96.76	8.342218
96.78	8.346714
96.8	8.351653
96.82	8.355906
96.84	8.365634
96.86	8.370035
96.88	8.374825
96.9	8.380055
96.92	8.384603
96.94	8.389539
96.96	8.394915
96.98	8.399608
97	8.404688
97.02	8.410209
97.04	8.415048
97.06	8.425937
97.08	8.43092
97.1	8.436287
97.12	8.442094
97.14	8.447222
97.16	8.452732
97.18	8.45868
97.2	8.469604
97.22	8.475693
97.24	8.481106
97.26	8.486899
97.28	8.49313
97.3	8.498684
97.32	8.504618
97.34	8.510987
97.36	8.516683
97.38	8.522755
97.4	8.529263
97.42	8.541309
97.44	8.547956
97.46	8.553929
97.48	8.560278
97.5	8.567062
97.52	8.573173
97.54	8.586578
97.56	8.592827
97.58	8.599448
97.6	8.606503
97.62	8.612887
97.64	8.619644
97.66	8.626832
97.68	8.633352
97.7	8.647564
97.72	8.654219
97.74	8.661242
97.76	8.668695
97.78	8.675484
97.8	8.68264
97.82	8.690225
97.84	8.697145
97.86	8.704432
97.88	8.712148
97.9	8.7192
97.92	8.734461
97.94	8.741645
97.96	8.74919
97.98	8.757163
98	8.764476
98.02	8.772151
98.04	8.780251
98.06	8.787692
98.08	8.795494
98.1	8.81129
98.12	8.819218
98.14	8.827569
98.16	8.835265
98.18	8.843318
98.2	8.851794
98.22	8.859616
98.24	8.867794
98.26	8.876392
98.28	8.884339
98.3	8.89264
98.32	8.901361
98.34	8.909431
98.36	8.917854
98.38	8.926696
98.4	8.943434
98.42	8.952395
98.44	8.960711
98.46	8.969376
98.48	8.978456
98.5	8.986892
98.52	8.995676
98.54	9.004875
98.56	9.013431
98.58	9.022332
98.6	9.040322
98.62	9.04934
98.64	9.058773
98.66	9.067565
98.68	9.076699
98.7	9.086246
98.72	9.095154
98.74	9.104404
98.76	9.114065
98.78	9.123089
98.8	9.132453
98.82	9.142226
98.84	9.151365
98.86	9.170727
98.88	9.179978
98.9	9.189567
98.92	9.199563
98.94	9.208927
98.96	9.218626
98.98	9.228732
99	9.238207
99.02	9.25823
99.04	9.267817
99.06	9.277734
99.08	9.288055
99.1	9.297751
99.12	9.307776
99.14	9.318205
99.16	9.328008
99.18	9.33814
99.2	9.358584
99.22	9.368822
99.24	9.37946
99.26	9.389477
99.28	9.399819
99.3	9.410561
99.32	9.420683
99.34	9.431129
99.36	9.441972
99.38	9.452198
99.4	9.473692
99.42	9.48402
99.44	9.494672
99.46	9.505716
99.48	9.516148
99.5	9.526897
99.52	9.548574
99.54	9.559425
99.56	9.570668
99.58	9.5813
99.6	9.592249
99.62	9.603589
99.64	9.614321
99.66	9.625366
99.68	9.636803
99.7	9.647633
99.72	9.658775
99.74	9.681233
99.76	9.692472
99.78	9.704097
99.8	9.715119
99.82	9.726452
99.84	9.738171
99.86	9.749289
99.88	9.760715
99.9	9.772526
99.92	9.783737
99.94	9.795256
99.96	9.807158
99.98	9.818463
100	9.830074
100.02	9.853463
100.04	9.865165
100.06	9.877246
100.08	9.888734
100.1	9.900525
100.12	9.912695
100.14	9.924273
100.16	9.936152
100.18	9.948411
100.2	9.960078
100.22	9.984389
100.24	9.996145
100.26	10.0082
100.28	10.02063
100.3	10.03247
100.32	10.04461
100.34	10.05713
100.36	10.06905
100.38	10.08128
100.4	10.09388
100.42	10.10589
100.44	10.1182
100.46	10.13088
100.48	10.14298
100.5	10.15537
100.52	10.18032
100.54	10.19279
100.56	10.20564
100.58	10.2179
100.6	10.23046
100.62	10.24338
100.64	10.25573
100.66	10.26836
100.68	10.28137
100.7	10.29379
100.72	10.30651
100.74	10.31959
100.76	10.34489
100.78	10.35805
100.8	10.37064
100.82	10.38351
100.84	10.39674
100.86	10.40941
100.88	10.42236
100.9	10.43567
100.92	10.44841
100.94	10.46144
100.96	10.48764
100.98	10.50074
101	10.5142
101.02	10.5271
101.04	10.54027
101.06	10.5538
101.08	10.56677
101.1	10.58002
101.12	10.60644
101.14	10.61967
101.16	10.63327
101.18	10.64644
101.2	10.65983
101.22	10.67355
101.24	10.68675
101.26	10.69985
101.28	10.71351
101.3	10.72682
101.32	10.74033
101.34	10.75414
101.36	10.78103
101.38	10.79493
101.4	10.8083
101.42	10.82193
101.44	10.83591
101.46	10.84935
101.48	10.86305
101.5	10.87709
101.52	10.8906
101.54	10.90437
101.56	10.91848
101.58	10.93205
101.6	10.94589
101.62	10.96006
101.64	10.97371
101.66	11.00185
101.68	11.01556
101.7	11.02952
101.72	11.04383
101.74	11.0576
101.76	11.07164
101.78	11.08601
101.8	11.09985
101.82	11.11394
101.84	11.12838
101.86	11.14228
101.88	11.15644
101.9	11.17094
101.92	11.18491
101.94	11.19913
101.96	11.22772
101.98	11.242
102	11.25662
102.02	11.27071
102.04	11.28506
102.06	11.29973
102.08	11.31389
102.1	11.32829
102.12	11.34303
102.14	11.35725
102.16	11.37171
102.18	11.38651
102.2	11.40079
102.22	11.43017
102.24	11.4445
102.26	11.45908
102.28	11.474
102.3	11.50303
102.32	11.518
102.34	11.53245
102.36	11.54715
102.38	11.56218
102.4	11.57669
102.42	11.59144
102.44	11.60652
102.46	11.62109
102.48	11.6359
102.5	11.65103
102.52	11.66566
102.54	11.680