0.02	12.19013
0.04	12.47231
0.06	12.73968
0.08	12.87119
0.1	13.03141
0.12	13.3837
0.14	13.57109
0.16	13.76528
0.18	13.966
0.2	14.16094
0.22	13.56391
0.24	13.8704
0.26	13.23543
0.28	13.57797
0.3	13.26632
0.32	12.63908
0.34	12.94021
0.36	12.32633
0.38	12.61935
0.4	12.02067
0.42	11.72279
0.44	11.99732
0.46	11.43337
0.48	11.69725
0.5	11.15329
0.52	11.40553
0.54	10.88371
0.56	11.12325
0.58	10.85184
0.6	10.38215
0.62	10.59307
0.64	10.15414
0.66	10.3491
0.68	9.945141
0.7	10.12238
0.72	9.793598
0.74	9.959148
0.76	10.14407
0.78	10.00136
0.8	10.18752
0.82	10.02829
0.84	10.21234
0.86	10.05124
0.88	10.23393
0.9	10.07424
0.92	10.25578
0.94	10.27862
0.96	10.12328
0.98	10.30286
1	10.14913
1.02	10.32788
1.04	10.17569
1.06	10.20278
1.08	10.37969
1.1	10.23037
1.12	10.40634
1.14	10.2584
1.16	10.43343
1.18	10.46094
1.2	10.31572
1.22	10.48884
1.24	10.34493
1.26	10.51708
1.28	10.37444
1.3	10.40415
1.32	10.57441
1.34	10.43401
1.36	10.60338
1.38	10.3768
1.4	10.60422
1.42	10.56903
1.44	10.2985
1.46	10.52756
1.48	10.25546
1.5	10.48562
1.52	10.21319
1.54	10.44443
1.56	10.17197
1.58	10.40429
1.6	10.13192
1.62	10.09311
1.64	10.32759
1.66	10.05562
1.68	10.29118
1.7	10.01953
1.72	10.25617
1.74	9.984921
1.76	9.951863
1.78	10.19065
1.8	9.920441
1.82	10.16029
1.84	9.890732
1.86	10.13164
1.88	9.862819
1.9	10.10476
1.92	9.836783
1.94	9.812707
1.96	10.05669
1.98	9.790674
2	10.03565
2.02	9.770767
2.04	10.01671
2.06	9.753068
2.08	9.73766
2.1	9.985472
2.12	9.724626
2.14	9.973329
2.16	9.714046
2.18	9.963609
2.2	9.706002
2.22	9.956391
2.24	9.700575
2.26	9.697843
2.28	9.949772
2.3	9.697881
2.32	9.918791
2.34	9.894881
2.36	9.869913
2.38	9.843232
2.4	9.814871
2.42	9.753263
2.44	9.720101
2.46	9.685436
2.48	9.649321
2.5	9.645904
2.52	9.644603
2.54	9.639759
2.56	9.634393
2.58	9.622725
2.6	9.616633
2.62	9.611371
2.64	9.605799
2.66	9.600219
2.68	9.594625
2.7	9.583295
2.72	9.577497
2.74	9.571762
2.76	9.566037
2.78	9.560194
2.8	9.548541
2.82	9.542703
2.84	9.536884
2.86	9.530942
2.88	9.525135
2.9	9.513206
2.92	9.507318
2.94	9.501302
2.96	9.495202
2.98	9.489192
3	9.483208
3.02	9.477098
3.04	9.4648
3.06	9.458726
3.08	9.452525
3.1	9.446239
3.12	9.440048
3.14	9.43389
3.16	9.427605
3.18	9.421235
3.2	9.408606
3.22	9.402352
3.24	9.395899
3.26	9.38955
3.28	9.38311
3.3	9.376782
3.32	9.370252
3.34	9.363832
3.36	9.350927
3.38	9.344327
3.4	9.337843
3.42	9.331268
3.44	9.32482
3.46	9.318159
3.48	9.311623
3.5	9.304994
3.52	9.291787
3.54	9.285206
3.56	9.278531
3.58	9.271999
3.6	9.265245
3.62	9.258629
3.64	9.251919
3.66	9.245359
3.68	9.23193
3.7	9.225193
3.72	9.218613
3.74	9.211802
3.76	9.205142
3.78	9.198387
3.8	9.191796
3.82	9.1783
3.84	9.171535
3.86	9.164941
3.88	9.158107
3.9	9.151437
3.92	9.14467
3.94	9.138081
3.96	9.124582
3.98	9.117822
4	9.111244
4.02	9.104419
4.04	9.097769
4.06	9.091022
4.08	9.084463
4.1	9.077653
4.12	9.064298
4.14	9.057765
4.16	9.050978
4.18	9.044376
4.2	9.037678
4.22	9.030905
4.24	9.024286
4.26	9.017576
4.28	9.004153
4.3	8.997423
4.32	8.99062
4.34	8.983962
4.36	8.977212
4.38	8.970389
4.4	8.963715
4.42	8.956948
4.44	8.943422
4.46	8.936644
4.48	8.929792
4.5	8.923099
4.52	8.916312
4.54	8.909453
4.56	8.902758
4.58	8.889109
4.6	8.882417
4.62	8.875631
4.64	8.868773
4.66	8.862091
4.68	8.855314
4.7	8.848465
4.72	8.841797
4.74	8.828197
4.76	8.821549
4.78	8.814804
4.8	8.807988
4.82	8.801364
4.84	8.794643
4.86	8.787852
4.88	8.781259
4.9	8.774568
4.92	8.761247
4.94	8.75459
4.96	8.747862
4.98	8.741344
5	8.734727
5.02	8.728039
5.04	8.721565
5.06	8.714993
5.08	8.701926
5.1	8.695402
5.12	8.688808
5.14	8.68244
5.16	8.67597
5.18	8.66943
5.2	8.663122
5.22	8.65671
5.24	8.650229
5.26	8.637637
5.28	8.63122
5.3	8.625045
5.32	8.618764
5.34	8.612415
5.36	8.606313
5.38	8.593829
5.4	8.587804
5.42	8.581672
5.44	8.575473
5.46	8.56953
5.48	8.563478
5.5	8.551504
5.52	8.545538
5.54	8.539505
5.56	8.533738
5.58	8.527861
5.6	8.521918
5.62	8.516245
5.64	8.504611
5.66	8.499037
5.68	8.493349
5.7	8.487597
5.72	8.482124
5.74	8.476538
5.76	8.470887
5.78	8.460036
5.8	8.454491
5.82	8.449231
5.84	8.443857
5.86	8.438419
5.88	8.433273
5.9	8.42801
5.92	8.422685
5.94	8.417654
5.96	8.407296
5.98	8.402384
6	8.397354
6.02	8.392263
6.04	8.387474
6.06	8.377595
6.08	8.372931
6.1	8.368148
6.12	8.363303
6.14	8.358768
6.16	8.354111
6.18	8.349395
6.2	8.344991
6.22	8.335878
6.24	8.33161
6.26	8.327215
6.28	8.322763
6.3	8.318631
6.32	8.314373
6.34	8.310059
6.36	8.301946
6.38	8.29777
6.4	8.293919
6.42	8.289941
6.44	8.285906
6.46	8.2822
6.48	8.278365
6.5	8.270915
6.52	8.267226
6.54	8.263482
6.56	8.260072
6.58	8.256531
6.6	8.252935
6.62	8.249677
6.64	8.246285
6.66	8.239736
6.68	8.236498
6.7	8.233206
6.72	8.230255
6.74	8.227172
6.76	8.224035
6.78	8.221242
6.8	8.218314
6.82	8.215334
6.84	8.212701
6.86	8.20711
6.88	8.204637
6.9	8.202027
6.92	8.199367
6.94	8.197056
6.96	8.194608
6.98	8.192109
7	8.187676
7.02	8.185342
7.04	8.183361
7.06	8.18124
7.08	8.17907
7.1	8.177257
7.12	8.175302
7.14	8.173298
7.16	8.169866
7.18	8.16803
7.2	8.166553
7.22	8.164935
7.24	8.163268
7.26	8.161963
7.28	8.159018
7.3	8.157885
7.32	8.156606
7.34	8.15528
7.36	8.15432
7.38	8.153214
7.4	8.152061
7.42	8.150341
7.44	8.149363
7.46	8.14875
7.48	8.14799
7.5	8.147185
7.52	8.146749
7.54	8.146164
7.56	8.145535
7.58	8.144863
7.6	8.14441
7.62	8.144327
7.64	8.144093
7.66	8.143816
7.68	8.143909
7.7	8.143852
7.72	8.143752
7.74	8.144144
7.76	8.144222
7.78	8.144674
7.8	8.144971
7.82	8.145226
7.84	8.145856
7.86	8.146332
7.88	8.146766
7.9	8.14823
7.92	8.148843
7.94	8.149832
7.96	8.150664
7.98	8.151457
8	8.152626
8.02	8.153637
8.04	8.15461
8.06	8.155958
8.08	8.158301
8.1	8.15983
8.12	8.1612
8.14	8.162532
8.16	8.164241
8.18	8.16579
8.2	8.167302
8.22	8.169191
8.24	8.172611
8.26	8.174681
8.28	8.176588
8.3	8.17846
8.32	8.180711
8.34	8.182796
8.36	8.184849
8.38	8.189544
8.4	8.191774
8.42	8.194385
8.44	8.196829
8.46	8.199239
8.48	8.202028
8.5	8.204651
8.52	8.207241
8.54	8.210209
8.56	8.215778
8.58	8.218925
8.6	8.221906
8.62	8.224853
8.64	8.228177
8.66	8.231335
8.68	8.234459
8.7	8.237963
8.72	8.241298
8.74	8.248281
8.76	8.251791
8.78	8.255271
8.8	8.259129
8.82	8.262816
8.84	8.266472
8.86	8.270507
8.88	8.274369
8.9	8.282412
8.92	8.286449
8.94	8.290457
8.96	8.294842
8.98	8.299054
9	8.303237
9.02	8.307796
9.04	8.312181
9.06	8.316539
9.08	8.32583
9.1	8.33036
9.12	8.335267
9.14	8.339997
9.16	8.3447
9.18	8.349779
9.2	8.354681
9.22	8.359556
9.24	8.364805
9.26	8.374924
9.28	8.380344
9.3	8.385587
9.32	8.390802
9.34	8.396392
9.36	8.401804
9.38	8.407189
9.4	8.412947
9.42	8.418527
9.44	8.42408
9.46	8.435753
9.48	8.441474
9.5	8.447567
9.52	8.453479
9.54	8.459367
9.56	8.465626
9.58	8.471703
9.6	8.477756
9.62	8.490421
9.64	8.496638
9.66	8.503225
9.68	8.50963
9.7	8.51601
9.72	8.52276
9.74	8.529327
9.76	8.53587
9.78	8.549508
9.8	8.556212
9.82	8.563284
9.84	8.570171
9.86	8.577037
9.88	8.584267
9.9	8.591312
9.92	8.598336
9.94	8.605725
9.96	8.620111
9.98	8.627656
10	8.635016
10.02	8.642354
10.04	8.650056
10.06	8.657571
10.08	8.665065
10.1	8.68059
10.12	8.688238
10.14	8.696247
10.16	8.704069
10.18	8.71187
10.2	8.720032
10.22	8.728005
10.24	8.735959
10.26	8.752395
10.28	8.760499
10.3	8.768961
10.32	8.777234
10.34	8.785487
10.36	8.794098
10.38	8.802519
10.4	8.810921
10.42	8.828246
10.44	8.836795
10.46	8.845698
10.48	8.854411
10.5	8.863106
10.52	8.872153
10.54	8.881011
10.56	8.88985
10.58	8.908041
10.6	8.917023
10.62	8.926355
10.64	8.935497
10.66	8.944622
10.68	8.954096
10.7	8.963377
10.72	8.982255
10.74	8.991675
10.76	9.00108
10.78	9.01083
10.8	9.029931
10.82	9.039818
10.84	9.049513
10.86	9.069215
10.88	9.079044
10.9	9.088859
10.92	9.099014
10.94	9.108978
10.96	9.118927
10.98	9.129216
11	9.139312
11.02	9.149393
11.04	9.17004
11.06	9.180252
11.08	9.190804
11.1	9.201159
11.12	9.211503
11.14	9.222182
11.16	9.243138
11.18	9.253946
11.2	9.264558
11.22	9.275156
11.24	9.28609
11.26	9.296827
11.28	9.307552
11.3	9.31861
11.32	9.340322
11.34	9.351504
11.36	9.36249
11.38	9.373463
11.4	9.384767
11.42	9.395874
11.44	9.406969
11.46	9.429622
11.48	9.440838
11.5	9.452383
11.52	9.46373
11.54	9.475066
11.56	9.486728
11.58	9.498194
11.6	9.509647
11.62	9.533009
11.64	9.54458
11.66	9.556475
11.68	9.568173
11.7	9.57986
11.72	9.591869
11.74	9.603682
11.76	9.615482
11.78	9.627605
11.8	9.651444
11.82	9.663679
11.84	9.675715
11.86	9.687742
11.88	9.700088
11.9	9.712234
11.92	9.724372
11.94	9.736826
11.96	9.761329
11.98	9.773891
12	9.786256
12.02	9.798611
12.04	9.81128
12.06	9.823751
12.08	9.836214
12.1	9.848989
12.12	9.861565
12.14	9.887012
12.16	9.899693
12.18	9.912366
12.2	9.925349
12.22	9.938133
12.24	9.950909
12.26	9.963994
12.28	9.97688
12.3	10.00294
12.32	10.01593
12.34	10.02891
12.36	10.04219
12.38	10.05528
12.4	10.06836
12.42	10.08174
12.44	10.09493
12.46	10.12159
12.48	10.13487
12.5	10.14814
12.52	10.16172
12.54	10.1751
12.56	10.18847
12.58	10.20214
12.6	10.22908
12.62	10.24285
12.64	10.25642
12.66	10.26997
12.68	10.2838
12.7	10.29711
12.72	10.3107
12.74	10.32459
12.76	10.33829
12.78	10.35198
12.8	10.37942
12.82	10.39273
12.84	10.40629
12.86	10.42034
12.88	10.43423
12.9	10.44827
12.92	10.46263
12.94	10.49067
12.96	10.50521
12.98	10.51916
13	10.53343
13.02	10.54812
13.04	10.56218
13.06	10.57657
13.08	10.5914
13.1	10.6053
13.12	10.63455
13.14	10.64894
13.16	10.6636
13.18	10.67866
13.2	10.69312
13.22	10.7079
13.24	10.72373
13.26	10.73834
13.28	10.76795
13.3	10.78288
13.32	10.79754
13.34	10.81217
13.36	10.82712
13.38	10.84184
13.4	10.85654
13.42	10.87155
13.44	10.90112
13.46	10.91618
13.48	10.93104
13.5	10.9459
13.52	10.96104
13.54	10.97598
13.56	10.99091
13.58	11.02113
13.6	11.03614
13.62	11.05143
13.64	11.06651
13.66	11.0816
13.68	11.09696
13.7	11.11212
13.72	11.12729
13.74	11.15796
13.76	11.17319
13.78	11.1887
13.8	11.20401
13.82	11.21932
13.84	11.2349
13.86	11.26566
13.88	11.28131
13.9	11.29676
13.92	11.31222
13.94	11.32794
13.96	11.34346
13.98	11.35898
14	11.37477
14.02	11.40596
14.04	11.42182
14.06	11.43748
14.08	11.45314
14.1	11.46907
14.12	11.4848
14.14	11.50053
14.16	11.51652
14.18	11.53232
14.2	11.56418
14.22	11.58004
14.24	11.59591
14.26	11.61203
14.28	11.62796
14.3	11.64389
14.32	11.66008
14.34	11.67607
14.36	11.70832
14.38	11.72437
14.4	11.74043
14.42	11.75675
14.44	11.77287
14.46	11.78899
14.48	11.80536
14.5	11.83773
14.52	11.85417
14.54	11.87041
14.56	11.88666
14.58	11.88121
14.6	11.87383
14.62	11.88757
14.64	11.89358
14.66	11.87331
14.68	11.86742
14.7	11.86022
14.72	11.87375
14.74	11.86307
14.76	11.85612
14.78	11.84909
14.8	11.84051
14.82	11.86054
14.84	11.86508
14.86	11.86816
14.88	11.86993
14.9	11.87039
14.92	11.86953
14.94	11.89075
14.96	11.88736
14.98	11.87815
15	11.86864
15.02	11.86074
15.04	11.85263
15.06	11.84352
15.08	11.8324
15.1	11.83094
15.12	11.40661
15.14	11.31995
15.16	11.23266
15.18	11.13796
15.2	11.03471
15.22	10.92295
15.24	10.80294
15.26	10.99881
15.28	10.89487
15.3	10.59652
15.32	10.78654
15.34	10.4863
15.36	10.67378
15.38	10.37252
15.4	10.55666
15.42	10.25532
15.44	10.15795
15.46	10.36808
15.48	10.1323
15.5	10.34798
15.52	10.06821
15.54	10.27804
15.56	9.996314
15.58	10.21011
15.6	10.14614
15.62	9.863502
15.64	10.02719
15.66	9.806046
15.68	9.972082
15.7	9.749736
15.72	9.917962
15.74	9.865994
15.76	9.643766
15.78	9.815996
15.8	9.594381
15.82	9.755335
15.84	9.725863
15.86	9.695606
15.88	9.664028
15.9	9.631134
15.92	9.596932
15.94	9.524668
15.96	9.486646
15.98	9.447398
16	9.406959
16.02	9.365365
16.04	9.322659
16.06	9.278889
16.08	9.26073
16.1	9.248495
16.12	9.235503
16.14	9.222815
16.16	9.21064
16.18	9.198958
16.2	9.187901
16.22	9.177343
16.24	9.167409
16.26	9.149157
16.28	9.133129
16.3	9.125916
16.32	9.119313
16.34	9.113201
16.36	9.107696
16.38	9.103037
16.4	9.097219
16.42	9.089911
16.44	9.086272
16.46	9.082742
16.48	9.079728
16.5	9.0763
16.52	9.072422
16.54	9.069058
16.56	9.065801
16.58	9.087689
16.6	9.067296
16.62	9.059411
16.64	9.056005
16.66	9.05719
16.68	9.062893
16.7	9.019176
16.72	9.001797
16.74	8.957888
16.76	8.931303
16.78	8.9016
16.8	8.868761
16.82	8.832768
16.84	8.793613
16.86	8.751285
16.88	8.43116
16.9	8.237171
16.92	8.220044
16.94	8.182151
16.96	8.135481
16.98	8.082697
17	8.400451
17.02	8.127482
17.04	8.450472
17.06	8.259708
17.08	8.33807
17.1	8.239897
17.12	8.31388
17.14	8.213038
17.16	8.282493
17.18	8.179355
17.2	8.244156
17.22	8.241019
17.24	8.122595
17.26	8.250674
17.28	8.152073
17.3	8.278628
17.32	8.164175
17.34	8.291382
17.36	8.174441
17.38	8.185418
17.4	8.290529
17.42	8.395085
17.44	8.4988
17.46	8.601413
17.48	8.702674
17.5	8.900237
17.52	8.947796
17.54	8.964293
17.56	8.974718
17.58	8.814841
17.6	8.65804
17.62	8.50492
17.64	8.356136
17.66	8.295142
17.68	8.312359
17.7	8.323464
17.72	8.333541
17.74	8.343555
17.76	8.353735
17.78	8.364156
17.8	8.385658
17.82	8.396731
17.84	8.408056
17.86	8.41959
17.88	8.431375
17.9	8.443358
17.92	8.455593
17.94	8.46804
17.96	8.49363
17.98	8.506763
18	8.520121
18.02	8.533731
18.04	8.547554
18.06	8.561602
18.08	8.575903
18.1	8.590419
18.12	8.620156
18.14	8.635367
18.16	8.650805
18.18	8.666498
18.2	8.682407
18.22	8.698545
18.24	8.714937
18.26	8.731547
18.28	8.765483
18.3	8.782798
18.32	8.800344
18.34	8.818144
18.36	8.836165
18.38	8.85442
18.4	8.872929
18.42	8.910626
18.44	8.929847
18.46	8.949292
18.48	8.968971
18.5	8.988908
18.52	9.009065
18.54	9.029479
18.56	9.050116
18.58	9.092126
18.6	9.1135
18.62	9.135099
18.64	9.156941
18.66	9.179024
18.68	9.20135
18.7	9.22032
18.72	9.223379
18.74	9.22463
18.76	9.22541
18.78	9.225736
18.8	9.226073
18.82	9.226439
18.84	9.22683
18.86	9.227248
18.88	9.227695
18.9	9.228169
18.92	9.229199
18.94	9.229756
18.96	9.230339
18.98	9.23095
19	9.231588
19.02	9.232253
19.04	9.232944
19.06	9.233662
19.08	9.234405
19.1	9.235964
19.12	9.236778
19.14	9.237597
19.16	9.238441
19.18	9.239307
19.2	9.24019
19.22	9.241994
19.24	9.242911
19.26	9.243837
19.28	9.244765
19.3	9.245695
19.32	9.246622
19.34	9.247757
19.36	9.248488
19.38	9.250434
19.4	9.25147
19.42	9.252533
19.44	9.253622
19.46	9.254735
19.48	9.255872
19.5	9.25703
19.52	9.258208
19.54	9.260576
19.56	9.261782
19.58	9.262998
19.6	9.264218
19.62	9.265439
19.64	9.266656
19.66	9.267863
19.68	9.269056
19.7	9.270533
19.72	9.27262
19.74	9.27388
19.76	9.275177
19.78	9.2765
19.8	9.277846
19.82	9.279214
19.84	9.280601
19.86	9.282005
19.88	9.284786
19.9	9.2862
19.92	9.287615
19.94	9.289023
19.96	9.290421
19.98	9.291802
20	9.293491
20.02	9.294545
20.04	9.297355
20.06	9.298836
20.08	9.300343
20.1	9.301872
20.12	9.303421
20.14	9.304987
20.16	9.306519
20.18	9.308084
20.2	9.311222
20.22	9.31278
20.24	9.314323
20.26	9.316175
20.28	9.317391
20.3	9.318919
20.32	9.320527
20.34	9.323841
20.36	9.325532
20.38	9.327242
20.4	9.32892
20.42	9.330632
20.44	9.33235
20.46	9.334064
20.48	9.335772
20.5	9.337461
20.52	9.339468
20.54	9.342488
20.56	9.344241
20.58	9.346029
20.6	9.347843
20.62	9.349679
20.64	9.351485
20.66	9.353327
20.68	9.357027
20.7	9.358871
20.72	9.360699
20.74	9.362849
20.76	9.36433
20.78	9.366138
20.8	9.368029
20.82	9.369955
20.84	9.373878
20.86	9.375816
20.88	9.377786
20.9	9.379762
20.92	9.381733
20.94	9.38369
20.96	9.38596
20.98	9.387585
21	9.389527
21.02	9.39361
21.04	9.395694
21.06	9.397797
21.08	9.399862
21.1	9.401958
21.12	9.404056
21.14	9.406142
21.16	9.410607
21.18	9.412316
21.2	9.41436
21.22	9.416489
21.24	9.418654
21.26	9.420843
21.28	9.423004
21.3	9.425198
21.32	9.429596
21.34	9.431781
21.36	9.434286
21.38	9.436128
21.4	9.438293
21.42	9.440541
21.44	9.442827
21.46	9.447415
21.48	9.449724
21.5	9.452038
21.52	9.454345
21.54	9.456635
21.56	9.459257
21.58	9.46118
21.6	9.463444
21.62	9.468181
21.64	9.47059
21.66	9.472964
21.68	9.475368
21.7	9.477774
21.72	9.482873
21.74	9.48494
21.76	9.487322
21.78	9.489786
21.8	9.492286
21.82	9.497296
21.84	9.49981
21.86	9.502323
21.88	9.504824
21.9	9.507639
21.92	9.509798
21.94	9.512281
21.96	9.517449
21.98	9.520074
22	9.522659
22.02	9.52527
22.04	9.527875
22.06	9.530463
22.08	9.533381
22.1	9.535607
22.12	9.540825
22.14	9.543512
22.16	9.538862
22.18	9.597076
22.2	9.62256
22.22	9.641156
22.24	9.657896
22.26	9.688442
22.28	9.702169
22.3	9.714683
22.32	9.725834
22.34	9.705691
22.36	9.683413
22.38	9.659035
22.4	9.604156
22.42	9.573751
22.44	9.541441
22.46	9.507282
22.48	9.471338
22.5	9.474526
22.52	9.486251
22.54	9.487936
22.56	9.486422
22.58	9.485119
22.6	9.48362
22.62	9.481936
22.64	9.480071
22.66	9.478025
22.68	9.475798
22.7	9.473387
22.72	9.468065
22.74	9.465149
22.76	9.462049
22.78	9.458766
22.8	9.455349
22.82	9.451743
22.84	9.447954
22.86	9.439821
22.88	9.435534
22.9	9.431056
22.92	9.480795
22.94	9.456577
22.96	9.502982
22.98	9.47378
23	9.458313
23.02	9.420866
23.04	9.398928
23.06	9.386796
23.08	9.387773
23.1	9.386598
23.12	9.383257
23.14	9.377743
23.16	9.370047
23.18	9.360167
23.2	9.333852
23.22	9.317427
23.24	9.248439
23.26	9.268521
23.28	9.258514
23.3	9.24163
23.32	9.222595
23.34	9.202384
23.36	9.181226
23.38	9.159191
23.4	9.112677
23.42	9.185442
23.44	9.256266
23.46	9.324906
23.48	9.391147
23.5	9.451475
23.52	9.469024
23.54	9.453518
23.56	9.446149
23.58	9.436657
23.6	9.307382
23.62	9.179056
23.64	9.052045
23.66	8.926734
23.68	8.836107
23.7	8.888624
23.72	8.880988
23.74	8.871342
23.76	8.861145
23.78	8.850804
23.8	8.840358
23.82	8.829753
23.84	8.808336
23.86	8.79743
23.88	8.786471
23.9	8.775434
23.92	8.764245
23.94	8.75301
23.96	8.7417
23.98	8.730243
24	8.70718
24.02	8.695469
24.04	8.683743
24.06	8.671873
24.08	8.659992
24.1	8.647971
24.12	8.635944
24.14	8.62378
24.16	8.611615
24.18	8.587081
24.2	8.574714
24.22	8.5623
24.24	8.549817
24.26	8.537292
24.28	8.524702
24.3	8.512074
24.32	8.499386
24.34	8.473888
24.36	8.461085
24.38	8.448231
24.4	8.435355
24.42	8.422433
24.44	8.409495
24.46	8.396517
24.48	8.383528
24.5	8.357473
24.52	8.344415
24.54	8.331356
24.56	8.318274
24.58	8.305201
24.6	8.292109
24.62	8.279029
24.64	8.252868
24.66	8.239791
24.68	8.226741
24.7	8.213693
24.72	8.200677
24.74	8.187669
24.76	8.174702
24.78	8.148843
24.8	8.135959
24.82	8.123131
24.84	8.11033
24.86	8.097592
24.88	8.08489
24.9	8.07226
24.92	8.059672
24.94	8.034705
24.96	8.022334
24.98	8.010023
25	7.997807
25.02	7.985657
25.04	7.973612
25.06	7.961642
25.08	7.949785
25.1	7.926361
25.12	7.914802
25.14	7.903374
25.16	7.892047
25.18	7.880862
25.2	7.869786
25.22	7.858861
25.24	7.848055
25.26	7.826891
25.28	7.816545
25.3	7.806335
25.32	7.796307
25.34	7.786427
25.36	7.776736
25.38	7.767203
25.4	7.757873
25.42	7.739757
25.44	7.730983
25.46	7.722432
25.48	7.714068
25.5	7.705938
25.52	7.698007
25.54	7.690319
25.56	7.682861
25.58	7.668657
25.6	7.661921
25.62	7.655437
25.64	7.649209
25.66	7.643245
25.68	7.637549
25.7	7.632126
25.72	7.626983
25.74	7.617558
25.76	7.613286
25.78	7.609317
25.8	7.605656
25.82	7.602307
25.84	7.599277
25.86	7.596571
25.88	7.594196
25.9	7.590456
25.92	7.589103
25.94	7.588103
25.96	7.587461
25.98	7.587182
26	7.587272
26.02	7.587735
26.04	7.589807
26.06	7.591425
26.08	7.59344
26.1	7.595855
26.12	7.598677
26.14	7.60191
26.16	7.605559
26.18	7.60963
26.2	7.614128
26.22	7.624422
26.24	7.630228
26.26	7.63648
26.28	7.643183
26.3	7.650342
26.32	7.657961
26.34	7.666043
26.36	7.674594
26.38	7.693121
26.4	7.703104
26.42	7.713573
26.44	7.724533
26.46	7.735984
26.48	7.747933
26.5	7.722786
26.52	7.724642
26.54	7.736982
26.56	7.754341
26.58	7.775911
26.6	7.801825
26.62	7.814722
26.64	7.893057
26.66	7.949148
26.68	7.971525
26.7	7.994112
26.72	8.017203
26.74	8.04085
26.76	8.065057
26.78	8.089818
26.8	8.140978
26.82	8.16736
26.84	8.19427
26.86	8.221698
26.88	8.249637
26.9	8.27808
26.92	8.30702
26.94	8.336451
26.96	8.366364
26.98	8.396752
27	8.45893
27.02	8.490705
27.04	8.522928
27.06	8.555593
27.08	8.588695
27.1	8.622224
27.12	8.656176
27.14	8.690543
27.16	8.725321
27.18	8.796082
27.2	8.832053
27.22	8.868409
27.24	8.942254
27.26	8.979733
27.28	9.017573
27.3	9.055772
27.32	9.094322
27.34	9.133219
27.36	9.172458
27.38	9.212032
27.4	9.29217
27.42	9.332724
27.44	9.373594
27.46	9.414776
27.48	9.456266
27.5	9.498058
27.52	9.54015
27.54	9.614377
27.56	9.632193
27.58	9.645041
27.6	9.655533
27.62	9.665757
27.64	9.6764
27.66	9.686221
27.68	9.696335
27.7	9.70679
27.72	9.716559
27.74	9.736897
27.76	9.746589
27.78	9.756505
27.8	9.766703
27.82	9.776302
27.84	9.786114
27.86	9.796195
27.88	9.805698
27.9	9.815404
27.92	9.825369
27.94	9.844373
27.96	9.854222
27.98	9.863527
28	9.87302
28.02	9.882755
28.04	9.89196
28.06	9.901347
28.08	9.920071
28.1	9.929349
28.12	9.938856
28.14	9.947859
28.16	9.95703
28.18	9.966422
28.2	9.975324
28.22	9.984388
28.24	10.00247
28.26	10.01142
28.28	10.02059
28.3	10.02928
28.32	10.03813
28.34	10.04697
28.36	10.05612
28.38	10.07302
28.4	10.08162
28.42	10.09057
28.44	10.09863
28.46	10.10698
28.48	10.11536
28.5	10.12408
28.52	10.13192
28.54	10.1482
28.56	10.15668
28.58	10.16433
28.6	10.17225
28.62	10.18019
28.64	10.18844
28.66	10.1959
28.68	10.20361
28.7	10.21135
28.72	10.21937
28.74	10.23416
28.76	10.2417
28.78	10.24951
28.8	10.2566
28.82	10.26398
28.84	10.27129
28.86	10.27884
28.88	10.28577
28.9	10.30007
28.92	10.30741
28.94	10.31417
28.96	10.32116
28.98	10.32809
29	10.33495
29.02	10.34209
29.04	10.34846
29.06	10.36173
29.08	10.36829
29.1	10.37513
29.12	10.38119
29.14	10.38755
29.16	10.39387
29.18	10.40013
29.2	10.40667
29.22	10.41246
29.24	10.42457
29.26	10.43055
29.28	10.43679
29.3	10.44233
29.32	10.44814
29.34	10.45391
29.36	10.45963
29.38	10.46558
29.4	10.47645
29.42	10.48196
29.44	10.48744
29.46	10.49284
29.48	10.4985
29.5	10.5034
29.52	10.50859
29.54	10.51375
29.56	10.51889
29.58	10.52394
29.6	10.5338
29.62	10.53865
29.64	10.54351
29.66	10.54827
29.68	10.55298
29.7	10.51208
29.72	10.45101
29.74	10.38935
29.76	10.27691
29.78	10.22707
29.8	10.18154
29.82	10.18383
29.84	10.19028
29.86	10.19929
29.88	10.21047
29.9	10.23889
29.92	10.25599
29.94	10.27494
29.96	10.29566
29.98	10.31812
30	9.891607
30.02	9.499074
30.04	9.188709
30.06	9.198973
30.08	9.214092
30.1	9.218964
30.12	9.222059
30.14	9.23029
30.16	9.239209
30.18	9.248383
30.2	9.25767
30.22	9.267079
30.24	9.28635
30.26	9.296151
30.28	9.30607
30.3	9.316142
30.32	9.32636
30.34	9.336671
30.36	9.3471
30.38	9.357683
30.4	9.368374
30.42	9.379219
30.44	9.401255
30.46	9.412459
30.48	9.423817
30.5	9.435272
30.52	9.44688
30.54	9.458599
30.56	9.470471
30.58	9.482441
30.6	9.506801
30.62	9.519189
30.64	9.531676
30.66	9.544317
30.68	9.55707
30.7	9.569977
30.72	9.582982
30.74	9.596143
30.76	9.622809
30.78	9.63636
30.8	9.650023
30.82	9.66381
30.84	9.677752
30.86	9.691806
30.88	9.705984
30.9	9.720319
30.92	9.749337
30.94	9.764065
30.96	9.778905
30.98	9.79387
31	9.808991
31.02	9.824226
31.04	9.839587
31.06	9.855103
31.08	9.886489
31.1	9.902401
31.12	9.918427
31.14	9.93458
31.16	9.950889
31.18	9.967312
31.2	9.983863
31.22	10.00057
31.24	10.01739
31.26	10.05145
31.28	10.06867
31.3	10.08601
31.32	10.10352
31.34	10.12114
31.36	10.13889
31.38	10.15679
31.4	10.17482
31.42	10.21127
31.44	10.22969
31.46	10.24825
31.48	10.26695
31.5	10.28578
31.52	10.30473
31.54	10.32385
31.56	10.36243
31.58	10.38195
31.6	10.40158
31.62	10.42134
31.64	10.44126
31.66	10.4613
31.68	10.48147
31.7	10.50179
31.72	10.54283
31.74	10.56354
31.76	10.5844
31.78	10.60539
31.8	10.62652
31.82	10.64777
31.84	10.66918
31.86	10.69071
31.88	10.71239
31.9	10.75614
31.92	10.77821
31.94	10.80043
31.96	10.82277
31.98	10.84526
32	10.86787
32.02	10.91351
32.04	10.93654
32.06	10.9597
32.08	10.983
32.1	11.00644
32.12	11.03001
32.14	11.07757
32.16	11.0923
32.18	11.09664
32.2	11.0981
32.22	11.09963
32.24	11.1019
32.26	11.10428
32.28	11.10667
32.3	11.10909
32.32	11.11153
32.34	11.11647
32.36	11.11896
32.38	11.12156
32.4	11.12411
32.42	11.12668
32.44	11.12928
32.46	11.1319
32.48	11.13723
32.5	11.13992
32.52	11.14262
32.54	11.1454
32.56	11.14817
32.58	11.15095
32.6	11.15375
32.62	11.15946
32.64	11.16234
32.66	11.16522
32.68	11.16818
32.7	11.17113
32.72	11.17707
32.74	11.18008
32.76	11.18316
32.78	11.18621
32.8	11.18928
32.82	11.19242
32.84	11.19555
32.86	11.1987
32.88	11.20186
32.9	11.20832
32.92	11.21155
32.94	11.21481
32.96	11.21814
32.98	11.22146
33	11.22479
33.02	11.22815
33.04	11.23157
33.06	11.23498
33.08	11.2419
33.1	11.24538
33.12	11.24888
33.14	11.25241
33.16	11.256
33.18	11.25958
33.2	11.26317
33.22	11.26683
33.24	11.27049
33.26	11.27416
33.28	11.28161
33.3	11.28536
33.32	11.28912
33.34	11.29295
33.36	11.29678
33.38	11.30061
33.4	11.30448
33.42	11.30841
33.44	11.31625
33.46	11.32025
33.48	11.32424
33.5	11.32824
33.52	11.33227
33.54	11.33637
33.56	11.34046
33.58	11.34464
33.6	11.35305
33.62	11.35714
33.64	11.36135
33.66	11.36558
33.68	11.36992
33.7	11.37427
33.72	11.37864
33.74	11.38289
33.76	11.39165
33.78	11.39614
33.8	11.40065
33.82	11.40513
33.84	11.40959
33.86	11.4141
33.88	11.42328
33.9	11.42789
33.92	11.43253
33.94	11.43722
33.96	11.44191
33.98	11.44661
34	11.45617
34.02	11.46097
34.04	11.46582
34.06	11.47066
34.08	11.47552
34.1	11.48047
34.12	11.49035
34.14	11.49536
34.16	11.50037
34.18	11.50544
34.2	11.58541
34.22	11.6671
34.24	11.68974
34.26	11.66415
34.28	11.66027
34.3	11.65501
34.32	11.64837
34.34	11.6404
34.36	11.63113
34.38	11.62059
34.4	11.60883
34.42	11.58181
34.44	11.56665
34.46	11.55046
34.48	11.53332
34.5	11.51527
34.52	11.49638
34.54	11.50889
34.56	11.49457
34.58	11.49941
34.6	11.51068
34.62	11.53977
34.64	11.54793
34.66	11.56242
34.68	11.5672
34.7	11.5724
34.72	11.57789
34.74	11.5817
34.76	11.58872
34.78	11.63087
34.8	11.66932
34.82	11.66814
34.84	11.70554
34.86	11.7004
34.88	11.72509
34.9	11.72931
34.92	11.71626
34.94	11.70004
34.96	11.68293
34.98	11.665
35	11.63923
35.02	11.65884
35.04	11.67655
35.06	11.68015
35.08	11.69555
35.1	11.69889
35.12	11.70299
35.14	11.71676
35.16	11.71693
35.18	11.7388
35.2	11.75341
35.22	11.76681
35.24	11.78033
35.26	11.80416
35.28	11.81233
35.3	11.8112
35.32	11.80893
35.34	11.80671
35.36	11.80459
35.38	11.8023
35.4	11.80007
35.42	11.79592
35.44	11.79399
35.46	11.79217
35.48	11.79046
35.5	11.78892
35.52	11.78595
35.54	11.78452
35.56	11.78322
35.58	11.78202
35.6	11.78092
35.62	11.77991
35.64	11.779
35.66	11.77716
35.68	11.77647
35.7	11.77587
35.72	11.77536
35.74	11.77492
35.76	11.77458
35.78	11.77431
35.8	11.82191
35.82	11.81928
35.84	11.81808
35.86	11.81686
35.88	11.81547
35.9	11.81435
35.92	11.81353
35.94	11.81301
35.96	11.8128
35.98	11.7477
36	11.6247
36.02	11.55678
36.04	11.60245
36.06	11.53173
36.08	11.58578
36.1	11.51234
36.12	11.56415
36.14	11.48807
36.16	11.5378
36.18	11.50313
36.2	11.4846
36.22	11.44482
36.24	11.46151
36.26	11.44653
36.28	11.45216
36.3	11.45658
36.32	11.45978
36.34	11.46176
36.36	11.46495
36.38	11.47021
36.4	11.47556
36.42	11.47706
36.44	11.4786
36.46	11.48017
36.48	11.4818
36.5	11.48521
36.52	11.48699
36.54	11.48882
36.56	11.49069
36.58	11.4926
36.6	11.49464
36.62	11.4967
36.64	11.49879
36.66	11.50087
36.68	11.50526
36.7	11.50754
36.72	11.50988
36.74	11.51226
36.76	11.51468
36.78	11.51714
36.8	11.51971
36.82	11.52229
36.84	11.52492
36.86	11.53031
36.88	11.53307
36.9	11.53593
36.92	11.53881
36.94	11.54172
36.96	11.54467
36.98	11.55087
37	11.55402
37.02	11.55717
37.04	11.56032
37.06	11.56358
37.08	11.56689
37.1	11.57024
37.12	11.57376
37.14	11.58073
37.16	11.5843
37.18	11.58793
37.2	11.59161
37.22	11.59532
37.24	11.59915
37.26	11.60299
37.28	11.6108
37.3	11.61483
37.32	11.61887
37.34	11.62295
37.36	11.62718
37.38	11.63143
37.4	11.63568
37.42	11.64426
37.44	11.64864
37.46	11.65319
37.48	11.65772
37.5	11.66224
37.52	11.67152
37.54	11.67624
37.56	11.68106
37.58	11.68589
37.6	11.69076
37.62	11.69573
37.64	11.70072
37.66	11.70574
37.68	11.71611
37.7	11.72127
37.72	11.72652
37.74	11.76085
37.76	11.74056
37.78	11.73709
37.8	11.73295
37.82	11.72761
37.84	11.71345
37.86	11.70468
37.88	11.69481
37.9	11.68388
37.92	11.67193
37.94	11.65901
37.96	11.66582
37.98	11.68473
38	11.69063
38.02	11.69658
38.04	11.70279
38.06	11.70925
38.08	11.716
38.1	11.72304
38.12	11.73036
38.14	11.74383
38.16	11.74817
38.18	11.75643
38.2	11.76062
38.22	11.76488
38.24	11.76919
38.26	11.77356
38.28	11.77787
38.3	11.78229
38.32	11.79132
38.34	11.79588
38.36	11.80042
38.38	11.80503
38.4	11.80971
38.42	11.81359
38.44	11.81301
38.46	11.81101
38.48	11.81015
38.5	11.8094
38.52	11.80867
38.54	11.80793
38.56	11.80719
38.58	11.80651
38.6	11.80592
38.62	11.80541
38.64	11.80466
38.66	11.80441
38.68	11.79491
38.7	11.81081
38.72	11.8141
38.74	11.80389
38.76	11.80353
38.78	11.80072
38.8	11.79981
38.82	11.79973
38.84	11.80004
38.86	11.80063
38.88	11.80149
38.9	11.80262
38.92	11.804
38.94	11.80565
38.96	11.80972
38.98	11.8116
39	11.81329
39.02	11.81445
39.04	11.81434
39.06	11.81424
39.08	11.81407
39.1	11.71453
39.12	11.67469
39.14	11.61037
39.16	11.61749
39.18	11.62003
39.2	11.62186
39.22	11.62375
39.24	11.62586
39.26	11.62821
39.28	11.63367
39.3	11.63675
39.32	11.63797
39.34	11.63884
39.36	11.63964
39.38	11.64049
39.4	11.64138
39.42	11.64232
39.44	11.6433
39.46	11.64433
39.48	11.64651
39.5	11.64766
39.52	11.64885
39.54	11.65008
39.56	11.65135
39.58	11.65266
39.6	11.654
39.62	11.65537
39.64	11.65836
39.66	11.65988
39.68	11.66145
39.7	11.66305
39.72	11.66462
39.74	11.66628
39.76	11.66799
39.78	11.66974
39.8	11.67156
39.82	11.67528
39.84	11.67719
39.86	11.67914
39.88	11.68111
39.9	11.68322
39.92	11.68532
39.94	11.68745
39.96	11.69172
39.98	11.69395
40	11.69622
40.02	11.69856
40.04	11.70091
40.06	11.7033
40.08	11.70572
40.1	11.70816
40.12	11.71327
40.14	11.71586
40.16	11.71849
40.18	11.72115
40.2	11.72385
40.22	11.72664
40.24	11.72942
40.26	11.73225
40.28	11.73808
40.3	11.74106
40.32	11.74408
40.34	11.7471
40.36	11.75011
40.38	11.75322
40.4	11.75638
40.42	11.75956
40.44	11.76614
40.46	11.76949
40.48	11.77281
40.5	11.77621
40.52	11.77964
40.54	11.78314
40.56	11.78666
40.58	11.79021
40.6	11.79752
40.62	11.8012
40.64	11.80493
40.66	11.80873
40.68	11.81254
40.7	11.81335
40.72	11.81261
40.74	11.81106
40.76	11.81027
40.78	11.80956
40.8	11.80893
40.82	11.80836
40.84	11.80785
40.86	11.8074
40.88	11.80704
40.9	11.80675
40.92	11.76908
40.94	11.67716
40.96	11.71534
40.98	11.61731
41	11.701
41.02	11.58621
41.04	11.69513
41.06	11.56335
41.08	11.54441
41.1	11.69487
41.12	11.0913
41.14	11.23992
41.16	11.27392
41.18	11.28401
41.2	11.28952
41.22	11.29433
41.24	11.30441
41.26	11.30986
41.28	11.31561
41.3	11.32164
41.32	11.32796
41.34	11.33458
41.36	11.33666
41.38	11.33822
41.4	11.33891
41.42	11.3396
41.44	11.34031
41.46	11.34105
41.48	11.3418
41.5	11.34258
41.52	11.34337
41.54	11.34503
41.56	11.34589
41.58	11.34678
41.6	11.34768
41.62	11.3486
41.64	11.34955
41.66	11.35051
41.68	11.35148
41.7	11.35348
41.72	11.35451
41.74	11.35554
41.76	11.35659
41.78	11.35764
41.8	11.3588
41.82	11.35992
41.84	11.36219
41.86	11.36335
41.88	11.36445
41.9	11.36562
41.92	11.36683
41.94	11.36805
41.96	11.36929
41.98	11.37055
42	11.37315
42.02	11.37447
42.04	11.3758
42.06	11.37713
42.08	11.37849
42.1	11.37985
42.12	11.38122
42.14	11.38259
42.16	11.38553
42.18	11.38698
42.2	11.38844
42.22	11.38984
42.24	11.39131
42.26	11.39281
42.28	11.39433
42.3	11.39587
42.32	11.39903
42.34	11.40062
42.36	11.40222
42.38	11.40384
42.4	11.40546
42.42	11.40709
42.44	11.40884
42.46	11.41054
42.48	11.41398
42.5	11.41562
42.52	11.41734
42.54	11.4191
42.56	11.42087
42.58	11.42269
42.6	11.4245
42.62	11.42633
42.64	11.43001
42.66	11.43186
42.68	11.43384
42.7	11.43577
42.72	11.4377
42.74	11.43966
42.76	11.44152
42.78	11.44347
42.8	11.44746
42.82	11.44948
42.84	11.45151
42.86	11.45356
42.88	11.45561
42.9	11.45767
42.92	11.45985
42.94	11.46199
42.96	11.46621
42.98	11.46835
43	11.47052
43.02	11.47271
43.04	11.47495
43.06	11.47717
43.08	11.47941
43.1	11.4839
43.12	11.48627
43.14	11.48861
43.16	11.49087
43.18	11.49319
43.2	11.49553
43.22	11.4979
43.24	11.5003
43.26	11.5027
43.28	11.50754
43.3	11.50996
43.32	11.51251
43.34	11.51496
43.36	11.51745
43.38	11.51996
43.4	11.52248
43.42	11.52502
43.44	11.53018
43.46	11.53277
43.48	11.53535
43.5	11.53806
43.52	11.54067
43.54	11.54332
43.56	11.54599
43.58	11.54867
43.6	11.55412
43.62	11.55686
43.64	11.56233
43.66	11.56516
43.68	11.56796
43.7	11.57077
43.72	11.57359
43.74	11.57643
43.76	11.57932
43.78	11.58508
43.8	11.58798
43.82	11.59098
43.84	11.59396
43.86	11.59696
43.88	11.59998
43.9	11.60296
43.92	11.6059
43.94	11.61197
43.96	11.61502
43.98	11.61821
44	11.62133
44.02	11.62448
44.04	11.62758
44.06	11.63073
44.08	11.63393
44.1	11.64033
44.12	11.64365
44.14	11.64694
44.16	11.65026
44.18	11.65348
44.2	11.65677
44.22	11.66012
44.24	11.66346
44.26	11.67027
44.28	11.67371
44.3	11.67709
44.32	11.68052
44.34	11.68396
44.36	11.68746
44.38	11.69095
44.4	11.69444
44.42	11.69801
44.44	11.70512
44.46	11.7087
44.48	11.71233
44.5	11.71594
44.52	11.71957
44.54	11.7232
44.56	11.72697
44.58	11.73441
44.6	11.73808
44.62	11.74182
44.64	11.74558
44.66	11.74934
44.68	11.75322
44.7	11.75709
44.72	11.76089
44.74	11.76473
44.76	11.77252
44.78	11.77642
44.8	11.78045
44.82	11.78438
44.84	11.78835
44.86	11.79233
44.88	11.79636
44.9	11.80039
44.92	11.80441
44.94	11.81261
44.96	11.81326
44.98	11.81236
45	11.81136
45.02	11.81055
45.04	11.80974
45.06	11.80911
45.08	11.80859
45.1	11.80785
45.12	11.80763
45.14	11.80754
45.16	11.80763
45.18	11.80799
45.2	11.80857
45.22	11.80937
45.24	11.81037
45.26	11.81157
45.28	11.81442
45.3	11.81475
45.32	11.87592
45.34	11.84494
45.36	11.8096
45.38	11.46936
45.4	11.35136
45.42	11.28261
45.44	11.23126
45.46	11.19088
45.48	11.13844
45.5	11.27917
45.52	11.15023
45.54	11.2942
45.56	11.14209
45.58	11.2344
45.6	11.0038
45.62	10.86655
45.64	11.01341
45.66	10.73931
45.68	10.90007
45.7	10.61407
45.72	10.78551
45.74	10.46704
45.76	10.34146
45.78	10.53153
45.8	10.22343
45.82	10.41671
45.84	10.109
45.86	10.30577
45.88	9.997702
45.9	10.19815
45.92	10.10787
45.94	9.807263
45.96	10.00946
45.98	9.701892
46	9.911378
46.02	9.599125
46.04	9.814758
46.06	9.49909
46.08	9.401793
46.1	9.627542
46.12	9.307217
46.14	9.537359
46.16	9.215338
46.18	9.449601
46.2	9.126134
46.22	9.364325
46.24	9.039587
46.26	8.955686
46.28	9.201329
46.3	8.874419
46.32	9.123644
46.34	8.795785
46.36	9.048514
46.38	8.719785
46.4	8.975951
46.42	8.905964
46.44	8.625955
46.46	8.829565
46.48	8.546409
46.5	8.747125
46.52	8.461623
46.54	8.658789
46.56	8.397843
46.58	8.611684
46.6	8.346014
46.62	8.2811
46.64	8.534646
46.66	8.223906
46.68	8.484185
46.7	8.16536
46.72	8.4349
46.74	8.111295
46.76	8.06159
46.78	8.344589
46.8	8.015896
46.82	8.30378
46.84	7.973948
46.86	8.265931
46.88	7.935566
46.9	8.231074
46.92	8.199238
46.94	7.869062
46.96	8.170447
46.98	7.883713
47	8.138177
47.02	7.849866
47.04	8.10048
47.06	7.818309
47.08	7.806671
47.1	8.069749
47.12	7.803667
47.14	8.068649
47.16	7.790987
47.18	8.073895
47.2	7.774271
47.22	7.75922
47.24	8.058846
47.26	7.750326
47.28	8.056733
47.3	7.747082
47.32	8.058429
47.34	7.748865
47.36	7.755202
47.38	8.072778
47.4	7.765757
47.42	8.08526
47.44	7.780291
47.46	8.101203
47.48	7.798635
47.5	8.120565
47.52	8.143318
47.54	7.846324
47.56	8.169436
47.58	7.875525
47.6	8.198901
47.62	7.90823
47.64	8.231693
47.66	7.944401
47.68	8.267797
47.7	8.307194
47.72	8.027019
47.74	8.349866
47.76	8.073406
47.78	8.395793
47.8	8.123143
47.82	8.444954
47.84	8.497327
47.86	8.232544
47.88	8.552886
47.9	8.292145
47.92	8.611606
47.94	8.354971
47.96	8.673457
47.98	8.738411
48	8.490151
48.02	8.806437
48.04	8.562432
48.06	8.8775
48.08	8.63779
48.1	8.951568
48.12	8.716184
48.14	8.797573
48.16	9.108577
48.18	8.881915
48.2	9.191444
48.22	9.039079
48.24	9.276451
48.26	9.125669
48.28	9.209388
48.3	9.43583
48.32	9.31513
48.34	9.552828
48.36	9.4293
48.38	9.666544
48.4	9.527502
48.42	9.772802
48.44	9.644738
48.46	9.768166
48.48	10.00779
48.5	9.886082
48.52	10.11794
48.54	10.00006
48.56	10.22814
48.58	10.09507
48.6	10.32577
48.62	10.42066
48.64	10.26501
48.66	10.52318
48.68	10.36612
48.7	10.63201
48.72	10.47541
48.74	10.74576
48.76	10.86851
48.78	10.74857
48.8	10.98814
48.82	10.87832
48.84	11.12078
48.86	11.01961
48.88	11.26274
48.9	11.40712
48.92	11.33467
48.94	11.54644
48.96	11.4807
48.98	11.69092
49	11.6293
49.02	11.83068
49.04	11.89502
49.06	11.86359
49.08	11.8516
49.1	11.82646
49.12	11.81231
49.14	11.78045
49.16	11.76254
49.18	11.74336
49.2	11.72291
49.22	11.70122
49.24	11.67829
49.26	11.67943
49.28	11.67743
49.3	11.67653
49.32	11.67576
49.34	11.67511
49.36	11.67456
49.38	11.67411
49.4	11.67377
49.42	11.62279
49.44	11.67128
49.46	11.67367
49.48	11.6751
49.5	11.67673
49.52	11.67861
49.54	11.68082
49.56	11.68334
49.58	11.68636
49.6	11.69349
49.62	11.69753
49.64	11.70203
49.66	11.70683
49.68	11.71209
49.7	11.71766
49.72	11.72355
49.74	11.73655
49.76	11.74367
49.78	11.75108
49.8	11.75883
49.82	11.76703
49.84	11.77564
49.86	11.78454
49.88	11.79387
49.9	11.8136
49.92	11.82399
49.94	11.83481
49.96	11.84594
49.98	11.85441
50	11.87871
50.02	11.86927
50.04	11.86356
50.06	11.85822
50.08	11.85161
50.1	11.84378
50.12	11.83478
50.14	11.83741
50.16	11.84027
50.18	11.84317
50.2	11.8461
50.22	11.85198
50.24	11.85499
50.26	11.8581
50.28	11.86133
50.3	11.86476
50.32	11.8683
50.34	11.87191
50.36	11.8756
50.38	11.88344
50.4	11.88609
50.42	11.88554
50.44	11.88476
50.46	11.88377
50.48	11.88282
50.5	11.88194
50.52	11.88113
50.54	11.88039
50.56	11.87915
50.58	11.87863
50.6	11.87819
50.62	11.87782
50.64	11.87753
50.66	11.87731
50.68	11.93787
50.7	11.89947
50.72	11.89624
50.74	11.89503
50.76	11.89198
50.78	11.88646
50.8	11.87845
50.82	11.86789
50.84	11.85408
50.86	11.72408
50.88	11.67589
50.9	11.62888
50.92	11.58229
50.94	11.536
50.96	11.49
50.98	11.55066
51	11.43064
51.02	11.37591
51.04	11.46081
51.06	11.30292
51.08	11.38644
51.1	11.22049
51.12	11.30717
51.14	11.13738
51.16	11.05441
51.18	11.14583
51.2	10.98903
51.22	11.0792
51.24	10.89806
51.26	10.99589
51.28	10.80448
51.3	10.90881
51.32	10.81999
51.34	10.61803
51.36	10.7295
51.38	10.48889
51.4	10.63004
51.42	10.34178
51.44	10.51109
51.46	10.21293
51.48	10.08927
51.5	10.28079
51.52	9.964841
51.54	10.16406
51.56	9.840479
51.58	10.01606
51.6	9.678435
51.62	9.863397
51.64	9.737282
51.66	9.390412
51.68	9.606332
51.7	9.264228
51.72	9.471055
51.74	9.182824
51.76	9.437471
51.78	9.410132
51.8	9.119677
51.82	9.375776
51.84	9.084607
51.86	9.343005
51.88	9.052178
51.9	9.31276
51.92	9.041196
51.94	9.289262
51.96	9.264771
51.98	8.990351
52	9.241105
52.02	8.967924
52.04	9.207351
52.06	9.187063
52.08	9.165277
52.1	9.142002
52.12	9.091035
52.14	9.063383
52.16	9.034319
52.18	9.003873
52.2	8.972083
52.22	8.938989
52.24	8.904637
52.26	8.86908
52.28	8.871458
52.3	8.868798
52.32	8.864947
52.34	8.861303
52.36	8.858028
52.38	8.855271
52.4	8.852942
52.42	8.849767
52.44	8.848915
52.46	8.84849
52.48	8.848583
52.5	8.8491
52.52	8.848027
52.54	8.84579
52.56	8.819886
52.58	8.793346
52.6	8.828505
52.62	8.832241
52.64	8.840825
52.66	8.850467
52.68	8.86086
52.7	8.870066
52.72	8.882158
52.74	8.896934
52.76	8.910943
52.78	8.920042
52.8	8.925716
52.82	8.927376
52.84	8.928408
52.86	8.929463
52.88	8.930654
52.9	8.933443
52.92	8.935075
52.94	8.936863
52.96	8.938794
52.98	8.754184
53	8.773262
53.02	8.745383
53.04	8.794025
53.06	8.597802
53.08	8.71214
53.1	8.487042
53.12	8.687079
53.14	8.465159
53.16	8.551062
53.18	8.635835
53.2	8.714128
53.22	8.722017
53.24	8.728404
53.26	8.734658
53.28	8.740989
53.3	8.747371
53.32	8.753735
53.34	8.299707
53.36	8.256338
53.38	8.218486
53.4	8.451215
53.42	8.261287
53.44	8.496678
53.46	8.278278
53.48	8.514364
53.5	8.394106
53.52	8.49691
53.54	8.599246
53.56	8.668655
53.58	8.682592
53.6	8.686026
53.62	8.687903
53.64	8.689963
53.66	8.692496
53.68	8.659962
53.7	8.637571
53.72	8.613023
53.74	8.586413
53.76	8.557846
53.78	8.504504
53.8	8.472786
53.82	8.382242
53.84	8.323825
53.86	8.046642
53.88	8.076231
53.9	8.061028
53.92	8.375729
53.94	8.137699
53.96	8.456022
53.98	8.189487
54	8.203596
54.02	8.21766
54.04	8.231986
54.06	8.246645
54.08	8.261659
54.1	8.277017
54.12	8.308793
54.14	8.325209
54.16	8.341978
54.18	8.359105
54.2	8.376584
54.22	8.39442
54.24	8.412612
54.26	8.450068
54.28	8.469334
54.3	8.488957
54.32	8.508945
54.34	8.529288
54.36	8.549998
54.38	8.571066
54.4	8.592502
54.42	8.614299
54.44	8.636464
54.46	8.68189
54.48	8.705153
54.5	8.728787
54.52	8.752788
54.54	8.801901
54.56	8.827018
54.58	8.867986
54.6	8.835189
54.62	8.832818
54.64	8.831931
54.66	8.82945
54.68	8.825402
54.7	8.819823
54.72	8.812751
54.74	8.828079
54.76	8.838508
54.78	8.849383
54.8	8.839064
54.82	8.896091
54.84	8.891618
54.86	8.893266
54.88	8.893336
54.9	8.888847
54.92	8.895289
54.94	8.90429
54.96	8.914062
54.98	8.953515
55	8.914916
55.02	8.912225
55.04	8.910754
55.06	8.907641
55.08	8.90292
55.1	8.896626
55.12	8.888802
55.14	8.879492
55.16	8.89256
55.18	8.948661
55.2	8.973869
55.22	8.997128
55.24	9.0184
55.26	9.024625
55.28	9.044631
55.3	9.067647
55.32	9.091525
55.34	9.140469
55.36	9.165414
55.38	9.190653
55.4	9.216174
55.42	9.241965
55.44	9.252423
55.46	9.267345
55.48	9.299372
55.5	9.315483
55.52	9.331523
55.54	9.347451
55.56	9.363248
55.58	9.354562
55.6	9.363438
55.62	9.356071
55.64	9.337109
55.66	9.34182
55.68	9.325888
55.7	9.329511
55.72	9.316772
55.74	9.309521
55.76	9.310571
55.78	9.315899
55.8	9.310541
55.82	9.304068
55.84	9.298365
55.86	9.29378
55.88	9.288074
55.9	9.286904
55.92	9.286812
55.94	9.287771
55.96	9.028821
55.98	8.543849
56	8.377966
56.02	8.427474
56.04	8.418753
56.06	8.394132
56.08	8.362346
56.1	8.338911
56.12	8.630438
56.14	8.93549
56.16	9.251695
56.18	9.357952
56.2	9.411613
56.22	9.45877
56.24	9.562316
56.26	9.620508
56.28	9.68294
56.3	9.361856
56.32	9.047748
56.34	8.742068
56.36	8.1628
56.38	7.893142
56.4	7.681882
56.42	7.787493
56.44	7.807501
56.46	7.81013
56.48	7.862564
56.5	7.900076
56.52	7.915329
56.54	7.928212
56.56	7.938708
56.58	7.946799
56.6	7.952477
56.62	7.956552
56.64	7.942793
56.66	7.926885
56.68	7.908906
56.7	7.888935
56.72	7.902268
56.74	7.913161
56.76	7.927755
56.78	7.931532
56.8	7.933019
56.82	8.160189
56.84	8.393567
56.86	8.632002
56.88	9.120032
56.9	9.36789
56.92	9.617311
56.94	9.745406
56.96	9.811305
56.98	9.440289
57	8.986584
57.02	8.553767
57.04	7.814035
57.06	7.792985
57.08	7.784531
57.1	7.778303
57.12	7.772251
57.14	7.765987
57.16	7.759455
57.18	7.84586
57.2	7.948044
57.22	7.995897
57.24	7.936547
57.26	7.979219
57.28	7.937417
57.3	7.988771
57.32	7.960945
57.34	8.012099
57.36	8.438004
57.38	8.654329
57.4	8.87187
57.42	9.121298
57.44	9.343687
57.46	9.604568
57.48	9.829002
57.5	9.972154
57.52	10.03692
57.54	9.774629
57.56	9.251033
57.58	8.992402
57.6	8.746974
57.62	8.501728
57.64	8.270781
57.66	8.043847
57.68	7.880742
57.7	8.005809
57.72	8.027895
57.74	8.04384
57.76	8.042603
57.78	8.054029
57.8	8.047852
57.82	8.054737
57.84	8.043609
57.86	8.040877
57.88	8.197135
57.9	8.329316
57.92	8.493832
57.94	8.62551
57.96	8.796062
57.98	8.92578
58	9.100458
58.02	9.404173
58.04	9.52652
58.06	9.246751
58.08	8.968756
58.1	8.693605
58.12	8.422508
58.14	8.156837
58.16	7.898134
58.18	7.699543
58.2	7.661993
58.22	7.910919
58.24	7.877731
58.26	7.843289
58.28	7.807683
58.3	7.771007
58.32	7.775941
58.34	7.794908
58.36	7.833694
58.38	7.843185
58.4	7.85149
58.42	7.859766
58.44	7.868185
58.46	7.876882
58.48	7.885847
58.5	7.895014
58.52	7.904475
58.54	7.924149
58.56	7.934385
58.58	7.944898
58.6	7.955617
58.62	7.966636
58.64	7.978146
58.66	7.989707
58.68	8.001535
58.7	8.025868
58.72	8.038482
58.74	8.051382
58.76	8.064497
58.78	8.078011
58.8	8.091785
58.82	8.105647
58.84	8.119892
58.86	8.134367
58.88	8.164033
58.9	8.179394
58.92	8.194979
58.94	8.210897
58.96	8.227087
58.98	8.243567
59	8.26032
59.02	8.294683
59.04	8.312297
59.06	8.330186
59.08	8.348372
59.1	8.366835
59.12	8.385597
59.14	8.40478
59.16	8.443678
59.18	8.463581
59.2	8.483781
59.22	8.504288
59.24	8.525078
59.26	8.546175
59.28	8.567557
59.3	8.589247
59.32	8.633509
59.34	8.656082
59.36	8.678878
59.38	8.701905
59.4	8.72539
59.42	8.749167
59.44	8.773258
59.46	8.797642
59.48	8.847334
59.5	8.872643
59.52	8.89825
59.54	8.924173
59.56	8.950395
59.58	8.976935
59.6	9.003774
59.62	9.030933
59.64	9.058392
59.66	9.114255
59.68	9.14266
59.7	9.171367
59.72	9.200398
59.74	9.229733
59.76	9.259393
59.78	9.289357
59.8	9.319648
59.82	9.381167
59.84	9.412397
59.86	9.443955
59.88	9.475821
59.9	9.508017
59.92	9.54052
59.94	9.573354
59.96	9.606496
59.98	9.621503
60	9.42063
60.02	9.481772
60.04	9.587699
60.06	9.63529
60.08	9.679077
60.1	9.718897
60.12	9.754602
60.14	9.793113
60.16	9.830518
60.18	9.851915
60.2	9.854002
60.22	9.856859
60.24	9.837254
60.26	9.836908
60.28	9.826471
60.3	9.823472
60.32	9.822179
60.34	9.816297
60.36	9.73994
60.38	9.654807
60.4	9.568709
60.42	9.481804
60.44	9.407135
60.46	9.319008
60.48	9.2432
60.5	9.154608
60.52	9.150855
60.54	9.287054
60.56	9.37765
60.58	9.519889
60.6	9.61126
60.62	9.755666
60.64	9.777321
60.66	9.788734
60.68	9.804508
60.7	9.799093
60.72	9.661854
60.74	9.737164
60.76	9.595407
60.78	9.51828
60.8	9.580537
60.82	9.430731
60.84	9.486336
60.86	9.333074
60.88	9.381959
60.9	9.085407
60.92	8.808648
60.94	8.733714
60.96	8.740898
60.98	8.71588
61	8.678016
61.02	8.63135
61.04	8.576856
61.06	8.514918
61.08	8.625652
61.1	8.843558
61.12	8.950082
61.14	9.05459
61.16	9.156812
61.18	9.25649
61.2	9.353388
61.22	9.447284
61.24	9.442231
61.26	9.346228
61.28	9.250149
61.3	9.154196
61.32	9.058583
61.34	8.963539
61.36	8.905846
61.38	8.938947
61.4	8.959842
61.42	8.983043
61.44	8.994026
61.46	8.981754
61.48	8.9927
61.5	8.975502
61.52	8.982293
61.54	8.965861
61.56	8.949526
61.58	8.957745
61.6	8.953297
61.62	8.952491
61.64	8.943659
61.66	8.938581
61.68	8.925333
61.7	8.898296
61.72	8.884654
61.74	8.862588
61.76	8.873413
61.78	8.91975
61.8	8.996542
61.82	9.03971
61.84	9.116341
61.86	9.231518
61.88	9.26662
61.9	9.340928
61.92	9.371258
61.94	9.443544
61.96	9.393134
61.98	9.355296
62	9.300346
62.02	9.198638
62.04	9.151859
62.06	9.088492
62.08	9.037639
62.1	8.970477
62.12	8.915867
62.14	8.674817
62.16	8.672709
62.18	8.665941
62.2	8.658134
62.22	8.650157
62.24	8.642124
62.26	8.633972
62.28	8.625839
62.3	8.609439
62.32	8.601211
62.34	8.592976
62.36	8.584635
62.38	8.576325
62.4	8.568017
62.42	8.559604
62.44	8.55123
62.46	8.534393
62.48	8.525995
62.5	8.517498
62.52	8.509077
62.54	8.50056
62.56	8.492123
62.58	8.483592
62.6	8.466688
62.62	8.458244
62.64	8.44979
62.66	8.441355
62.68	8.432913
62.7	8.424496
62.72	8.416074
62.74	8.407681
62.76	8.390934
62.78	8.382581
62.8	8.374268
62.82	8.365963
62.84	8.357701
62.86	8.349454
62.88	8.341255
62.9	8.333075
62.92	8.316843
62.94	8.308797
62.96	8.300778
62.98	8.292825
63	8.284904
63.02	8.277051
63.04	8.269236
63.06	8.261496
63.08	8.246181
63.1	8.238611
63.12	8.231128
63.14	8.223697
63.16	8.216358
63.18	8.209077
63.2	8.201894
63.22	8.194775
63.24	8.180813
63.26	8.173976
63.28	8.167213
63.3	8.160568
63.32	8.154002
63.34	8.147559
63.36	8.141203
63.38	8.134974
63.4	8.122838
63.42	8.116935
63.44	8.111175
63.46	8.105517
63.48	8.100009
63.5	8.094611
63.52	8.089368
63.54	8.084241
63.56	8.074434
63.58	8.06976
63.6	8.065217
63.62	8.060848
63.64	8.056615
63.66	8.052565
63.68	8.048656
63.7	8.044937
63.72	8.037993
63.74	8.034776
63.76	8.03176
63.78	8.028908
63.8	8.026266
63.82	8.023793
63.84	8.021537
63.86	8.019457
63.88	8.017601
63.9	8.014488
63.92	8.013237
63.94	8.012224
63.96	8.011408
63.98	8.010838
64	8.010471
64.02	8.010356
64.04	8.010452
64.06	8.011382
64.08	8.012221
64.1	8.013286
64.12	8.014624
64.14	8.016192
64.16	8.018041
64.18	8.020128
64.2	8.022503
64.22	8.025123
64.24	8.031201
64.26	8.034668
64.28	8.038392
64.3	8.042424
64.32	8.046745
64.34	8.051356
64.36	8.056263
64.38	8.061466
64.4	8.066971
64.42	8.078897
64.44	8.085323
64.46	8.092063
64.48	8.099119
64.5	8.106495
64.52	8.114194
64.54	8.122217
64.56	8.130569
64.58	8.148271
64.6	8.151938
64.62	8.151978
64.64	8.151242
64.66	8.150646
64.68	8.150013
64.7	8.149926
64.72	8.14883
64.74	8.148005
64.76	8.147199
64.78	8.146716
64.8	8.146551
64.82	8.145905
64.84	8.145531
64.86	8.145442
64.88	8.144637
64.9	8.144639
64.92	8.144209
64.94	8.144033
64.96	8.144133
64.98	8.1438
65	8.143723
65.02	8.143688
65.04	8.143711
65.06	8.144016
65.08	8.14388
65.1	8.144005
65.12	8.144417
65.14	8.144381
65.16	8.144609
65.18	8.145197
65.2	8.145532
65.22	8.146161
65.24	8.146333
65.26	8.146776
65.28	8.147517
65.3	8.147795
65.32	8.148348
65.34	8.14959
65.36	8.150255
65.38	8.151226
65.4	8.151722
65.42	8.152501
65.44	8.153589
65.46	8.154198
65.48	8.155091
65.5	8.157022
65.52	8.158031
65.54	8.159359
65.56	8.160196
65.58	8.161325
65.6	8.162774
65.62	8.163729
65.64	8.166551
65.66	8.167624
65.68	8.168994
65.7	8.170691
65.72	8.171884
65.74	8.173376
65.76	8.1752
65.78	8.176515
65.8	8.180082
65.82	8.18152
65.84	8.183262
65.86	8.185342
65.88	8.186902
65.9	8.188772
65.92	8.19098
65.94	8.192667
65.96	8.194663
65.98	8.198816
66	8.200942
66.02	8.203414
66.04	8.205355
66.06	8.207609
66.08	8.210215
66.1	8.212283
66.12	8.217407
66.14	8.219606
66.16	8.222124
66.18	8.224997
66.2	8.227326
66.22	8.229977
66.24	8.232985
66.26	8.23823
66.28	8.241374
66.3	8.243967
66.32	8.246885
66.34	8.250166
66.36	8.252892
66.38	8.255946
66.4	8.259364
66.42	8.265412
66.44	8.268968
66.46	8.271963
66.48	8.275288
66.5	8.278981
66.52	8.282111
66.54	8.285572
66.56	8.289405
66.58	8.296268
66.6	8.300241
66.62	8.303642
66.64	8.307378
66.66	8.311489
66.68	8.315027
66.7	8.3189
66.72	8.323151
66.74	8.330838
66.76	8.335229
66.78	8.339041
66.8	8.343191
66.82	8.347721
66.84	8.351671
66.86	8.35596
66.88	8.360631
66.9	8.369145
66.92	8.373957
66.94	8.378182
66.96	8.382748
66.98	8.387699
67	8.392063
67.02	8.396768
67.04	8.401859
67.06	8.411205
67.08	8.416436
67.1	8.421077
67.12	8.426058
67.14	8.431431
67.16	8.436209
67.18	8.441329
67.2	8.446841
67.22	8.451757
67.24	8.462667
67.26	8.467722
67.28	8.47312
67.3	8.478909
67.32	8.484102
67.34	8.489638
67.36	8.495567
67.38	8.506572
67.4	8.51264
67.42	8.518107
67.44	8.523918
67.46	8.530126
67.48	8.535729
67.5	8.541678
67.52	8.553764
67.54	8.55985
67.56	8.566332
67.58	8.572209
67.6	8.578431
67.62	8.585051
67.64	8.591063
67.66	8.604178
67.68	8.610327
67.7	8.61682
67.72	8.623713
67.74	8.629997
67.76	8.636625
67.78	8.643653
67.8	8.650071
67.82	8.656834
67.84	8.670549
67.86	8.677446
67.88	8.684743
67.9	8.691429
67.92	8.698459
67.94	8.70589
67.96	8.712709
67.98	8.727435
68	8.734386
68.02	8.741681
68.04	8.749376
68.06	8.75646
68.08	8.763885
68.1	8.771712
68.12	8.778927
68.14	8.786484
68.16	8.794441
68.18	8.809472
68.2	8.817559
68.22	8.825034
68.24	8.83285
68.26	8.841066
68.28	8.84867
68.3	8.856613
68.32	8.864958
68.34	8.88076
68.36	8.889233
68.38	8.897092
68.4	8.90529
68.42	8.913889
68.44	8.921874
68.46	8.930198
68.48	8.938923
68.5	8.955482
68.52	8.964332
68.54	8.972568
68.56	8.981141
68.58	8.990114
68.6	8.998475
68.62	9.007171
68.64	9.016267
68.66	9.024751
68.68	9.042787
68.7	9.051394
68.72	9.060333
68.74	9.069673
68.76	9.078401
68.78	9.087461
68.8	9.096919
68.82	9.114948
68.84	9.124527
68.86	9.133495
68.88	9.142795
68.9	9.152491
68.92	9.161577
68.94	9.170994
68.96	9.180807
68.98	9.199545
69	9.209476
69.02	9.218797
69.04	9.228445
69.06	9.238491
69.08	9.247928
69.1	9.257692
69.12	9.267852
69.14	9.287282
69.16	9.297555
69.18	9.30722
69.2	9.317211
69.22	9.327597
69.24	9.337376
69.26	9.347478
69.28	9.367865
69.3	9.378078
69.32	9.388684
69.34	9.398686
69.36	9.40901
69.38	9.419725
69.4	9.429837
69.42	9.440269
69.44	9.461314
69.46	9.471853
69.48	9.482783
69.5	9.493113
69.52	9.503759
69.54	9.514795
69.56	9.525231
69.58	9.535984
69.6	9.557667
69.62	9.568524
69.64	9.579769
69.66	9.590416
69.68	9.601377
69.7	9.612725
69.72	9.623477
69.74	9.63454
69.76	9.656844
69.78	9.668009
69.8	9.67956
69.82	9.690516
69.84	9.701781
69.86	9.713432
69.88	9.724489
69.9	9.747604
69.92	9.758762
69.94	9.770226
69.96	9.782073
69.98	9.793329
70	9.804891
70.02	9.816834
70.04	9.839847
70.06	9.851886
70.08	9.863338
70.1	9.875091
70.12	9.887225
70.14	9.898772
70.16	9.910622
70.18	9.922849
70.2	9.93449
70.22	9.946433
70.24	9.97049
70.26	9.982525
70.28	9.994936
70.3	10.00677
70.32	10.01889
70.34	10.03139
70.36	10.04332
70.38	10.05553
70.4	10.06812
70.42	10.09244
70.44	10.10513
70.46	10.11723
70.48	10.12962
70.5	10.14239
70.52	10.15458
70.54	10.16707
70.56	10.17992
70.58	10.1922
70.6	10.20477
70.62	10.23008
70.64	10.24274
70.66	10.25576
70.68	10.26821
70.7	10.28095
70.72	10.29406
70.74	10.3066
70.76	10.31943
70.78	10.34524
70.8	10.35815
70.82	10.37142
70.84	10.38413
70.86	10.39712
70.88	10.41047
70.9	10.42326
70.92	10.43633
70.94	10.44977
70.96	10.4893
70.98	10.50226
71	10.51549
71.02	10.52908
71.04	10.54211
71.06	10.55542
71.08	10.5822
71.1	10.59558
71.12	10.60937
71.14	10.62251
71.16	10.63596
71.18	10.64977
71.2	10.66303
71.22	10.6765
71.24	10.6903
71.26	10.71659
71.28	10.73019
71.3	10.74398
71.32	10.75741
71.34	10.77105
71.36	10.78489
71.38	10.79859
71.4	10.81228
71.42	10.82619
71.44	10.85366
71.46	10.86762
71.48	10.8814
71.5	10.89517
71.52	10.90917
71.54	10.92299
71.56	10.9368
71.58	10.95083
71.6	10.96469
71.62	10.97853
71.64	11.00649
71.66	11.02038
71.68	11.03448
71.7	11.0484
71.72	11.06232
71.74	11.07646
71.76	11.09042
71.78	11.10438
71.8	11.13255
71.82	11.14654
71.84	11.16074
71.86	11.17478
71.88	11.1888
71.9	11.20304
71.92	11.21711
71.94	11.23117
71.96	11.25955
71.98	11.27364
72	11.28795
72.02	11.30209
72.04	11.31622
72.06	11.33056
72.08	11.34473
72.1	11.3589
72.12	11.38748
72.14	11.40168
72.16	11.41609
72.18	11.43033
72.2	11.44456
72.22	11.45901
72.24	11.47328
72.26	11.48755
72.28	11.51634
72.3	11.53064
72.32	11.54515
72.34	11.5595
72.36	11.57384
72.38	11.58838
72.4	11.60276
72.42	11.61713
72.44	11.64612
72.46	11.66053
72.48	11.67513
72.5	11.68958
72.52	11.70402
72.54	11.71866
72.56	11.73314
72.58	11.74762
72.6	11.76229
72.62	11.79132
72.64	11.80603
72.66	11.8104
72.68	11.80468
72.7	11.80808
72.72	11.79054
72.74	11.77106
72.76	11.76636
72.78	11.70313
72.8	11.74043
72.82	11.67895
72.84	11.73472
72.86	11.66825
72.88	11.7272
72.9	11.65719
72.92	11.63965
72.94	11.69524
72.96	11.64143
72.98	11.61315
73	11.55734
73.02	11.52715
73.04	11.46963
73.06	11.43786
73.08	11.41485
73.1	11.38963
73.12	11.38789
73.14	11.42942
73.16	11.46981
73.18	11.52908
73.2	11.56843
73.22	11.66529
73.24	11.72375
73.26	11.73908
73.28	11.71354
73.3	11.6864
73.32	11.65767
73.34	11.62738
73.36	11.59556
73.38	11.56224
73.4	11.52748
73.42	11.4913
73.44	11.41491
73.46	11.3748
73.48	11.33349
73.5	11.29106
73.52	11.24756
73.54	11.20308
73.56	11.19574
73.58	11.18955
73.6	11.16914
73.62	11.15866
73.64	11.14822
73.66	11.13797
73.68	11.12775
73.7	11.11774
73.72	11.1078
73.74	11.09807
73.76	11.07886
73.78	11.06943
73.8	11.06023
73.82	11.05103
73.84	11.04207
73.86	11.03317
73.88	11.0245
73.9	11.01584
73.92	10.99905
73.94	10.99094
73.96	10.98282
73.98	10.97496
74	10.96715
74.02	10.95944
74.04	10.95201
74.06	10.94463
74.08	10.93036
74.1	10.92341
74.12	10.91657
74.14	10.91002
74.16	10.90352
74.18	10.89713
74.2	10.89105
74.22	10.885
74.24	10.87346
74.26	10.86789
74.28	10.86243
74.3	10.8573
74.32	10.85222
74.34	10.84725
74.36	10.84262
74.38	10.83802
74.4	10.83355
74.42	10.82536
74.44	10.8214
74.46	10.8178
74.48	10.81425
74.5	10.81082
74.52	10.80777
74.54	10.80476
74.56	10.80188
74.58	10.79687
74.6	10.79476
74.62	10.79263
74.64	10.78573
74.66	10.7762
74.68	10.7666
74.7	10.75673
74.72	10.737
74.74	10.72722
74.76	10.71726
74.78	10.70746
74.8	10.69748
74.82	10.68766
74.84	10.67767
74.86	10.66784
74.88	10.64799
74.9	10.63797
74.92	10.62813
74.94	10.6181
74.96	10.60825
74.98	10.59823
75	10.58838
75.02	10.57841
75.04	10.55855
75.06	10.54865
75.08	10.53872
75.1	10.52882
75.12	10.5189
75.14	10.50902
75.16	10.49912
75.18	10.47939
75.2	10.46955
75.22	10.4597
75.24	10.44989
75.26	10.44007
75.28	10.43029
75.3	10.42051
75.32	10.41077
75.34	10.39132
75.36	10.38161
75.38	10.37196
75.4	10.36229
75.42	10.35269
75.44	10.34308
75.46	10.33353
75.48	10.32397
75.5	10.30499
75.52	10.29556
75.54	10.28613
75.56	10.27677
75.58	10.26741
75.6	10.25812
75.62	10.23962
75.64	10.23041
75.66	10.22128
75.68	10.21215
75.7	10.2031
75.72	10.19407
75.74	10.18511
75.76	10.17617
75.78	10.15846
75.8	10.14971
75.82	10.14096
75.84	10.13231
75.86	10.12367
75.88	10.11513
75.9	10.10661
75.92	10.09819
75.94	10.08148
75.96	10.07319
75.98	10.06502
76	10.05686
76.02	10.04882
76.04	10.04079
76.06	10.03289
76.08	10.025
76.1	10.01724
76.12	10.00188
76.14	9.994288
76.16	9.986823
76.18	9.979387
76.2	9.972079
76.22	9.964803
76.24	9.957658
76.26	9.943571
76.28	9.936631
76.3	9.92983
76.32	9.923066
76.34	9.916445
76.36	9.909863
76.38	9.903426
76.4	9.897032
76.42	9.884583
76.44	9.878532
76.46	9.866682
76.48	9.860882
76.5	9.855241
76.52	9.849651
76.54	9.844223
76.56	9.838848
76.58	9.833639
76.6	9.828484
76.62	9.81857
76.64	9.813815
76.66	9.809118
76.68	9.804598
76.7	9.800138
76.72	9.795859
76.74	9.791642
76.76	9.787609
76.78	9.78364
76.8	9.779859
76.82	9.772621
76.84	9.769165
76.86	9.765905
76.88	9.762714
76.9	9.759722
76.92	9.756802
76.94	9.754084
76.96	9.751439
76.98	9.746636
77	9.744484
77.02	9.742407
77.04	9.740543
77.06	9.738759
77.08	9.73719
77.1	9.735703
77.12	9.734435
77.14	9.732288
77.16	9.73141
77.18	9.73076
77.2	9.730195
77.22	9.72986
77.24	9.729613
77.26	9.7296
77.28	9.729675
77.3	9.730392
77.32	9.731037
77.34	9.731774
77.36	9.732755
77.38	9.733829
77.4	9.735149
77.42	9.736566
77.44	9.738233
77.46	9.742013
77.48	9.744127
77.5	9.746499
77.52	9.74897
77.54	9.7517
77.56	9.754532
77.58	9.757626
77.6	9.76082
77.62	9.767847
77.64	9.771681
77.66	9.775619
77.68	9.779828
77.7	9.784142
77.72	9.788732
77.74	9.793427
77.76	9.7984
77.78	9.80884
77.8	9.814308
77.82	9.820059
77.84	9.813537
77.86	9.799886
77.88	9.828344
77.9	9.838726
77.92	9.845942
77.94	9.852763
77.96	9.859996
77.98	9.875661
78	9.884124
78.02	9.893147
78.04	9.902527
78.06	9.912469
78.08	9.922769
78.1	9.933629
78.12	9.94485
78.14	9.954756
78.16	10.26578
78.18	10.5121
78.2	10.59961
78.22	10.85946
78.24	10.59911
78.26	10.8549
78.28	10.59194
78.3	10.78421
78.32	10.58694
78.34	10.57646
78.36	10.7522
78.38	10.5527
78.4	10.72303
78.42	10.52258
78.44	10.68762
78.46	10.48739
78.48	10.38247
78.5	10.21477
78.52	10.18578
78.54	10.19792
78.56	10.22089
78.58	10.22775
78.6	10.24946
78.62	10.25782
78.64	10.27964
78.66	10.32639
78.68	10.32003
78.7	10.36132
78.72	10.3546
78.74	10.39531
78.76	10.39038
78.78	10.43053
78.8	10.42781
78.82	10.4539
78.84	10.4818
78.86	10.49433
78.88	10.52328
78.9	10.54154
78.92	10.56734
78.94	10.59046
78.96	10.61292
78.98	10.64078
79	10.65988
79.02	10.71723
79.04	10.76003
79.06	10.76174
79.08	10.80767
79.1	10.80388
79.12	10.85492
79.14	10.84604
79.16	10.88846
79.18	10.96056
79.2	10.97625
79.22	11.0134
79.24	11.02822
79.26	11.06341
79.28	11.07823
79.3	11.10773
79.32	11.15096
79.34	11.16583
79.36	11.23206
79.38	11.31199
79.4	11.3742
79.42	11.45521
79.44	11.5131
79.46	11.59482
79.48	11.67074
79.5	11.65698
79.52	11.6541
79.54	11.64978
79.56	11.64409
79.58	11.63706
79.6	11.62875
79.62	11.61921
79.64	11.59668
79.66	11.58382
79.68	11.56998
79.7	11.55524
79.72	11.53968
79.74	11.52338
79.76	11.50643
79.78	11.53011
79.8	11.55241
79.82	11.59288
79.84	11.61107
79.86	11.62809
79.88	11.648
79.9	11.66867
79.92	11.68954
79.94	11.71062
79.96	11.7304
79.98	11.76635
80	11.78395
80.02	11.80153
80.04	11.80686
80.06	11.80318
80.08	11.79817
80.1	11.7931
80.12	11.78798
80.14	11.80884
80.16	11.81019
80.18	11.81172
80.2	11.81178
80.22	11.81058
80.24	11.80689
80.26	11.76746
80.28	11.77518
80.3	11.74859
80.32	11.74997
80.34	11.7708
80.36	11.81195
80.38	11.84213
80.4	11.92188
80.42	11.96046
80.44	12.04772
80.46	12.09989
80.48	11.89905
80.5	12.04913
80.52	11.84554
80.54	11.99082
80.56	11.78493
80.58	11.69901
80.6	11.21106
80.62	10.76068
80.64	10.39495
80.66	10.40132
80.68	10.40168
80.7	10.40096
80.72	10.40017
80.74	10.399
80.76	10.39867
80.78	10.3985
80.8	10.39844
80.82	10.39856
80.84	10.39885
80.86	10.39931
80.88	10.39988
80.9	10.40153
80.92	10.40262
80.94	10.40388
80.96	10.40525
80.98	10.40679
81	10.40852
81.02	10.41041
81.04	10.41241
81.06	10.41693
81.08	10.41945
81.1	10.42214
81.12	10.42494
81.14	10.42793
81.16	10.43108
81.18	10.43435
81.2	10.4378
81.22	10.44522
81.24	10.44913
81.26	10.45323
81.28	10.4575
81.3	10.46188
81.32	10.46645
81.34	10.47119
81.36	10.4761
81.38	10.48635
81.4	10.49169
81.42	10.60066
81.44	10.70974
81.46	10.81884
81.48	10.78646
81.5	10.74314
81.52	10.69915
81.54	10.68785
81.56	10.68017
81.58	10.67117
81.6	10.6609
81.62	10.64773
81.64	10.63251
81.66	10.61579
81.68	10.77531
81.7	11.09081
81.72	11.266
81.74	11.42286
81.76	11.60594
81.78	11.35662
8