0.02	11.55867
0.04	11.52385
0.06	11.5313
0.08	11.63124
0.1	11.71279
0.12	11.64821
0.14	11.62611
0.16	11.66599
0.18	11.6217
0.2	11.66172
0.22	11.62068
0.24	11.66108
0.26	11.62288
0.28	11.6623
0.3	11.62683
0.32	11.63155
0.34	11.66382
0.36	11.63583
0.38	11.65418
0.4	11.63725
0.42	11.64231
0.44	11.62544
0.46	11.59695
0.48	10.43513
0.5	10.5097
0.52	9.360746
0.54	9.434657
0.56	8.3081
0.58	8.383134
0.6	7.372832
0.62	6.346822
0.64	6.432082
0.66	5.510568
0.68	5.606359
0.7	5.296306
0.72	5.927346
0.74	5.966279
0.76	6.555499
0.78	6.251631
0.8	6.529976
0.82	7.092162
0.84	6.809643
0.86	7.356998
0.88	7.090342
0.9	7.622537
0.92	7.371927
0.94	7.888729
0.96	7.654374
0.98	7.937749
1	8.423347
1.02	8.222205
1.04	8.552168
1.06	8.521582
1.08	8.513304
1.1	8.503741
1.12	8.492989
1.14	8.481148
1.16	8.454632
1.18	8.440187
1.2	8.425112
1.22	8.443563
1.24	8.398266
1.26	8.602077
1.28	7.526949
1.3	8.334087
1.32	8.380395
1.34	8.385157
1.36	8.389127
1.38	8.39317
1.4	8.397462
1.42	8.402037
1.44	8.406901
1.46	8.412057
1.48	8.423248
1.5	8.429282
1.52	8.435609
1.54	8.44223
1.56	8.449146
1.58	8.456356
1.6	8.463864
1.62	8.471666
1.64	8.488159
1.66	8.496851
1.68	8.505844
1.7	8.515135
1.72	8.524723
1.74	8.534613
1.76	8.544806
1.78	8.557033
1.8	8.588137
1.82	8.604596
1.84	8.621446
1.86	8.640517
1.88	8.659182
1.9	8.678043
1.92	8.697221
1.94	8.716737
1.96	8.736589
1.98	8.777293
2	8.798139
2.02	8.819308
2.04	8.838432
2.06	8.860744
2.08	8.884036
2.1	8.907865
2.12	8.93214
2.14	8.960957
2.16	8.981831
2.18	9.003839
2.2	9.004433
2.22	9.035147
2.24	9.044231
2.26	9.050443
2.28	9.05735
2.3	9.074784
2.32	9.085065
2.34	9.080373
2.36	9.08098
2.38	9.086932
2.4	9.001209
2.42	8.985315
2.44	8.874514
2.46	8.78012
2.48	8.755117
2.5	8.656841
2.52	8.627816
2.54	8.526027
2.56	8.493402
2.58	8.274901
2.6	8.16482
2.62	8.12977
2.64	8.091144
2.66	8.047852
2.68	7.999858
2.7	8.273929
2.72	8.001942
2.74	8.280992
2.76	8.394414
2.78	8.381626
2.8	8.349965
2.82	8.331153
2.84	8.310399
2.86	8.287745
2.88	8.263237
2.9	8.236925
2.92	8.179119
2.94	8.147752
2.96	8.114837
2.98	8.080451
3	8.04468
3.02	8.054508
3.04	8.191644
3.06	8.325282
3.08	8.62254
3.1	8.777684
3.12	8.923334
3.14	8.968357
3.16	8.993793
3.18	9.015776
3.2	9.037439
3.22	9.059319
3.24	9.103724
3.26	9.076682
3.28	9.067534
3.3	9.060267
3.32	9.050552
3.34	9.038465
3.36	9.024079
3.38	9.007483
3.4	8.988766
3.42	8.945352
3.44	8.473747
3.46	8.106403
3.48	7.763637
3.5	7.803215
3.52	7.817222
3.54	7.807377
3.56	7.873672
3.58	7.909121
3.6	7.920999
3.62	7.932811
3.64	7.944881
3.66	7.957217
3.68	7.969753
3.7	7.982624
3.72	7.995819
3.74	8.023108
3.76	8.037247
3.78	8.051704
3.8	8.066501
3.82	8.081583
3.84	8.096967
3.86	8.112692
3.88	8.145022
3.9	8.161684
3.92	8.178636
3.94	8.195894
3.96	8.2135
3.98	8.231398
4	8.249605
4.02	8.268163
4.04	8.306202
4.06	8.325686
4.08	8.345496
4.1	8.365624
4.12	8.386079
4.14	8.406854
4.16	8.449382
4.18	8.471137
4.2	8.493216
4.22	8.515626
4.24	8.538362
4.26	8.56143
4.28	8.584826
4.3	8.608594
4.32	8.657119
4.34	8.681931
4.36	8.707107
4.38	8.732503
4.4	8.75824
4.42	8.784309
4.44	8.81072
4.46	8.837466
4.48	8.864554
4.5	8.919749
4.52	8.947857
4.54	8.97631
4.56	9.005102
4.58	9.034242
4.6	9.063723
4.62	9.123722
4.64	9.154243
4.66	9.185107
4.68	9.216324
4.7	9.247885
4.72	9.279798
4.74	9.312057
4.76	9.344574
4.78	9.410849
4.8	9.444512
4.82	9.478533
4.84	9.512902
4.86	9.547629
4.88	9.582707
4.9	9.618144
4.92	9.653933
4.94	9.726582
4.96	9.763443
4.98	9.800658
5	9.838235
5.02	9.876251
5.04	9.91464
5.06	9.953293
5.08	9.992306
5.1	10.07141
5.12	10.1115
5.14	10.15196
5.16	10.19278
5.18	10.23396
5.2	10.2755
5.22	10.3174
5.24	10.4023
5.26	10.4453
5.28	10.48866
5.3	10.53238
5.32	10.57647
5.34	10.62093
5.36	10.66575
5.38	10.75649
5.4	10.80241
5.42	10.8487
5.44	10.89535
5.46	10.94237
5.48	10.98976
5.5	11.03231
5.52	11.05397
5.54	11.08554
5.56	11.09946
5.58	11.11306
5.6	11.12711
5.62	11.14104
5.64	11.15436
5.66	11.16853
5.68	11.18259
5.7	11.21033
5.72	11.22455
5.74	11.23808
5.76	11.25256
5.78	11.26692
5.8	11.2806
5.82	11.29523
5.84	11.32354
5.86	11.33832
5.88	11.35297
5.9	11.36691
5.92	11.38183
5.94	11.39662
5.96	11.41071
5.98	11.4407
6	11.45492
6.02	11.47012
6.04	11.48519
6.06	11.49954
6.08	11.51488
6.1	11.53008
6.12	11.54457
6.14	11.57538
6.16	11.58999
6.18	11.6056
6.2	11.62107
6.22	11.63581
6.24	11.65155
6.26	11.66716
6.28	11.69789
6.3	11.71362
6.32	11.72861
6.34	11.74461
6.36	11.76047
6.38	11.77558
6.4	11.79171
6.42	11.82293
6.44	11.83918
6.46	11.85529
6.48	11.87064
6.5	11.88701
6.52	11.88178
6.54	11.86566
6.56	11.87102
6.58	11.87238
6.6	11.87481
6.62	11.87363
6.64	11.87088
6.66	11.86677
6.68	11.86127
6.7	11.85444
6.72	11.84607
6.74	11.83618
6.76	11.81202
6.78	11.79781
6.8	11.78229
6.82	11.76809
6.84	11.76753
6.86	11.76646
6.88	11.7622
6.9	11.75309
6.92	11.73807
6.94	11.73457
6.96	11.73188
6.98	11.72367
7	11.75983
7.02	11.78492
7.04	11.80639
7.06	11.84307
7.08	11.85853
7.1	11.8712
7.12	11.87733
7.14	11.8451
7.16	11.81104
7.18	11.77516
7.2	11.73749
7.22	11.67669
7.24	11.65352
7.26	11.62851
7.28	11.60166
7.3	11.57334
7.32	11.54841
7.34	11.52395
7.36	11.47484
7.38	11.45006
7.4	11.42509
7.42	11.39998
7.44	11.37468
7.46	11.34925
7.48	11.32362
7.5	11.29787
7.52	11.24587
7.54	11.21963
7.56	11.19326
7.58	11.16672
7.6	11.14007
7.62	11.11324
7.64	11.08631
7.66	11.0592
7.68	11.03199
7.7	10.97715
7.72	10.94952
7.74	10.92179
7.76	10.89392
7.78	10.86595
7.8	10.83784
7.82	10.80965
7.84	10.78131
7.86	10.72434
7.88	10.69573
7.9	10.66698
7.92	10.63817
7.94	10.60923
7.96	10.58024
7.98	10.52197
8	10.49322
8.02	10.46406
8.04	10.43491
8.06	10.40529
8.08	10.37575
8.1	10.34618
8.12	10.31655
8.14	10.25715
8.16	10.22738
8.18	10.19757
8.2	10.16772
8.22	10.13784
8.24	10.07811
8.26	10.04796
8.28	9.987991
8.3	9.958005
8.32	9.92802
8.34	9.898039
8.36	9.868068
8.38	9.838112
8.4	9.808177
8.42	9.778267
8.44	9.748388
8.46	9.718547
8.48	9.658995
8.5	9.629297
8.52	9.59966
8.54	9.570088
8.56	9.540588
8.58	9.511168
8.6	9.481832
8.62	9.452587
8.64	9.394399
8.66	9.365468
8.68	9.336656
8.7	9.262928
8.72	9.215293
8.74	9.183812
8.76	9.112721
8.78	9.07693
8.8	9.041358
8.82	9.006063
8.84	9.126961
8.86	8.979288
8.88	9.082274
8.9	8.921187
8.92	9.01406
8.94	8.765777
8.96	8.633458
8.98	8.78201
9	8.512531
9.02	8.678673
9.04	8.400328
9.06	8.581365
9.08	8.29573
9.1	8.190662
9.12	8.450808
9.14	8.137836
9.16	8.137373
9.18	8.130059
9.2	8.121931
9.22	8.114199
9.24	8.107102
9.26	8.09496
9.28	8.08992
9.3	8.085564
9.32	8.081887
9.34	8.078887
9.36	8.076559
9.38	8.074901
9.4	8.073907
9.42	8.073898
9.44	8.074875
9.46	8.076499
9.48	8.078767
9.5	8.081674
9.52	8.085217
9.54	8.089388
9.56	8.099602
9.58	8.105635
9.6	8.112278
9.62	8.119526
9.64	8.127375
9.66	8.135819
9.68	8.144855
9.7	8.154474
9.72	8.175448
9.74	8.185707
9.76	8.186241
9.78	8.185064
9.8	8.183821
9.82	8.183064
9.84	8.181843
9.86	8.178598
9.88	8.177717
9.9	8.176959
9.92	8.175112
9.94	8.173948
9.96	8.173195
9.98	8.172542
10	8.169814
10.02	8.169372
10.04	8.168517
10.06	8.167094
10.08	8.166124
10.1	8.165708
10.12	8.16497
10.14	8.163738
10.16	8.162889
10.18	8.161839
10.2	8.161456
10.22	8.160224
10.24	8.159464
10.26	8.158889
10.28	8.158623
10.3	8.158327
10.32	8.157217
10.34	8.15608
10.36	8.155879
10.38	8.155648
10.4	8.154685
10.42	8.154132
10.44	8.153729
10.46	8.153357
10.48	8.153342
10.5	8.152279
10.52	8.151854
10.54	8.151478
10.56	8.151195
10.58	8.151202
10.6	8.155166
10.62	8.147607
10.64	8.129688
10.66	8.121622
10.68	8.117652
10.7	8.107831
10.72	8.097961
10.74	8.089153
10.76	8.081582
10.78	8.070048
10.8	8.065977
10.82	8.062963
10.84	8.060948
10.86	7.701812
10.88	7.408182
10.9	7.411526
10.92	7.412572
10.94	7.411322
10.96	7.407153
10.98	7.408786
11	7.41097
11.02	7.413358
11.04	7.415883
11.06	7.418529
11.08	7.421232
11.1	7.424055
11.12	7.430049
11.14	7.433218
11.16	7.436448
11.18	7.439792
11.2	7.443249
11.22	7.446817
11.24	7.450497
11.26	7.454285
11.28	7.462148
11.3	7.466243
11.32	7.470444
11.34	7.474747
11.36	7.479156
11.38	7.48367
11.4	7.48829
11.42	7.493013
11.44	7.768552
11.46	7.9075
11.48	8.037129
11.5	8.060672
11.52	8.064383
11.54	8.065432
11.56	8.067184
11.58	8.088752
11.6	8.045498
11.62	8.013031
11.64	7.977731
11.66	7.939635
11.68	7.898787
11.7	7.855232
11.72	7.80902
11.74	7.760205
11.76	7.655006
11.78	7.598756
11.8	7.54017
11.82	7.479331
11.84	7.416327
11.86	7.351252
11.88	7.284211
11.9	7.14469
11.92	7.153904
11.94	7.174303
11.96	7.179716
11.98	7.182046
12	7.183688
12.02	7.185114
12.04	7.186421
12.06	7.188738
12.08	7.189754
12.1	7.190674
12.12	7.1915
12.14	7.192231
12.16	7.192812
12.18	7.193303
12.2	7.193699
12.22	7.194215
12.24	7.194333
12.26	7.194359
12.28	7.194292
12.3	7.194133
12.32	7.193798
12.34	7.193375
12.36	7.192861
12.38	7.19156
12.4	7.190775
12.42	7.189899
12.44	7.188934
12.46	7.187813
12.48	7.186606
12.5	7.185312
12.52	7.183929
12.54	7.18083
12.56	7.179118
12.58	7.17732
12.6	7.175436
12.62	7.173465
12.64	7.17141
12.66	7.169206
12.68	7.166922
12.7	7.164553
12.72	7.159497
12.74	7.156816
12.76	7.154052
12.78	7.151205
12.8	7.148276
12.82	7.145205
12.84	7.142059
12.86	7.138832
12.88	7.132024
12.9	7.128504
12.92	7.124904
12.94	7.121173
12.96	7.117369
12.98	7.113487
13	7.109467
13.02	7.105376
13.04	7.096966
13.06	7.092591
13.08	7.088146
13.1	7.083577
13.12	7.078941
13.14	7.074233
13.16	7.069404
13.18	7.064508
13.2	7.059542
13.22	7.04927
13.24	7.044033
13.2