0.02	14.28346
0.04	14.28111
0.06	14.28305
0.08	14.33865
0.1	14.40794
0.12	14.54672
0.14	13.82667
0.16	13.39262
0.18	13.66191
0.2	12.97303
0.22	12.56236
0.24	12.78955
0.26	12.13175
0.28	12.35426
0.3	11.72496
0.32	11.94274
0.34	11.34523
0.36	10.99691
0.38	11.20246
0.4	10.66919
0.42	10.86565
0.44	10.3852
0.46	10.57369
0.48	10.2478
0.5	10.3981
0.52	10.6449
0.54	10.47582
0.56	10.7234
0.58	10.57972
0.6	10.56828
0.62	10.64817
0.64	10.75889
0.66	10.72226
0.68	10.83134
0.7	10.79588
0.72	10.90508
0.74	10.87156
0.76	10.94264
0.78	11.00947
0.8	11.01619
0.82	11.07922
0.84	11.0864
0.86	11.14909
0.88	11.15656
0.9	11.21926
0.92	11.22723
0.94	11.27814
0.96	11.51986
0.98	11.32319
1	11.57373
1.02	11.37684
1.04	11.63329
1.06	11.43952
1.08	11.64357
1.1	11.40521
1.12	11.40808
1.14	11.41198
1.16	11.41188
1.18	11.42295
1.2	11.42606
1.22	11.43953
1.24	11.46054
1.26	11.46806
1.28	11.51202
1.3	11.55707
1.32	11.55274
1.34	11.55243
1.36	11.5555
1.38	11.55827
1.4	11.55907
1.42	11.5661
1.44	11.5717
1.46	11.82091
1.48	11.59993
1.5	11.82234
1.52	11.79656
1.54	11.76999
1.56	11.7145
1.58	11.68561
1.6	11.65598
1.62	11.62563
1.64	11.59459
1.66	11.5629
1.68	11.53058
1.7	11.49768
1.72	11.43032
1.74	11.43802
1.76	11.4471
1.78	11.4539
1.8	11.46067
1.82	11.46788
1.84	11.47562
1.86	11.4839
1.88	11.49269
1.9	11.50204
1.92	11.52233
1.94	11.53327
1.96	11.5448
1.98	11.55682
2	11.56944
2.02	11.58256
2.04	11.6105
2.06	11.62528
2.08	11.64059
2.1	11.65655
2.12	11.65442
2.14	11.65119
2.16	11.64687
2.18	11.64361
2.2	11.63743
2.22	11.63423
2.24	11.63095
2.26	11.6276
2.28	11.62416
2.3	11.62065
2.32	11.61716
2.34	11.61348
2.36	11.60589
2.38	11.60201
2.4	11.59803
2.42	11.59398
2.44	11.59
2.46	11.58578
2.48	11.5815
2.5	11.57713
2.52	11.56824
2.54	11.5638
2.56	11.55914
2.58	11.55442
2.6	11.54964
2.62	11.54478
2.64	11.53984
2.66	11.53502
2.68	11.68224
2.7	11.8248
2.72	11.80022
2.74	11.77564
2.76	11.75008
2.78	11.72354
2.8	11.66751
2.82	11.63804
2.84	11.6076
2.86	11.57622
2.88	11.54391
2.9	11.5107
2.92	11.47662
2.94	11.44169
2.96	11.36946
2.98	11.33224
3	11.29435
3.02	11.25584
3.04	11.21677
3.06	11.1772
3.08	11.16681
3.1	11.14535
3.12	11.1334
3.14	11.12179
3.16	11.11071
3.18	11.10012
3.2	11.0901
3.22	11.08057
3.24	11.07156
3.26	11.06309
3.28	11.04771
3.3	11.04081
3.32	11.03445
3.34	11.02863
3.36	11.02328
3.38	11.01849
3.4	11.01426
3.42	11.00724
3.44	11.00459
3.46	11.00252
3.48	11.00083
3.5	10.99976
3.52	10.99928
3.54	10.99913
3.56	11.00071
3.58	11.00219
3.6	11.00433
3.62	11.00683
3.64	11.01
3.66	11.0136
3.68	11.0179
3.7	11.02789
3.72	11.03367
3.74	11.03994
3.76	11.04695
3.78	11.05438
3.8	11.06231
3.82	11.071
3.84	11.0897
3.86	11.10009
3.88	11.11089
3.9	11.12219
3.92	11.13431
3.94	11.14677
3.96	11.15984
3.98	11.17346
4	11.20249
4.02	11.21792
4.04	11.2339
4.06	11.22928
4.08	11.2224
4.1	11.21404
4.12	11.20439
4.14	11.19527
4.16	11.17929
4.18	11.17145
4.2	11.16354
4.22	11.15561
4.24	11.14778
4.26	11.1398
4.28	11.13182
4.3	11.12394
4.32	11.10786
4.34	11.09993
4.36	11.09184
4.38	11.08376
4.4	11.07578
4.42	11.06765
4.44	11.05951
4.46	11.04332
4.48	11.03514
4.5	11.02709
4.52	11.01887
4.54	11.01066
4.56	11.00258
4.58	10.99432
4.6	10.97796
4.62	10.96967
4.64	10.9614
4.66	10.95326
4.68	10.94494
4.7	10.93664
4.72	10.92849
4.74	10.92014
4.76	10.90365
4.78	10.89529
4.8	10.88695
4.82	10.87877
4.84	10.87039
4.86	10.86204
4.88	10.85385
4.9	10.8371
4.92	10.8289
4.94	10.82051
4.96	10.81215
4.98	10.80395
5	10.79555
5.02	10.78719
5.04	10.779
5.06	10.7706
5.08	10.75406
5.1	10.74568
5.12	10.73732
5.14	10.72915
5.16	10.72078
5.18	10.71244
5.2	10.70429
5.22	10.69593
5.24	10.68761
5.26	10.67114
5.28	10.66285
5.3	10.65474
5.32	10.64643
5.34	10.63816
5.36	10.63008
5.38	10.6218
5.4	10.61357
5.42	10.59728
5.44	10.58908
5.46	10.58108
5.48	10.57288
5.5	10.56471
5.52	10.55676
5.54	10.5486
5.56	10.53258
5.58	10.52447
5.6	10.5164
5.62	10.50855
5.64	10.50049
5.66	10.48469
5.68	10.47669
5.7	10.46874
5.72	10.46101
5.74	10.44519
5.76	10.43753
5.78	10.42967
5.8	10.42208
5.82	10.41416
5.84	10.40662
5.86	10.39872
5.88	10.38336
5.9	10.37591
5.92	10.36809
5.94	10.36069
5.96	10.35291
5.98	10.34556
6	10.33782
6.02	10.32284
6.04	10.31559
6.06	10.30796
6.08	10.30077
6.1	10.2932
6.12	10.28607
6.14	10.27855
6.16	10.26402
6.18	10.25702
6.2	10.24962
6.22	10.2427
6.24	10.23536
6.26	10.22837
6.28	10.22127
6.3	10.20729
6.32	10.20039
6.34	10.19345
6.36	10.18662
6.38	10.17976
6.4	10.17301
6.42	10.16623
6.44	10.15957
6.46	10.15287
6.48	10.13967
6.5	10.13318
6.52	10.12665
6.54	10.12025
6.56	10.11382
6.58	10.10751
6.6	10.10117
6.62	10.08871
6.64	10.0826
6.66	10.07645
6.68	10.07044
6.7	10.0644
6.72	10.05849
6.74	10.05256
6.76	10.04094
6.78	10.03525
6.8	10.02953
6.82	10.02396
6.84	10.01836
6.86	10.0129
6.88	10.00742
6.9	10.00208
6.92	9.991507
6.94	9.986274
6.96	9.981181
6.98	9.976076
7	9.971111
7.02	9.966137
7.04	9.961304
7.06	9.951764
7.08	9.94706
7.1	9.942498
7.12	9.937933
7.14	9.933513
7.16	9.92909
7.18	9.924813
7.2	9.916406
7.22	9.912277
7.24	9.908298
7.26	9.904322
7.28	9.900494
7.3	9.896672
7.32	9.893001
7.34	9.885824
7.36	9.882321
7.38	9.878971
7.4	9.875632
7.42	9.872446
7.44	9.869275
7.46	9.866258
7.48	9.860409
7.5	9.85758
7.52	9.854908
7.54	9.852255
7.56	9.84976
7.58	9.847286
7.6	9.844971
7.62	9.84268
7.64	9.840548
7.66	9.838442
7.68	9.834577
7.7	9.832819
7.72	9.831093
7.74	9.829527
7.76	9.827994
7.78	9.826625
7.8	9.825288
7.82	9.824117
7.84	9.822009
7.86	9.821074
7.88	9.820308
7.9	9.819576
7.92	9.819017
7.94	9.818495
7.96	9.818145
7.98	9.817833
8	9.817597
8.02	9.817676
8.04	9.817793
8.06	9.818089
8.08	9.818426
8.1	9.818943
8.12	9.8195
8.14	9.82024
8.16	9.821988
8.18	9.822998
8.2	9.824192
8.22	9.825432
8.24	9.826858
8.26	9.828328
8.28	9.829987
8.3	9.831692
8.32	9.833588
8.34	9.837665
8.36	9.839846
8.38	9.84222
8.4	9.844645
8.42	9.847263
8.44	9.849931
8.46	9.852796
8.48	9.858823
8.5	9.861985
8.52	9.865348
8.54	9.868762
8.56	9.872377
8.58	9.876045
8.6	9.879913
8.62	9.883837
8.64	9.892143
8.66	9.896528
8.68	9.900969
8.7	9.905614
8.72	9.910315
8.74	9.915223
8.76	9.920188
8.78	9.925361
8.8	9.930591
8.82	9.941526
8.84	9.947233
8.86	9.952999
8.88	9.958976
8.9	9.965013
8.92	9.971262
8.94	9.984092
8.96	9.990674
8.98	9.997471
9	10.00433
9.02	10.0114
9.04	10.01854
9.06	10.0333
9.08	10.04093
9.1	10.04862
9.12	10.05653
9.14	10.0645
9.16	10.07269
9.18	10.08095
9.2	10.09796
9.22	10.10672
9.24	10.11554
9.26	10.12459
9.28	10.1337
9.3	10.14303
9.32	10.15242
9.34	10.16204
9.36	10.18162
9.38	10.19159
9.4	10.20179
9.42	10.21205
9.44	10.22253
9.46	10.23308
9.48	10.24385
9.5	10.26576
9.52	10.27689
9.54	10.28825
9.56	10.29967
9.58	10.31132
9.6	10.32303
9.62	10.33497
9.64	10.34698
9.66	10.37151
9.68	10.38404
9.7	10.39664
9.72	10.40946
9.74	10.42234
9.76	10.43546
9.78	10.44864
9.8	10.47552
9.82	10.48923
9.84	10.503
9.86	10.517
9.88	10.53106
9.9	10.54535
9.92	10.55971
9.94	10.5743
9.96	10.60383
9.98	10.61877
10	10.63395
10.02	10.64919
10.04	10.66466
10.06	10.68019
10.08	10.69595
10.1	10.72783
10.12	10.74395
10.14	10.7603
10.16	10.77671
10.18	10.79335
10.2	10.81005
10.22	10.82699
10.24	10.8612
10.26	10.87849
10.28	10.89601
10.3	10.91358
10.32	10.93139
10.34	10.94925
10.36	10.96735
10.38	10.9855
10.4	11.02233
10.42	11.041
10.44	11.05973
10.46	11.07869
10.48	11.09771
10.5	11.11695
10.52	11.13626
10.54	11.15579
10.56	11.19519
10.58	11.21506
10.6	11.23516
10.62	11.25532
10.64	11.2757
10.66	11.29614
10.68	11.3168
10.7	11.35847
10.72	11.37947
10.74	11.40069
10.76	11.42197
10.78	11.44347
10.8	11.46503
10.82	11.50864
10.84	11.5307
10.86	11.5528
10.88	11.57514
10.9	11.59752
10.92	11.62012
10.94	11.64278
10.96	11.66566
10.98	11.68858
11	11.73493
11.02	11.75835
11.04	11.78181
11.06	11.8055
11.08	11.82923
11.1	11.85319
11.12	11.83432
11.14	12.02212
11.16	11.91707
11.18	11.88548
11.2	11.87562
11.22	11.86484
11.24	11.85321
11.26	11.84077
11.28	11.84272
11.3	11.84394
11.32	11.8451
11.34	11.84667
11.36	11.84875
11.38	11.85122
11.4	11.89417
11.42	11.87724
11.44	11.86091
11.46	11.84382
11.48	11.80743
11.5	11.80016
11.52	11.84638
11.54	11.85904
11.56	11.86559
11.58	11.86736
11.6	11.83118
11.62	11.8121
11.64	11.77047
11.66	11.74788
11.68	11.72414
11.7	11.69928
11.72	11.67335
11.74	11.64639
11.76	11.61843
11.78	11.55931
11.8	11.55759
11.82	11.56215
11.84	11.56003
11.86	11.55684
11.88	11.55371
11.9	11.55086
11.92	11.54835
11.94	11.54618
11.96	11.54434
11.98	11.54169
12	11.54088
12.02	11.54042
12.04	11.54029
12.06	11.54019
12.08	11.53897
12.1	11.53741
12.12	11.53581
12.14	11.53421
12.16	11.53106
12.18	11.52951
12.2	11.52798
12.22	11.52647
12.24	11.52499
12.26	11.52353
12.28	11.5221
12.3	11.52069
12.32	11.51931
12.34	11.51672
12.36	11.51545
12.38	11.51414
12.4	11.51289
12.42	11.51165
12.44	11.51044
12.46	11.50924
12.48	11.50807
12.5	11.50579
12.52	11.50468
12.54	11.50362
12.56	11.50257
12.58	11.50154
12.6	11.50053
12.62	11.49956
12.64	11.49769
12.66	11.4968
12.68	11.49594
12.7	11.49511
12.72	11.49432
12.74	11.49357
12.76	11.49294
12.78	11.49226
12.8	11.4916
12.82	11.49026
12.84	11.48964
12.86	11.48904
12.88	11.48846
12.9	11.4879
12.92	11.48736
12.94	11.48685
12.96	11.48635
12.98	11.48587
13	11.48497
13.02	11.48455
13.04	11.48415
13.06	11.48377
13.08	11.48342
13.1	11.48099
13.12	11.49688
13.14	11.49635
13.16	11.49182
13.18	11.48134
13.2	11.4765
13.22	11.47204
13.24	11.46747
13.26	11.46346
13.28	11.45984
13.3	11.45611
13.32	11.45294
13.34	11.45016
13.36	11.44493
13.38	11.44297
13.4	11.44091
13.42	11.43939
13.44	11.43825
13.46	11.43702
13.48	11.43632
13.5	11.43557
13.52	11.43568
13.54	11.43615
13.56	11.43655
13.58	11.43746
13.6	11.43873
13.62	11.43993
13.64	11.44164
13.66	11.4457
13.68	11.44819
13.7	11.45104
13.72	11.45383
13.74	11.4571
13.76	11.46073
13.78	11.4643
13.8	11.46835
13.82	11.4771
13.84	11.48192
13.86	11.48708
13.88	11.49221
13.9	11.49779
13.92	11.50371
13.94	11.5096
13.96	11.51651
13.98	11.52402
14	11.53745
14.02	11.54486
14.04	11.55237
14.06	11.55989
14.08	11.56745
14.1	11.57502
14.12	11.58272
14.14	11.5905
14.16	11.60602
14.18	11.61413
14.2	11.62231
14.22	11.63026
14.24	11.6378
14.26	11.64579
14.28	11.6542
14.3	11.67029
14.32	11.67849
14.34	11.6868
14.36	11.69538
14.38	11.70351
14.4	11.71196
14.42	11.72043
14.44	11.7292
14.46	11.74623
14.48	11.75492
14.5	11.7639
14.52	11.77247
14.54	11.78134
14.56	11.79024
14.58	11.79942
14.6	11.8082
14.62	11.81727
14.64	11.83575
14.66	11.84472
14.68	11.85394
14.7	11.86325
14.72	11.87257
14.74	11.88204
14.76	11.88538
14.78	11.87868
14.8	11.87498
14.82	11.87126
14.84	11.86756
14.86	11.8639
14.88	11.86027
14.9	11.85667
14.92	11.84964
14.94	11.84616
14.96	11.84267
14.98	11.83915
15	11.8357
15.02	11.83228
15.04	11.82889
15.06	11.82565
15.08	11.82235
15.1	11.81908
15.12	11.81251
15.14	11.80931
15.16	11.80613
15.18	11.80297
15.2	11.79994
15.22	11.79689
15.24	11.79387
15.26	11.78775
15.28	11.78478
15.3	11.78183
15.32	11.7789
15.34	11.77602
15.36	11.77326
15.38	11.77042
15.4	11.76483
15.42	11.76206
15.44	11.75935
15.46	11.75666
15.48	11.754
15.5	11.75137
15.52	11.74877
15.54	11.74628
15.56	11.74126
15.58	11.73877
15.6	11.7363
15.62	11.73387
15.64	11.7315
15.66	11.72914
15.68	11.7268
15.7	11.72226
15.72	11.72012
15.74	11.71794
15.76	11.71578
15.78	11.71364
15.8	11.71153
15.82	11.70945
15.84	11.7052
15.86	11.70316
15.88	11.70114
15.9	11.69916
15.92	11.6972
15.94	11.69535
15.96	11.69347
15.98	11.69159
16	11.68794
16.02	11.68608
16.04	11.68428
16.06	11.68252
16.08	11.68079
16.1	11.67908
16.12	11.67739
16.14	11.6741
16.16	11.6725
16.18	11.67094
16.2	11.66949
16.22	11.66801
16.24	11.66654
16.26	11.6651
16.28	11.66361
16.3	11.66078
16.32	11.65941
16.34	11.65805
16.36	11.65673
16.38	11.65544
16.4	11.65417
16.42	11.65292
16.44	11.65169
16.46	11.64933
16.48	11.6482
16.5	11.6471
16.52	11.64603
16.54	11.64508
16.56	11.64405
16.58	11.64305
16.6	11.64112
16.62	11.63928
16.64	11.63838
16.66	11.63751
16.68	11.63667
16.7	11.63503
16.72	11.63425
16.74	11.63349
16.76	11.63276
16.78	11.63205
16.8	11.63139
16.82	11.63073
16.84	11.63011
16.86	11.6295
16.88	11.62838
16.9	11.62785
16.92	11.62736
16.94	11.6269
16.96	11.62646
16.98	11.62606
17	11.62568
17.02	11.86971
17.04	11.85068
17.06	11.83362
17.08	11.81481
17.1	11.7912
17.12	11.7009
17.14	11.68843
17.16	11.5935
17.18	11.27021
17.2	11.20149
17.22	11.13599
17.24	11.06357
17.26	10.98238
17.28	10.89224
17.3	10.79334
17.32	10.68594
17.34	10.75824
17.36	10.85282
17.38	10.70139
17.4	10.79525
17.42	10.67456
17.44	10.76841
17.46	10.65369
17.48	10.63415
17.5	10.72866
17.52	10.5698
17.54	10.76826
17.56	10.51237
17.58	10.71576
17.6	10.43903
17.62	10.36365
17.64	10.57247
17.66	10.28907
17.68	10.50034
17.7	10.25456
17.72	10.42158
17.74	10.169
17.76	10.06944
17.78	10.22943
17.8	9.966599
17.82	10.12934
17.84	9.862497
17.86	10.02593
17.88	9.891378
17.9	9.559546
17.92	9.74723
17.94	9.403634
17.96	9.622542
17.98	9.323644
18	9.582327
18.02	9.550721
18.04	9.266312
18.06	9.488972
18.08	9.204554
18.1	9.42165
18.12	9.167407
18.14	9.398019
18.16	9.14701
18.18	9.129009
18.2	9.357066
18.22	9.334025
18.24	9.309473
18.26	9.283417
18.28	9.25587
18.3	9.226847
18.32	9.196367
18.34	9.131146
18.36	9.09647
18.38	9.060466
18.4	9.02318
18.42	8.984663
18.44	8.979136
18.46	8.972212
18.48	8.963881
18.5	8.956531
18.52	8.943522
18.54	8.937724
18.56	8.932504
18.58	8.927677
18.6	8.923426
18.62	8.919566
18.64	8.91628
18.66	8.913384
18.68	8.911059
18.7	8.909125
18.72	8.904479
18.74	8.87213
18.76	8.928296
18.78	8.951686
18.8	8.968505
18.82	8.983855
18.84	8.998621
18.86	9.026403
18.88	9.039151
18.9	9.050942
18.92	9.030442
18.94	8.785001
18.96	8.579886
18.98	8.637397
19	8.630894
19.02	8.829686
19.04	8.625195
19.06	8.84894
19.08	8.618131
19.1	8.837191
19.12	8.851247
19.14	8.86383
19.16	8.887155
19.18	8.897075
19.2	8.904324
19.22	8.90887
19.24	8.910684
19.26	8.909204
19.28	8.906126
19.3	8.704053
19.32	8.540201
19.34	8.640585
19.36	8.667001
19.38	8.669088
19.4	8.670744
19.42	8.672433
19.44	8.674321
19.46	8.676372
19.48	8.678651
19.5	8.681127
19.52	8.683812
19.54	8.689801
19.56	8.69311
19.58	8.696636
19.6	8.700374
19.62	8.704336
19.64	8.708512
19.66	8.712919
19.68	8.717545
19.7	8.722076
19.72	8.714252
19.74	8.718764
19.76	8.744122
19.78	8.725166
19.8	8.752751
19.82	8.709753
19.84	8.740592
19.86	8.725035
19.88	8.656935
19.9	8.658376
19.92	8.657521
19.94	8.656269
19.96	8.655141
19.98	8.654063
20	8.653214
20.02	8.652474
20.04	8.651877
20.06	8.651282
20.08	8.651189
20.1	8.65135
20.12	8.650482
20.14	8.64741
20.16	8.644045
20.18	8.640742
20.2	8.637383
20.22	8.630848
20.24	8.627661
20.26	8.623885
20.28	8.620384
20.3	8.617006
20.32	8.613845
20.34	8.610667
20.36	8.606733
20.38	8.599774
20.4	8.596632
20.42	8.593459
20.44	8.589448
20.46	8.585865
20.48	8.582454
20.5	8.579327
20.52	8.576162
20.54	8.568516
20.56	8.565106
20.58	8.561996
20.6	8.558849
20.62	8.554772
20.64	8.551178
20.66	8.547778
20.68	8.541569
20.7	8.537482
20.72	8.533896
20.74	8.530858
20.76	8.527449
20.78	8.523535
20.8	8.519981
20.82	8.513496
20.84	8.50961
20.86	8.506057
20.88	8.502977
20.9	8.499566
20.92	8.495673
20.94	8.492117
20.96	8.489049
20.98	8.481734
21	8.478179
21.02	8.47513
21.04	8.471725
21.06	8.46777
21.08	8.464278
21.1	8.461064
21.12	8.45392
21.14	8.450429
21.16	8.447259
21.18	8.44419
21.2	8.440123
21.22	8.436646
21.24	8.433517
21.26	8.43049
21.28	8.422965
21.3	8.419878
21.32	8.416895
21.34	8.412829
21.36	8.40941
21.38	8.40637
21.4	8.403436
21.42	8.399386
21.44	8.393016
21.46	8.390136
21.48	8.386111
21.5	8.382773
21.52	8.37984
21.54	8.377019
21.56	8.373023
21.58	8.369735
21.6	8.366862
21.62	8.360146
21.64	8.356911
21.66	8.354103
21.68	8.351415
21.7	8.347495
21.72	8.344319
21.74	8.341582
21.76	8.338965
21.78	8.331981
21.8	8.329317
21.82	8.326777
21.84	8.322956
21.86	8.319911
21.88	8.317327
21.9	8.314867
21.92	8.30813
21.94	8.305627
21.96	8.303253
21.98	8.299549
22	8.296653
22.02	8.294236
22.04	8.29195
22.06	8.288312
22.08	8.285496
22.1	8.280974
22.12	8.277406
22.14	8.27244
22.16	8.270341
22.18	8.266847
22.2	8.264203
22.22	8.262065
22.24	8.260064
22.26	8.256649
22.28	8.252057
22.3	8.250158
22.32	8.246824
22.34	8.244366
22.36	8.24243
22.38	8.23959
22.4	8.237184
22.42	8.235193
22.44	8.230266
22.46	8.228291
22.48	8.22579
22.5	8.223562
22.52	8.221639
22.54	8.219222
22.56	8.217068
22.58	8.21521
22.6	8.210785
22.62	8.209
22.64	8.206729
22.66	8.204721
22.68	8.203013
22.7	8.200816
22.72	8.198886
22.74	8.197261
22.76	8.195139
22.78	8.191751
22.8	8.189708
22.82	8.187943
22.84	8.186491
22.86	8.184531
22.88	8.182853
22.9	8.181495
22.92	8.17962
22.94	8.176769
22.96	8.174983
22.98	8.173489
23	8.172324
23.02	8.17063
23.04	8.169232
23.06	8.16817
23.08	8.165274
23.1	8.164315
23.12	8.162814
23.14	8.161619
23.16	8.160769
23.18	8.159369
23.2	8.158279
23.22	8.156244
23.24	8.155263
23.26	8.154636
23.28	8.153448
23.3	8.152578
23.32	8.152068
23.34	8.15099
23.36	8.150234
23.38	8.148875
23.4	8.148237
23.42	8.147966
23.44	8.147116
23.46	8.146597
23.48	8.146449
23.5	8.14532
23.52	8.145298
23.54	8.144686
23.56	8.144413
23.58	8.144521
23.6	8.144032
23.62	8.144123
23.64	8.143759
23.66	8.143742
23.68	8.144113
23.7	8.143877
23.72	8.143991
23.74	8.144497
23.76	8.14439
23.78	8.144637
23.8	8.145307
23.82	8.145689
23.84	8.146471
23.86	8.146631
23.88	8.147151
23.9	8.148074
23.92	8.149029
23.94	8.150095
23.96	8.150529
23.98	8.151329
24	8.15254
24.02	8.153113
24.04	8.154057
24.06	8.155413
24.08	8.156128
24.1	8.158719
24.12	8.159578
24.14	8.160812
24.16	8.162465
24.18	8.163469
24.2	8.16485
24.22	8.166654
24.24	8.167804
24.26	8.171288
24.28	8.172587
24.3	8.174267
24.32	8.176375
24.34	8.177823
24.36	8.179654
24.38	8.181917
24.4	8.185498
24.42	8.187916
24.44	8.189665
24.46	8.191803
24.48	8.194377
24.5	8.196279
24.52	8.198571
24.54	8.203359
24.56	8.205806
24.58	8.208695
24.6	8.210906
24.62	8.213511
24.64	8.216558
24.66	8.218924
24.68	8.224895
24.7	8.227416
24.72	8.230335
24.74	8.233704
24.76	8.236382
24.78	8.23946
24.8	8.24299
24.82	8.249063
24.84	8.252754
24.86	8.255748
24.88	8.259144
24.9	8.262997
24.92	8.269706
24.94	8.27372
24.96	8.277032
24.98	8.280748
25	8.284925
25.02	8.288396
25.04	8.292274
25.06	8.296612
25.08	8.304281
25.1	8.308782
25.12	8.312573
25.14	8.316772
25.16	8.321435
25.18	8.325386
25.2	8.329746
25.22	8.338684
25.24	8.343204
25.26	8.348193
25.28	8.352466
25.3	8.357146
25.32	8.362297
25.34	8.36673
25.36	8.371572
25.38	8.381476
25.4	8.38648
25.42	8.391953
25.44	8.396707
25.46	8.401871
25.48	8.407506
25.5	8.412418
25.52	8.423539
25.54	8.428611
25.56	8.434094
25.58	8.440052
25.6	8.445284
25.62	8.450927
25.64	8.457045
25.66	8.462436
25.68	8.474515
25.7	8.480063
25.72	8.486024
25.74	8.49246
25.76	8.498168
25.78	8.504287
25.8	8.516747
25.82	8.523023
25.84	8.529776
25.86	8.535798
25.88	8.542231
25.9	8.54914
25.92	8.555319
25.94	8.568974
25.96	8.575309
25.98	8.582053
26	8.589275
26.02	8.595766
26.04	8.602665
26.06	8.610043
26.08	8.62374
26.1	8.631272
26.12	8.63807
26.14	8.645276
26.16	8.652961
26.18	8.659912
26.2	8.675108
26.22	8.682212
26.24	8.689722
26.26	8.697711
26.28	8.704966
26.3	8.712626
26.32	8.720766
26.34	8.728171
26.36	8.744269
26.38	8.751825
26.4	8.759785
26.42	8.768221
26.44	8.775926
26.46	8.784033
26.48	8.792617
26.5	8.808722
26.52	8.817452
26.54	8.825452
26.56	8.833852
26.58	8.842727
26.6	8.850872
26.62	8.868435
26.64	8.876725
26.66	8.885412
26.68	8.894576
26.7	8.903008
26.72	8.911839
26.74	8.92972
26.76	8.938691
26.78	8.948137
26.8	8.956854
26.82	8.965966
26.84	8.975552
26.86	8.984409
26.88	8.993661
26.9	9.003385
26.92	9.02177
26.94	9.031631
26.96	9.040767
26.98	9.050293
27	9.060289
27.02	9.069562
27.04	9.079223
27.06	9.098763
27.08	9.10856
27.1	9.118825
27.12	9.128367
27.14	9.138297
27.16	9.148696
27.18	9.158372
27.2	9.168433
27.22	9.188771
27.24	9.198963
27.26	9.209622
27.28	9.219563
27.3	9.229884
27.32	9.240672
27.34	9.250741
27.36	9.272106
27.38	9.282305
27.4	9.292883
27.42	9.303924
27.44	9.31425
27.46	9.324954
27.48	9.33612
27.5	9.346573
27.52	9.357401
27.54	9.379268
27.56	9.39022
27.58	9.401631
27.6	9.423407
27.62	9.43494
27.64	9.445765
27.66	9.45696
27.68	9.468612
27.7	9.479558
27.72	9.490872
27.74	9.513709
27.76	9.525143
27.78	9.537031
27.8	9.548216
27.82	9.559766
27.84	9.57177
27.86	9.594739
27.88	9.606858
27.9	9.618278
27.92	9.630058
27.94	9.64229
27.96	9.653825
27.98	9.66572
28	9.678065
28.02	9.70172
28.04	9.714176
28.06	9.725937
28.08	9.738055
28.1	9.750621
28.12	9.762493
28.14	9.774721
28.16	9.787395
28.18	9.799378
28.2	9.824496
28.22	9.836589
28.24	9.849033
28.26	9.86192
28.28	9.874121
28.3	9.886671
28.32	9.899663
28.34	9.91197
28.36	9.924625
28.38	9.950135
28.4	9.962893
28.42	9.976092
28.44	9.988609
28.46	10.00147
28.48	10.01477
28.5	10.02739
28.52	10.04035
28.54	10.06648
28.56	10.07954
28.58	10.09304
28.6	10.10586
28.62	10.11902
28.64	10.13262
28.66	10.14554
28.68	10.1588
28.7	10.18552
28.72	10.19888
28.74	10.21266
28.76	10.22578
28.78	10.23924
28.8	10.25312
28.82	10.26633
28.84	10.27988
28.86	10.30717
28.88	10.32081
28.9	10.33487
28.92	10.34828
28.94	10.36201
28.96	10.37617
28.98	10.38967
29	10.40349
29.02	10.43133
29.04	10.44524
29.06	10.45958
29.08	10.47326
29.1	10.48726
29.12	10.50169
29.14	10.51546
29.16	10.52955
29.18	10.55792
29.2	10.5721
29.22	10.58669
29.24	10.60064
29.26	10.61478
29.28	10.6294
29.3	10.64347
29.32	10.65782
29.34	10.6867
29.36	10.70074
29.38	10.71542
29.4	10.72967
29.42	10.74416
29.44	10.75905
29.46	10.77327
29.48	10.78782
29.5	10.80275
29.52	10.83172
29.54	10.84676
29.56	10.86117
29.58	10.87588
29.6	10.89099
29.62	10.90548
29.64	10.92027
29.66	10.93547
29.68	10.96491
29.7	10.98018
29.72	10.99482
29.74	11.00977
29.76	11.02512
29.78	11.03985
29.8	11.05487
29.82	11.07029
29.84	11.1002
29.86	11.1157
29.88	11.13058
29.9	11.14575
29.92	11.16132
29.94	11.17628
29.96	11.19153
29.98	11.2222
30	11.23752
30.02	11.25324
30.04	11.26834
30.06	11.28374
30.08	11.29953
30.1	11.33017
30.12	11.34602
30.14	11.36127
30.16	11.37681
30.18	11.39274
30.2	11.40806
30.22	11.42366
30.24	11.45504
30.26	11.47072
30.28	11.48678
30.3	11.50224
30.32	11.51798
30.34	11.53411
30.36	11.54964
30.38	11.56545
30.4	11.59723
30.42	11.61311
30.44	11.62937
30.46	11.64503
30.48	11.66097
30.5	11.67729
30.52	11.69302
30.54	11.72541
30.56	11.7412
30.58	11.75727
30.6	11.77372
30.62	11.78957
30.64	11.80571
30.66	11.80944
30.68	11.80343
30.7	11.79623
30.72	11.76543
30.74	11.77277
30.76	11.74853
30.78	11.75162
30.8	11.74018
30.82	11.73775
30.84	11.73407
30.86	11.72932
30.88	11.71595
30.9	11.72567
30.92	11.7068
30.94	11.5381
30.96	11.53019
30.98	11.69165
31	11.54502
31.02	11.54148
31.04	11.53747
31.06	11.53368
31.08	11.53022
31.1	11.52708
31.12	11.52431
31.14	11.51989
31.16	11.51818
31.18	11.51684
31.2	11.51588
31.22	11.51528
31.24	11.51505
31.26	11.51518
31.28	11.51655
31.3	11.51779
31.32	11.51933
31.34	11.52123
31.36	11.52351
31.38	11.52614
31.4	11.53126
31.42	11.53103
31.44	11.53043
31.46	11.5298
31.48	11.52923
31.5	11.52875
31.52	11.75045
31.54	11.79486
31.56	11.74092
31.58	11.73034
31.6	11.74745
31.62	11.74847
31.64	11.72721
31.66	11.70581
31.68	11.68288
31.7	11.65842
31.72	11.63245
31.74	11.60498
31.76	11.57603
31.78	11.51378
31.8	11.48053
31.82	11.44591
31.84	11.40996
31.86	11.37271
31.88	11.33422
31.9	11.29454
31.92	11.21179
31.94	11.16886
31.96	11.12497
31.98	11.08021
32	11.03464
32.02	11.02198
32.04	11.00798
32.06	10.9927
32.08	10.97612
32.1	10.95825
32.12	10.9216
32.14	10.90614
32.16	10.89153
32.18	10.87708
32.2	10.8631
32.22	10.8492
32.24	10.79677
32.26	10.78419
32.28	10.77201
32.3	10.76015
32.32	10.74836
32.34	10.73696
32.36	10.72588
32.38	10.70425
32.4	10.69394
32.42	10.68371
32.44	10.67386
32.46	10.66432
32.48	10.65486
32.5	10.64577
32.52	10.63699
32.54	10.61998
32.56	10.61195
32.58	10.60401
32.6	10.59645
32.62	10.58917
32.64	10.58199
32.66	10.57517
32.68	10.56864
32.7	10.55613
32.72	10.55035
32.74	10.54466
32.76	10.53932
32.78	10.53427
32.8	10.52931
32.82	10.52471
32.84	10.52021
32.86	10.51613
32.88	10.51215
32.9	10.50851
32.92	10.50498
32.94	10.50187
32.96	10.49885
32.98	10.49618
33	10.49361
33.02	10.49145
33.04	10.48939
33.06	10.48606
33.08	10.48484
33.1	10.48373
33.12	10.48278
33.14	10.48222
33.16	10.48194
33.18	10.48177
33.2	10.48176
33.22	10.48213
33.24	10.48355
33.26	10.48448
33.28	10.48578
33.3	10.4872
33.32	10.489
33.34	10.49093
33.36	10.49301
33.38	10.49546
33.4	10.49804
33.42	10.50098
33.44	10.50406
33.46	10.50729
33.48	10.51087
33.5	10.51867
33.52	10.52288
33.54	10.52726
33.56	10.53197
33.58	10.53683
33.6	10.54203
33.62	10.54736
33.64	10.55287
33.66	10.55871
33.68	10.56469
33.7	10.571
33.72	10.58409
33.74	10.59104
33.76	10.59815
33.78	10.60557
33.8	10.61314
33.82	10.62089
33.84	10.62894
33.86	10.63716
33.88	10.64568
33.9	10.65437
33.92	10.66323
33.94	10.67246
33.96	10.68189
33.98	10.69144
34	10.70128
34.02	10.71012
34.04	10.71623
34.06	10.72172
34.08	10.72721
34.1	10.73261
34.12	10.73804
34.14	10.74352
34.16	10.75465
34.18	10.76012
34.2	10.76574
34.22	10.77142
34.24	10.77712
34.26	10.78311
34.28	10.78873
34.3	10.79461
34.32	10.80053
34.34	10.80651
34.36	10.8125
34.38	10.81846
34.4	10.82455
34.42	10.83071
34.44	10.83683
34.46	10.84917
34.48	10.85547
34.5	10.86183
34.52	10.86815
34.54	10.87453
34.56	10.88087
34.58	10.88735
34.6	10.89391
34.62	10.90041
34.64	10.90698
34.66	10.9135
34.68	10.92017
34.7	10.9269
34.72	10.93359
34.74	10.94033
34.76	10.95386
34.78	10.96077
34.8	10.96762
34.82	10.97453
34.84	10.98138
34.86	10.98839
34.88	10.99546
34.9	11.00247
34.92	11.00953
34.94	11.01654
34.96	11.0237
34.98	11.03809
35	11.04529
35.02	11.05244
35.04	11.05975
35.06	11.06712
35.08	11.07442
35.1	11.08176
35.12	11.08904
35.14	11.09648
35.16	11.10399
35.18	11.11889
35.2	11.12629
35.22	11.13386
35.24	11.1415
35.26	11.14905
35.28	11.15664
35.3	11.16416
35.32	11.17185
35.34	11.1796
35.36	11.18726
35.38	11.19496
35.4	11.20259
35.42	11.21039
35.44	11.21826
35.46	11.23383
35.48	11.24156
35.5	11.24947
35.52	11.25743
35.54	11.2653
35.56	11.27321
35.58	11.28103
35.6	11.2971
35.62	11.30506
35.64	11.31305
35.66	11.32119
35.68	11.32941
35.7	11.33753
35.72	11.34567
35.74	11.35397
35.76	11.36233
35.78	11.3706
35.8	11.3789
35.82	11.38735
35.84	11.39587
35.86	11.40429
35.88	11.42133
35.9	11.42999
35.92	11.43856
35.94	11.44714
35.96	11.45588
35.98	11.46469
36	11.47339
36.02	11.48212
36.04	11.491
36.06	11.49986
36.08	11.50878
36.1	11.51805
36.12	11.52714
36.14	11.54497
36.16	11.55433
36.18	11.56336
36.2	11.57262
36.22	11.58194
36.24	11.59126
36.26	11.60072
36.28	11.61017
36.3	11.61967
36.32	11.62952
36.34	11.64851
36.36	11.65818
36.38	11.66812
36.4	11.67772
36.42	11.68754
36.44	11.69743
36.46	11.71733
36.48	11.72733
36.5	11.73738
36.52	11.74781
36.54	11.75803
36.56	11.76786
36.58	11.77808
36.6	11.78857
36.62	11.79869
36.64	11.80904
36.66	11.81243
36.68	11.80853
36.7	11.80042
36.72	11.79632
36.74	11.79224
36.76	11.78821
36.78	11.78423
36.8	11.78029
36.82	11.77644
36.84	11.7726
36.86	11.76878
36.88	11.76499
36.9	11.76129
36.92	11.75761
36.94	11.75398
36.96	11.75045
36.98	11.74693
37	11.73996
37.02	11.73646
37.04	11.73303
37.06	11.72966
37.08	11.72632
37.1	11.72314
37.12	11.71991
37.14	11.71673
37.16	11.71351
37.18	11.71036
37.2	11.70422
37.22	11.70121
37.24	11.69824
37.26	11.69542
37.28	11.69252
37.3	11.68967
37.32	11.68685
37.34	11.68407
37.36	11.68135
37.38	11.67866
37.4	11.6734
37.42	11.67085
37.44	11.66842
37.46	11.66597
37.48	11.66355
37.5	11.66116
37.52	11.65882
37.54	11.65645
37.56	11.6518
37.58	11.64956
37.6	11.64737
37.62	11.64521
37.64	11.64317
37.66	11.64113
37.68	11.63907
37.7	11.63506
37.72	11.63311
37.74	11.6312
37.76	11.62934
37.78	11.6275
37.8	11.6257
37.82	11.62394
37.84	11.62222
37.86	11.62054
37.88	11.61891
37.9	11.61741
37.92	11.61584
37.94	11.61431
37.96	11.61282
37.98	11.61135
38	11.60992
38.02	11.60853
38.04	11.60716
38.06	11.60583
38.08	11.60331
38.1	11.6021
38.12	11.60093
38.14	11.59979
38.16	11.59869
38.18	11.59764
38.2	11.59664
38.22	11.59566
38.24	11.59473
38.26	11.59305
38.28	11.59225
38.3	11.59146
38.32	11.5907
38.34	11.58997
38.36	11.58928
38.38	11.58861
38.4	11.58798
38.42	11.58739
38.44	11.58682
38.46	11.58629
38.48	11.5858
38.5	11.58534
38.52	11.58491
38.54	11.58451
38.56	11.74482
38.58	11.77498
38.6	11.8588
38.62	11.82191
38.64	11.5245
38.66	11.75164
38.68	11.45765
38.7	11.42791
38.72	11.68022
38.74	11.30841
38.76	10.75693
38.78	10.50605
38.8	10.70908
38.82	10.76654
38.84	10.77187
38.86	10.77606
38.88	10.77805
38.9	10.77775
38.92	10.77695
38.94	10.77604
38.96	10.77513
38.98	10.77419
39	10.77222
39.02	10.77119
39.04	10.77013
39.06	10.76905
39.08	10.76794
39.1	10.76681
39.12	10.76566
39.14	10.76448
39.16	10.76328
39.18	10.76206
39.2	10.75956
39.22	10.75828
39.24	10.75708
39.26	10.75581
39.28	10.75443
39.3	10.75305
39.32	10.75166
39.34	10.75024
39.36	10.7488
39.38	10.74733
39.4	10.74436
39.42	10.74283
39.44	10.74128
39.46	10.73972
39.48	10.73815
39.5	10.73667
39.52	10.73504
39.54	10.7334
39.56	10.73173
39.58	10.73004
39.6	10.72833
39.62	10.72659
39.64	10.72486
39.66	10.72309
39.68	10.7195
39.7	10.71768
39.72	10.71592
39.74	10.71408
39.76	10.7122
39.78	10.7103
39.8	10.70837
39.82	10.70642
39.84	10.70449
39.86	10.70252
39.88	10.70052
39.9	10.69852
39.92	10.69658
39.94	10.69252
39.96	10.69046
39.98	10.68839
40	10.68623
40.02	10.68399
40.04	10.6818
40.06	10.67959
40.08	10.67737
40.1	10.67524
40.12	10.673
40.14	10.67076
40.16	10.66841
40.18	10.66608
40.2	10.66376
40.22	10.6614
40.24	10.65902
40.26	10.65435
40.28	10.65191
40.3	10.64946
40.32	10.64699
40.34	10.6445
40.36	10.64202
40.38	10.63952
40.4	10.63699
40.42	10.63452
40.44	10.62939
40.46	10.62678
40.48	10.6242
40.5	10.62157
40.52	10.61894
40.54	10.61628
40.56	10.61372
40.58	10.6111
40.6	10.60839
40.62	10.60559
40.64	10.60284
40.66	10.59727
40.68	10.59457
40.7	10.59181
40.72	10.58893
40.74	10.58607
40.76	10.58321
40.78	10.58033
40.8	10.57743
40.82	10.57464
40.84	10.57171
40.86	10.56579
40.88	10.56284
40.9	10.55986
40.92	10.55687
40.94	10.55394
40.96	10.55094
40.98	10.54789
41	10.54483
41.02	10.54182
41.04	10.53877
41.06	10.53577
41.08	10.53274
41.1	10.52969
41.12	10.52332
41.14	10.52014
41.16	10.51705
41.18	10.51394
41.2	10.51074
41.22	10.50747
41.24	10.50422
41.26	10.50096
41.28	10.4978
41.3	10.49452
41.32	10.49123
41.34	10.48795
41.36	10.48464
41.38	10.48132
41.4	10.47807
41.42	10.47474
41.44	10.47138
41.46	10.46806
41.48	10.46131
41.5	10.45806
41.52	10.4547
41.54	10.45122
41.56	10.4478
41.58	10.44435
41.6	10.44099
41.62	10.52173
41.64	10.60367
41.66	10.68634
41.68	10.7695
41.7	10.83706
41.72	10.92834
41.74	10.95045
41.76	11.01425
41.78	11.03277
41.8	11.09413
41.82	11.10879
41.84	11.16742
41.86	11.04701
41.88	11.03089
41.9	10.88861
41.92	10.76347
41.94	10.7427
41.96	10.61664
41.98	10.5942
42	10.46778
42.02	10.44423
42.04	10.39874
42.06	10.35208
42.08	10.30433
42.1	10.29864
42.12	10.25111
42.14	10.22705
42.16	10.21057
42.18	10.19851
42.2	10.19024
42.22	10.18472
42.24	10.39818
42.26	10.63094
42.28	10.88119
42.3	11.14718
42.32	11.42726
42.34	11.71988
42.36	12.0236
42.38	12.15457
42.4	12.22974
42.42	11.90828
42.44	11.93931
42.46	12.0566
42.48	11.98081
42.5	11.78855
42.52	11.89605
42.54	11.69994
42.56	11.80261
42.58	11.60292
42.6	11.70081
42.62	11.61051
42.64	11.48576
42.66	11.45049
42.68	11.35353
42.7	11.31415
42.72	11.21434
42.74	11.17108
42.76	11.02193
42.78	10.51487
42.8	10.05412
42.82	9.704495
42.84	9.914542
42.86	9.954504
42.88	9.958165
42.9	9.954537
42.92	9.94953
42.94	9.944302
42.96	9.939095
42.98	9.933978
43	9.928936
43.02	9.919121
43.04	9.914344
43.06	9.909653
43.08	9.905069
43.1	9.900566
43.12	9.896151
43.14	9.891844
43.16	9.887621
43.18	9.883488
43.2	9.879467
43.22	9.875531
43.24	9.867959
43.26	9.864317
43.28	9.860769
43.3	9.857341
43.32	9.854
43.34	9.850758
43.36	9.847635
43.38	9.844599
43.4	9.841684
43.42	9.836155
43.44	9.833543
43.46	9.831056
43.48	9.828659
43.5	9.82639
43.52	9.824213
43.54	9.822165
43.56	9.818389
43.58	9.816663
43.6	9.815067
43.62	9.813571
43.64	9.812208
43.66	9.810945
43.68	9.809816
43.7	9.808789
43.72	9.807885
43.74	9.807097
43.76	9.804422
43.78	9.80173
43.8	9.799259
43.82	9.796714
43.84	9.794224
43.86	9.791737
43.88	9.789286
43.9	9.786906
43.92	9.78456
43.94	9.780025
43.96	9.777828
43.98	9.775671
44	9.773589
44.02	9.771541
44.04	9.769529
44.06	9.767596
44.08	9.765695
44.1	9.76383
44.12	9.760291
44.14	9.758574
44.16	9.756936
44.18	9.75533
44.2	9.753733
44.22	9.752241
44.24	9.749308
44.26	9.747958
44.28	9.745304
44.3	9.744095
44.32	9.742914
44.34	9.741726
44.36	9.740661
44.38	9.739626
44.4	9.738583
44.42	9.73678
44.44	9.735888
44.46	9.735123
44.48	9.73439
44.5	9.733653
44.52	9.733044
44.54	9.732469
44.56	9.73189
44.58	9.731443
44.6	9.730634
44.62	9.730299
44.64	9.730052
44.66	9.729832
44.68	9.729695
44.7	9.72959
44.72	9.729568
44.74	9.72958
44.76	9.729674
44.78	9.730018
44.8	9.730268
44.82	9.730601
44.84	9.730975
44.86	9.73143
44.88	9.73193
44.9	9.732509
44.92	9.733134
44.94	9.733838
44.96	9.734594
44.98	9.735427
45	9.736314
45.02	9.738296
45.04	9.739389
45.06	9.740576
45.08	9.741809
45.1	9.74309
45.12	9.744461
45.14	9.74588
45.16	9.747391
45.18	9.750601
45.2	9.752299
45.22	9.754093
45.24	9.755936
45.26	9.757873
45.28	9.759859
45.3	9.761942
45.32	9.764076
45.34	9.766306
45.36	9.770968
45.38	9.7734
45.4	9.775932
45.42	9.778516
45.44	9.7812
45.46	9.783937
45.48	9.786777
45.5	9.78967
45.52	9.792666
45.54	9.795716
45.56	9.798871
45.58	9.802079
45.6	9.805394
45.62	9.808764
45.64	9.812241
45.66	9.819412
45.68	9.823108
45.7	9.826913
45.72	9.830774
45.74	9.834746
45.76	9.838775
45.78	9.842916
45.8	9.851422
45.82	9.855791
45.84	9.860272
45.86	9.864813
45.88	9.869468
45.9	9.874181
45.92	9.87901
45.94	9.8839
45.96	9.888905
45.98	9.89397
46	9.899154
46.02	9.90976
46.04	9.915183
46.06	9.920726
46.08	9.926331
46.1	9.932055
46.12	9.937842
46.14	9.94375
46.16	9.949721
46.18	9.955814
46.2	9.96197
46.22	9.968248
46.24	9.974591
46.26	9.981058
46.28	9.994243
46.3	10.00096
46.32	10.00781
46.34	10.01472
46.36	10.02175
46.38	10.02885
46.4	10.03608
46.42	10.04338
46.44	10.0508
46.46	10.05829
46.48	10.0659
46.5	10.07359
46.52	10.0814
46.54	10.08928
46.56	10.10537
46.58	10.11357
46.6	10.12185
46.62	10.13025
46.64	10.13873
46.66	10.14734
46.68	10.15601
46.7	10.16482
46.72	10.17369
46.74	10.1827
46.76	10.19178
46.78	10.20099
46.8	10.21027
46.82	10.21969
46.84	10.2388
46.86	10.24848
46.88	10.25831
46.9	10.26821
46.92	10.27824
46.94	10.28834
46.96	10.29858
46.98	10.30889
47	10.31933
47.02	10.32985
47.04	10.3405
47.06	10.35123
47.08	10.36209
47.1	10.3841
47.12	10.39524
47.14	10.40653
47.16	10.41788
47.18	10.42938
47.2	10.44094
47.22	10.46442
47.24	10.47634
47.26	10.48833
47.28	10.50045
47.3	10.51265
47.32	10.525
47.34	10.53741
47.36	10.54996
47.38	10.56259
47.4	10.57536
47.42	10.58819
47.44	10.61423
47.46	10.62742
47.48	10.64069
47.5	10.6541
47.52	10.66758
47.54	10.68121
47.56	10.70874
47.58	10.72265
47.6	10.73671
47.62	10.75083
47.64	10.7651
47.66	10.77944
47.68	10.79392
47.7	10.80848
47.72	10.82318
47.74	10.85286
47.76	10.86785
47.78	10.88298
47.8	10.89818
47.82	10.91352
47.84	10.92894
47.86	10.96013
47.88	10.97591
47.9	10.99175
47.92	11.00774
47.94	11.0238
47.96	11.04001
47.98	11.05629
48	11.07271
48.02	11.10584
48.04	11.12254
48.06	11.13939
48.08	11.15631
48.1	11.17338
48.12	11.19051
48.14	11.20779
48.16	11.24263
48.18	11.26019
48.2	11.2779
48.22	11.29567
48.24	11.31359
48.26	11.33158
48.28	11.34971
48.3	11.36791
48.32	11.38626
48.34	11.40467
48.36	11.42323
48.38	11.44185
48.4	11.46062
48.42	11.49844
48.44	11.51748
48.46	11.53667
48.48	11.55593
48.5	11.57533
48.52	11.5948
48.54	11.61441
48.56	11.63409
48.58	11.67379
48.6	11.69383
48.62	11.71392
48.64	11.73416
48.66	11.75446
48.68	11.77491
48.7	11.79541
48.72	11.81607
48.74	11.80164
48.76	11.79503
48.78	11.78857
48.8	11.78253
48.82	11.77639
48.84	11.76941
48.86	11.76299
48.88	11.75679
48.9	11.7507
48.92	11.73919
48.94	11.73275
48.96	11.72679
48.98	11.72092
49	11.71521
49.02	11.70428
49.04	11.69828
49.06	11.69267
49.08	11.68714
49.1	11.68175
49.12	11.67659
49.14	11.67139
49.16	11.65356
49.18	11.63631
49.2	11.62907
49.22	11.633
49.24	11.59764
49.26	11.64063
49.28	11.46592
49.3	11.29504
49.32	11.20619
49.34	11.04269
49.36	10.95842
49.38	10.86631
49.4	10.85829
49.42	10.87398
49.44	10.86471
49.46	10.89701
49.48	10.88046
49.5	10.91197
49.52	10.88512
49.54	10.916
49.56	10.88831
49.58	10.91859
49.6	10.89197
49.62	10.89647
49.64	10.90559
49