0.02	10.82442
0.04	12.2187
0.06	12.35396
0.08	12.32397
0.1	12.25106
0.12	12.35239
0.14	12.44668
0.16	12.54028
0.18	12.63763
0.2	12.74564
0.22	12.86246
0.24	12.98627
0.26	13.11596
0.28	13.3902
0.3	13.53371
0.32	13.68086
0.34	13.72508
0.36	13.84299
0.38	13.97153
0.4	14.10627
0.42	14.24674
0.44	14.38085
0.46	14.38165
0.48	14.38784
0.5	14.38185
0.52	14.37726
0.54	14.52817
0.56	14.57432
0.58	14.58077
0.6	14.57428
0.62	14.56898
0.64	14.56526
0.66	14.56443
0.68	14.55097
0.7	14.54658
0.72	14.53856
0.74	14.53289
0.76	14.52947
0.78	13.96406
0.8	13.21838
0.82	13.44303
0.84	12.71528
0.86	12.93283
0.88	12.22559
0.9	12.43557
0.92	11.75322
0.94	11.95519
0.96	11.30007
0.98	11.48845
1	10.86556
1.02	10.45988
1.04	10.62287
1.06	10.09551
1.08	10.2474
1.1	9.892058
1.12	10.19149
1.14	9.943953
1.16	10.25987
1.18	9.903798
1.2	10.22478
1.22	9.850152
1.24	10.17404
1.26	9.795991
1.28	9.744502
1.3	9.964846
1.32	9.691173
1.34	9.916706
1.36	9.636074
1.38	9.865973
1.4	9.579354
1.42	9.812818
1.44	9.521247
1.46	9.799391
1.48	9.46193
1.5	9.742245
1.52	9.40195
1.54	9.683558
1.56	9.341797
1.58	9.623834
1.6	9.282056
1.62	9.223409
1.64	9.574857
1.66	9.16573
1.68	9.512541
1.7	9.165501
1.72	9.508847
1.74	9.129407
1.76	9.447172
1.78	9.034956
1.8	9.366861
1.82	8.944884
1.84	9.30048
1.86	8.905914
1.88	9.266376
1.9	8.87657
1.92	8.848549
1.94	9.211459
1.96	8.820947
1.98	9.185083
2	8.793518
2.02	9.152148
2.04	8.816754
2.06	9.172183
2.08	8.852072
2.1	9.205162
2.12	8.890882
2.14	9.261556
2.16	8.856161
2.18	9.230588
2.2	9.181312
2.22	8.749138
2.24	9.127969
2.26	8.692556
2.28	9.073461
2.3	8.635379
2.32	9.018397
2.34	8.577745
2.36	8.962929
2.38	8.519713
2.4	8.907113
2.42	8.850991
2.44	8.402611
2.46	8.794603
2.48	8.343621
2.5	8.737988
2.52	8.284394
2.54	8.68119
2.56	8.224976
2.58	8.623663
2.6	8.165411
2.62	8.566645
2.64	8.105749
2.66	8.046041
2.68	8.452524
2.7	7.986342
2.72	8.395523
2.74	7.926706
2.76	8.339139
2.78	7.867192
2.8	8.2824
2.82	7.807861
2.84	8.225889
2.86	7.748779
2.88	7.690012
2.9	8.113802
2.92	7.631629
2.94	8.058357
2.96	7.573705
2.98	8.003404
3	7.516314
3.02	7.949015
3.04	7.459538
3.06	7.895266
3.08	7.842235
3.1	7.348159
3.12	7.790003
3.14	7.293732
3.16	7.738655
3.18	7.240269
3.2	7.688277
3.22	7.187867
3.24	7.638959
3.26	7.136624
3.28	7.590795
3.3	7.086644
3.32	7.543878
3.34	7.498308
3.36	6.990898
3.38	7.454185
3.4	6.945354
3.42	7.411612
3.44	6.901514
3.46	7.370695
3.48	6.859497
3.5	7.331542
3.52	6.819424
3.54	7.294264
3.56	6.781415
3.58	7.258971
3.6	6.745598
3.62	7.225777
3.64	6.712098
3.66	6.681042
3.68	7.166146
3.7	6.652559
3.72	7.139941
3.74	6.626777
3.76	7.116298
3.78	6.603824
3.8	7.095333
3.82	6.583829
3.84	7.077161
3.86	6.566918
3.88	7.061898
3.9	6.553216
3.92	7.049656
3.94	6.542843
3.96	7.040545
3.98	6.535921
4	7.034677
4.02	6.532563
4.04	7.032154
4.06	7.033078
4.08	6.536979
4.1	7.037549
4.12	6.544958
4.14	7.045657
4.16	6.556911
4.18	7.057492
4.2	6.572926
4.22	7.073137
4.24	6.593082
4.26	7.092668
4.28	6.617451
4.3	7.116156
4.32	6.646097
4.34	7.143664
4.36	6.680214
4.38	7.178842
4.4	7.20689
4.42	6.754354
4.44	7.247211
4.46	6.801771
4.48	7.295322
4.5	6.849028
4.52	7.334733
4.54	6.900671
4.56	7.386678
4.58	6.959902
4.6	7.023576
4.62	7.50374
4.64	7.091641
4.66	7.568597
4.68	7.164076
4.7	7.637645
4.72	7.710875
4.74	7.321957
4.76	7.78827
4.78	7.407344
4.8	7.869812
4.82	7.496979
4.84	7.955477
4.86	7.590821
4.88	8.045235
4.9	7.688824
4.92	7.790937
4.94	8.236894
4.96	7.897108
4.98	8.338717
5	8.00728
5.02	8.44448
5.04	8.121398
5.06	8.554135
5.08	8.239401
5.1	8.667639
5.12	8.361228
5.14	8.784936
5.16	8.486817
5.18	8.905978
5.2	8.616108
5.22	9.030711
5.24	8.749035
5.26	9.159082
5.28	8.885537
5.3	9.291037
5.32	9.025552
5.34	9.426519
5.36	9.565475
5.38	9.315868
5.4	9.70785
5.42	9.466049
5.44	9.85359
5.46	9.619459
5.48	10.00257
5.5	9.77596
5.52	10.07659
5.54	9.765703
5.56	10.06574
5.58	10.04964
5.6	9.732243
5.62	10.02826
5.64	9.70886
5.66	10.00161
5.68	9.681093
5.7	9.969755
5.72	9.649067
5.74	9.93285
5.76	9.63675
5.78	9.937661
5.8	9.642567
5.82	9.943628
5.84	9.650863
5.86	9.951964
5.88	9.661893
5.9	9.962958
5.92	9.675742
5.94	9.692456
5.96	9.993224
5.98	9.71207
6	10.01258
6.02	9.734617
6.04	10.0348
6.06	9.760128
6.08	10.0599
6.1	9.788632
6.12	10.08793
6.14	9.820154
6.16	10.11332
6.18	9.839818
6.2	10.13036
6.22	9.85994
6.24	10.14974
6.26	9.882365
6.28	10.17144
6.3	10.19512
6.32	9.933321
6.34	10.22081
6.36	9.96187
6.38	10.2485
6.4	9.99249
6.42	10.27822
6.44	10.02519
6.46	10.05999
6.48	10.3438
6.5	10.09689
6.52	10.37968
6.54	10.13591
6.56	10.41764
6.58	10.17706
6.6	10.45769
6.62	10.22034
6.64	10.26576
6.66	10.54408
6.68	10.31333
6.7	10.59043
6.72	10.36305
6.74	10.63891
6.76	10.41492
6.78	10.68949
6.8	10.46894
6.82	10.74221
6.84	10.52511
6.86	10.79704
6.88	10.854
6.9	10.64392
6.92	10.91308
6.94	10.70655
6.96	10.97428
6.98	10.77132
7	11.03759
7.02	10.83822
7.04	11.10302
7.06	10.90726
7.08	11.17056
7.1	10.97842
7.12	11.2402
7.14	11.05169
7.16	11.12708
7.18	11.38577
7.2	11.20455
7.22	11.46167
7.24	11.28411
7.26	11.53965
7.28	11.36575
7.3	11.61968
7.32	11.44945
7.34	11.53519
7.36	11.78589
7.38	11.62297
7.4	11.81771
7.42	11.6099
7.44	11.60319
7.46	11.59549
7.48	11.58784
7.5	11.58093
7.52	11.57414
7.54	11.56765
7.56	11.56194
7.58	11.55636
7.6	11.55108
7.62	11.54659
7.64	11.54222
7.66	11.53816
7.68	11.53488
7.7	11.53174
7.72	11.52889
7.74	11.5249
7.76	11.52327
7.78	11.52243
7.8	11.52172
7.82	11.52131
7.84	11.52168
7.86	11.52219
7.88	11.523
7.9	11.5246
7.92	11.52279
7.94	11.5133
7.96	11.50189
7.98	11.49028
8	11.47879
8.02	11.4674
8.04	11.45576
8.06	11.44463
8.08	11.43355
8.1	11.42214
8.12	11.41136
8.14	11.38949
8.16	11.37903
8.18	11.36859
8.2	11.35782
8.22	11.34754
8.24	11.33757
8.26	11.32785
8.28	11.30757
8.3	11.29814
8.32	11.28891
8.34	11.27891
8.36	11.26956
8.38	11.26062
8.4	11.25185
8.42	11.24234
8.44	11.23346
8.46	11.21664
8.48	11.20763
8.5	11.1992
8.52	11.1913
8.54	11.18318
8.56	11.17473
8.58	11.1667
8.6	11.15147
8.62	11.1435
8.64	11.1359
8.66	11.12855
8.68	11.12151
8.7	11.11455
8.72	11.10705
8.74	11.1
8.76	11.09319
8.78	11.0867
8.8	11.08028
8.82	11.07334
8.84	11.06054
8.86	11.05456
8.88	11.04863
8.9	11.04225
8.92	11.03625
8.94	11.03047
8.96	11.02483
8.98	11.01954
9	11.01427
9.02	11.00847
9.04	11.00314
9.06	10.99794
9.08	10.99292
9.1	10.98821
9.12	11.0035
9.14	10.97378
9.16	11.01779
9.18	10.98964
9.2	11.03848
9.22	11.00975
9.24	11.06065
9.26	11.05871
9.28	11.07058
9.3	11.08634
9.32	11.09993
9.34	11.1164
9.36	11.13048
9.38	11.14737
9.4	11.16185
9.42	11.17911
9.44	11.194
9.46	11.23303
9.48	11.24219
9.5	11.28043
9.52	11.28725
9.54	11.32466
9.56	11.33033
9.58	11.36699
9.6	11.32343
9.62	11.3288
9.64	11.27631
9.66	11.29081
9.68	11.25273
9.7	11.275
9.72	11.26392
9.74	11.23593
9.76	11.24026
9.78	11.19681
9.8	11.16625
9.82	11.1656
9.84	11.16185
9.86	11.1575
9.88	11.15293
9.9	11.14839
9.92	11.14374
9.94	11.13916
9.96	11.13461
9.98	11.12996
10	11.12528
10.02	11.12067
10.04	11.116
10.06	11.11141
10.08	11.10672
10.1	11.10212
10.12	11.09745
10.14	11.09277
10.16	11.08818
10.18	11.07887
10.2	11.07432
10.22	11.06972
10.24	11.06509
10.26	11.0606
10.28	11.05479
10.3	11.0485
10.32	11.04137
10.34	11.03427
10.36	11.01993
10.38	11.01279
10.4	11.00566
10.42	10.99803
10.44	10.99058
10.46	10.98322
10.48	10.976
10.5	10.96874
10.52	10.96081
10.54	10.94568
10.56	10.93836
10.58	10.93099
10.6	10.92287
10.62	10.9151
10.64	10.90748
10.66	10.90007
10.68	10.89199
10.7	10.88419
10.72	10.87638
10.74	10.8688
10.76	10.86064
10.78	10.85272
10.8	10.84478
10.82	10.83706
10.84	10.82877
10.86	10.81266
10.88	10.80482
10.9	10.7964
10.92	10.78823
10.94	10.78005
10.96	10.77211
10.98	10.76357
11	10.75522
11.02	10.74696
11.04	10.73894
11.06	10.73026
11.08	10.72181
11.1	10.71342
11.12	10.70527
11.14	10.68781
11.16	10.67922
11.18	10.67095
11.2	10.66221
11.22	10.645
11.24	10.63627
11.26	10.62738
11.28	10.61865
11.3	10.60997
11.32	10.60163
11.34	10.59278
11.36	10.5841
11.38	10.57549
11.4	10.56713
11.42	10.5581
11.44	10.54931
11.46	10.54062
11.48	10.53221
11.5	10.52307
11.52	10.51419
11.54	10.49697
11.56	10.48774
11.58	10.4788
11.6	10.46993
11.62	10.46132
11.64	10.45215
11.66	10.44317
11.68	10.43429
11.7	10.4257
11.72	10.41637
11.74	10.4073
11.76	10.38976
11.78	10.38034
11.8	10.37122
11.82	10.36224
11.84	10.35361
11.86	10.34413
11.88	10.33497
11.9	10.31733
11.92	10.30767
11.94	10.29847
11.96	10.28938
11.98	10.28107
12	10.27155
12.02	10.26263
12.04	10.2539
12.06	10.24574
12.08	10.2359
12.1	10.22672
12.12	10.2094
12.14	10.19985
12.16	10.19074
12.18	10.18183
12.2	10.17335
12.22	10.16388
12.24	10.15479
12.26	10.14587
12.28	10.13737
12.3	10.12791
12.32	10.10989
12.34	10.10138
12.36	10.09191
12.38	10.08282
12.4	10.07389
12.42	10.06538
12.44	10.04681
12.46	10.03804
12.48	10.02868
12.5	10.01957
12.52	10.01069
12.54	10.00132
12.56	9.992161
12.58	9.983204
12.6	9.973797
12.62	9.964579
12.64	9.95556
12.66	9.946098
12.68	9.936824
12.7	9.918234
12.72	9.908908
12.74	9.899786
12.76	9.890215
12.78	9.88084
12.8	9.871675
12.82	9.862055
12.84	9.852636
12.86	9.843432
12.88	9.833765
12.9	9.824306
12.92	9.815068
12.94	9.805359
12.96	9.795865
12.98	9.786596
13	9.776851
13.02	9.75803
13.04	9.748251
13.06	9.738698
13.08	9.729382
13.1	9.719574
13.12	9.709999
13.14	9.700666
13.16	9.690833
13.18	9.68124
13.2	9.671894
13.22	9.662042
13.24	9.652433
13.26	9.643079
13.28	9.633212
13.3	9.623594
13.32	9.614236
13.34	9.604357
13.36	9.594734
13.38	9.585375
13.4	9.565865
13.42	9.55651
13.44	9.546621
13.46	9.537001
13.48	9.527654
13.5	9.517768
13.52	9.508154
13.54	9.49882
13.56	9.488939
13.58	9.479337
13.6	9.470019
13.62	9.460148
13.64	9.450562
13.66	9.441266
13.68	9.431409
13.7	9.421842
13.72	9.412571
13.74	9.393188
13.76	9.383947
13.78	9.37413
13.8	9.364614
13.82	9.355407
13.84	9.345616
13.86	9.336133
13.88	9.326962
13.9	9.317202
13.92	9.307755
13.94	9.298624
13.96	9.279491
13.98	9.270406
14	9.260719
14.02	9.251355
14.04	9.242319
14.06	9.232675
14.08	9.223359
14.1	9.214375
14.12	9.204778
14.14	9.195513
14.16	9.186586
14.18	9.177039
14.2	9.16783
14.22	9.14947
14.24	9.14032
14.26	9.131517
14.28	9.122082
14.3	9.112994
14.32	9.104259
14.34	9.094886
14.36	9.085864
14.38	9.067892
14.4	9.058941
14.42	9.050352
14.44	9.041112
14.46	9.032235
14.48	9.023725
14.5	9.014557
14.52	9.005756
14.54	8.997328
14.56	8.988236
14.58	8.979517
14.6	8.971174
14.62	8.962162
14.64	8.953526
14.66	8.945272
14.68	8.936343
14.7	8.919633
14.72	8.91079
14.74	8.902332
14.76	8.894267
14.78	8.885513
14.8	8.877149
14.82	8.869183
14.84	8.860521
14.86	8.852254
14.88	8.84439
14.9	8.835825
14.92	8.827659
14.94	8.8199
14.96	8.811434
14.98	8.80337
15	8.795719
15.02	8.787357
15.04	8.7794
15.06	8.77186
15.08	8.755756
15.1	8.74833
15.12	8.740182
15.14	8.732448
15.16	8.725138
15.18	8.717102
15.2	8.709483
15.22	8.702293
15.24	8.694371
15.26	8.686872
15.28	8.679805
15.3	8.672001
15.32	8.664621
15.34	8.657681
15.36	8.649996
15.38	8.642741
15.4	8.635927
15.42	8.628367
15.44	8.621239
15.46	8.614556
15.48	8.607121
15.5	8.600122
15.52	8.593574
15.54	8.586267
15.56	8.572987
15.58	8.565812
15.6	8.559079
15.62	8.552805
15.64	8.545764
15.66	8.539168
15.68	8.533034
15.7	8.526131
15.72	8.519674
15.74	8.506918
15.76	8.500604
15.78	8.494759
15.8	8.488134
15.82	8.481964
15.84	8.476266
15.86	8.469786
15.88	8.463762
15.9	8.458214
15.92	8.446005
15.94	8.440609
15.96	8.434422
15.98	8.428699
16	8.423457
16.02	8.417421
16.04	8.41185
16.06	8.406765
16.08	8.400883
16.1	8.39054
16.12	8.384811
16.14	8.379553
16.16	8.374785
16.18	8.369214
16.2	8.364114
16.22	8.359509
16.24	8.354096
16.26	8.349158
16.28	8.344716
16.3	8.339464
16.32	8.334688
16.34	8.330413
16.36	8.325323
16.38	8.320712
16.4	8.316605
16.42	8.31168
16.44	8.307234
16.46	8.303295
16.48	8.294258
16.5	8.29049
16.52	8.285899
16.54	8.281792
16.56	8.278195
16.58	8.273773
16.6	8.269837
16.62	8.266415
16.64	8.262163
16.66	8.258399
16.68	8.255153
16.7	8.251074
16.72	8.244414
16.74	8.24051
16.76	8.237096
16.78	8.234203
16.8	8.230474
16.82	8.227237
16.84	8.224523
16.86	8.220971
16.88	8.215378
16.9	8.212004
16.92	8.209124
16.94	8.206772
16.96	8.203578
16.98	8.200878
17	8.195694
17.02	8.193177
17.04	8.191192
17.06	8.188358
17.08	8.186024
17.1	8.184222
17.12	8.181573
17.14	8.17942
17.16	8.177805
17.18	8.17534
17.2	8.173373
17.22	8.169662
17.24	8.167881
17.26	8.166639
17.28	8.164543
17.3	8.162949
17.32	8.161894
17.34	8.159985
17.36	8.158578
17.38	8.157712
17.4	8.15599
17.42	8.15477
17.44	8.154093
17.46	8.152559
17.48	8.151041
17.5	8.149695
17.52	8.148853
17.54	8.148558
17.56	8.147401
17.58	8.146749
17.6	8.146643
17.62	8.145677
17.64	8.145214
17.66	8.1453
17.68	8.144252
17.7	8.144529
17.72	8.143945
17.74	8.143863
17.76	8.144333
17.78	8.143939
17.8	8.144049
17.82	8.144711
17.84	8.144508
17.86	8.145663
17.88	8.145653
17.9	8.146146
17.92	8.147192
17.94	8.147374
17.96	8.148059
17.98	8.149298
18	8.149672
18.02	8.150549
18.04	8.151981
18.06	8.152547
18.08	8.153616
18.1	8.155998
18.12	8.157259
18.14	8.159077
18.16	8.160028
18.18	8.16148
18.2	8.16349
18.22	8.164633
18.24	8.166278
18.26	8.16848
18.28	8.169815
18.3	8.171651
18.32	8.175572
18.34	8.177601
18.36	8.180186
18.38	8.181906
18.4	8.184893
18.42	8.186549
18.44	8.189689
18.46	8.200804
18.48	8.186293
18.5	8.183419
18.52	8.178771
18.54	8.17237
18.56	8.164246
18.58	8.170336
18.6	8.13989
18.62	8.223715
18.64	8.128718
18.66	8.118696
18.68	8.24283
18.7	8.237552
18.72	8.230404
18.74	8.221433
18.76	8.226698
18.78	8.233985
18.8	8.242156
18.82	8.251194
18.84	8.26011
18.86	8.269676
18.88	8.279087
18.9	8.289126
18.92	8.299017
18.94	8.309521
18.96	8.319881
18.98	8.330842
19	8.341668
19.02	8.364364
19.04	8.376218
19.06	8.387954
19.08	8.400247
19.1	8.412428
19.12	8.425153
19.14	8.437774
19.16	8.450924
19.18	8.463979
19.2	8.475527
19.22	8.482609
19.24	8.488971
19.26	8.495473
19.28	8.501336
19.3	8.507866
19.32	8.519796
19.34	8.526386
19.36	8.532785
19.38	8.538217
19.4	8.544824
19.42	8.55122
19.44	8.55665
19.46	8.563258
19.48	8.569654
19.5	8.575107
19.52	8.581707
19.54	8.588099
19.56	8.593579
19.58	8.600166
19.6	8.606551
19.62	8.612056
19.64	8.618626
19.66	8.630524
19.68	8.637072
19.7	8.643431
19.72	8.64897
19.74	8.655493
19.76	8.661834
19.78	8.667383
19.8	8.673878
19.82	8.680197
19.84	8.685751
19.86	8.692214
19.88	8.704063
19.9	8.710492
19.92	8.716757
19.94	8.722309
19.96	8.728701
19.98	8.734934
20	8.740479
20.02	8.753028
20.04	8.758561
20.06	8.764871
20.08	8.771031
20.1	8.77655
20.12	8.782814
20.14	8.788935
20.16	8.794435
20.18	8.800652
20.2	8.806729
20.22	8.812207
20.24	8.818374
20.26	8.824408
20.28	8.829861
20.3	8.841961
20.32	8.847385
20.34	8.853195
20.36	8.859261
20.38	8.865448
20.4	8.870529
20.42	8.876179
20.44	8.882176
20.46	8.888246
20.48	8.893146
20.5	8.898661
20.52	8.904544
20.54	8.910476
20.56	8.915259
20.58	8.92065
20.6	8.926401
20.62	8.932189
20.64	8.936882
20.66	8.942154
20.68	8.947766
20.7	8.95341
20.72	8.95802
20.74	8.963175
20.76	8.968649
20.78	8.978715
20.8	8.983694
20.82	8.989177
20.84	8.994274
20.86	8.998843
20.88	9.003732
20.9	9.009052
20.92	9.014037
20.94	9.018538
20.96	9.02332
20.98	9.033256
21	9.038278
21.02	9.042447
21.04	9.047003
21.06	9.051651
21.08	9.056546
21.1	9.06136
21.12	9.06533
21.14	9.069688
21.16	9.074138
21.18	9.078821
21.2	9.083424
21.22	9.087235
21.24	9.091411
21.26	9.09567
21.28	9.100142
21.3	9.104536
21.32	9.108207
21.34	9.116281
21.36	9.120545
21.38	9.12474
21.4	9.128273
21.42	9.132103
21.44	9.135999
21.46	9.139847
21.48	9.143954
21.5	9.147928
21.52	9.151121
21.54	9.154728
21.56	9.158322
21.58	9.161924
21.6	9.165747
21.62	9.169432
21.64	9.172425
21.66	9.139446
21.68	9.151236
21.7	9.148964
21.72	9.152604
21.74	9.154291
21.76	9.162301
21.78	9.179503
21.8	9.198606
21.82	9.21814
21.84	9.257518
21.86	9.268529
21.88	9.272455
21.9	9.262447
21.92	9.250558
21.94	9.239167
21.96	9.228715
21.98	9.219248
22	9.210741
22.02	9.203157
22.04	9.196454
22.06	9.190592
22.08	8.719161
22.1	8.755865
22.12	8.779438
22.14	8.75458
22.16	8.956116
22.18	8.795085
22.2	8.998861
22.22	8.810098
22.24	9.014212
22.26	9.15002
22.28	9.210596
22.3	9.20925
22.32	9.197911
22.34	9.186965
22.36	9.178443
22.38	9.172705
22.4	9.169767
22.42	9.169588
22.44	9.172109
22.46	8.831594
22.48	8.213686
22.5	7.97721
22.52	8.173986
22.54	8.21691
22.56	8.231994
22.58	8.234864
22.6	8.237524
22.62	8.240119
22.64	8.245074
22.66	8.247448
22.68	8.249885
22.7	8.252208
22.72	8.25456
22.74	8.256801
22.76	8.259122
22.78	8.26133
22.8	8.26358
22.82	8.265836
22.84	8.267979
22.86	8.272385
22.88	8.274482
22.9	8.276644
22.92	8.278828
22.94	8.280901
22.96	8.28305
22.98	8.28523
23	8.287301
23.02	8.289459
23.04	8.291657
23.06	8.29375
23.08	8.295941
23.1	8.298182
23.12	8.300321
23.14	8.304877
23.16	8.307087
23.18	8.309455
23.2	8.311727
23.22	8.314166
23.24	8.316513
23.26	8.319036
23.28	8.321586
23.3	8.324206
23.32	8.326858
23.34	8.329588
23.36	8.332355
23.38	8.335208
23.4	8.338104
23.42	8.344134
23.44	8.347275
23.46	8.350471
23.48	8.353777
23.5	8.357145
23.52	8.36063
23.54	8.364184
23.56	8.367864
23.58	8.375507
23.6	8.379478
23.62	8.383592
23.64	8.387794
23.66	8.392148
23.68	8.396598
23.7	8.401208
23.72	8.405922
23.74	8.415796
23.76	8.420966
23.78	8.426256
23.8	8.43173
23.82	8.437332
23.84	8.443129
23.86	8.44906
23.88	8.455194
23.9	8.461473
23.92	8.467962
23.94	8.474604
23.96	8.48849
23.98	8.495742
24	8.503163
24.02	8.510824
24.04	8.518661
24.06	8.526746
24.08	8.535017
24.1	8.543545
24.12	8.552266
24.14	8.561254
24.16	8.561476
24.18	8.556235
24.2	8.553404
24.22	8.550527
24.24	8.547663
24.26	8.544883
24.28	8.542121
24.3	8.538846
24.32	8.535796
24.34	8.532845
24.36	8.530077
24.38	8.527292
24.4	8.523814
24.42	8.517661
24.44	8.514883
24.46	8.512074
24.48	8.508475
24.5	8.505269
24.52	8.502219
24.54	8.499431
24.56	8.496606
24.58	8.492923
24.6	8.489674
24.62	8.483807
24.64	8.480977
24.66	8.477231
24.68	8.473952
24.7	8.470862
24.72	8.468081
24.74	8.465258
24.76	8.461464
24.78	8.458171
24.8	8.455429
24.82	8.452295
24.84	8.448663
24.86	8.445389
24.88	8.439459
24.9	8.435839
24.92	8.432554
24.94	8.429762
24.96	8.426607
24.98	8.422966
25	8.419669
25.02	8.416677
25.04	8.41319
25.06	8.409922
25.08	8.403889
25.1	8.400308
25.12	8.397023
25.14	8.393851
25.16	8.391047
25.18	8.387439
25.2	8.38416
25.22	8.381007
25.24	8.378248
25.26	8.374636
25.28	8.371376
25.3	8.36825
25.32	8.365539
25.34	8.361937
25.36	8.355614
25.38	8.352956
25.4	8.349373
25.42	8.346177
25.44	8.343129
25.46	8.34053
25.48	8.336977
25.5	8.333824
25.52	8.330826
25.54	8.328293
25.56	8.324775
25.58	8.318729
25.6	8.316269
25.62	8.312794
25.64	8.30975
25.66	8.30687
25.68	8.304488
25.7	8.301063
25.72	8.298081
25.74	8.295272
25.76	8.289606
25.78	8.286695
25.8	8.283959
25.82	8.281751
25.84	8.278447
25.86	8.275612
25.88	8.273182
25.9	8.270136
25.92	8.267398
25.94	8.264956
25.96	8.262029
25.98	8.259356
26	8.25409
26.02	8.251476
26.04	8.249118
26.06	8.246321
26.08	8.243765
26.1	8.241468
26.12	8.238729
26.14	8.236234
26.16	8.234006
26.18	8.228896
26.2	8.226742
26.22	8.224124
26.24	8.221766
26.26	8.219691
26.28	8.21714
26.3	8.214859
26.32	8.212868
26.34	8.21039
26.36	8.206285
26.38	8.203885
26.4	8.201768
26.42	8.199959
26.44	8.19764
26.46	8.195613
26.48	8.193902
26.5	8.19167
26.52	8.189736
26.54	8.188128
26.56	8.184154
26.58	8.182652
26.6	8.180607
26.62	8.178877
26.64	8.177485
26.66	8.175542
26.68	8.173919
26.7	8.172644
26.72	8.170805
26.74	8.169293
26.76	8.166409
26.78	8.165013
26.8	8.163982
26.82	8.162366
26.84	8.161091
26.86	8.160187
26.88	8.158689
26.9	8.157538
26.92	8.156767
26.94	8.154367
26.96	8.15373
26.98	8.152478
27	8.151588
27.02	8.151092
27.04	8.14997
27.06	8.149216
27.08	8.148861
27.1	8.147873
27.12	8.147257
27.14	8.147049
27.16	8.146197
27.18	8.145724
27.2	8.145666
27.22	8.144628
27.24	8.144722
27.26	8.144154
27.28	8.143977
27.3	8.144227
27.32	8.143806
27.34	8.143781
27.36	8.144189
27.38	8.143919
27.4	8.14405
27.42	8.14462
27.44	8.144504
27.46	8.144793
27.48	8.145527
27.5	8.146015
27.52	8.146917
27.54	8.147115
27.56	8.147729
27.58	8.148799
27.6	8.149159
27.62	8.149939
27.64	8.151181
27.66	8.152654
27.68	8.15407
27.7	8.15476
27.72	8.15588
27.74	8.157471
27.76	8.158331
27.78	8.159624
27.8	8.162424
27.82	8.163892
27.84	8.165841
27.86	8.167045
27.88	8.168689
27.9	8.170819
27.92	8.172199
27.94	8.174022
27.96	8.176336
27.98	8.177892
28	8.179894
28.02	8.182393
28.04	8.184128
28.06	8.186313
28.08	8.188997
28.1	8.190912
28.12	8.19328
28.14	8.196152
28.16	8.198248
28.18	8.2008
28.2	8.20614
28.22	8.208877
28.24	8.212126
28.26	8.214589
28.28	8.217513
28.3	8.220952
28.32	8.2236
28.34	8.226712
28.36	8.230342
28.38	8.236478
28.4	8.240299
28.42	8.243321
28.44	8.24681
28.46	8.250823
28.48	8.257712
28.5	8.261918
28.52	8.265317
28.54	8.269185
28.56	8.273584
28.58	8.277172
28.6	8.281232
28.62	8.285824
28.64	8.2896
28.66	8.293852
28.68	8.298636
28.7	8.302604
28.72	8.307045
28.74	8.312023
28.76	8.316181
28.78	8.325986
28.8	8.330334
28.82	8.335158
28.84	8.340523
28.86	8.345061
28.88	8.350077
28.9	8.355044
28.92	8.360405
28.94	8.36552
28.96	8.371036
28.98	8.393392
29	8.395356
29.02	8.374837
29.04	8.372252
29.06	8.367764
29.08	8.353204
29.1	8.343203
29.12	8.331442
29.14	8.341618
29.16	8.431268
29.18	8.456087
29.2	8.46537
29.22	8.457253
29.24	8.456842
29.26	8.454431
29.28	8.450047
29.3	8.435496
29.32	8.425407
29.34	8.413503
29.36	8.399833
29.38	8.412446
29.4	8.423099
29.42	8.43337
29.44	8.443897
29.46	8.465382
29.48	8.476336
29.5	8.487532
29.52	8.498818
29.54	8.510348
29.56	8.521971
29.58	8.533835
29.6	8.545794
29.62	8.557995
29.64	8.570291
29.66	8.58283
29.68	8.595466
29.7	8.608344
29.72	8.621319
29.74	8.634539
29.76	8.647855
29.78	8.661415
29.8	8.675074
29.82	8.688977
29.84	8.702979
29.86	8.717227
29.88	8.731574
29.9	8.746166
29.92	8.760859
29.94	8.790835
29.96	8.80612
29.98	8.821507
30	8.837138
30.02	8.852873
30.04	8.868853
30.06	8.884936
30.08	8.901265
30.1	8.917698
30.12	8.934377
30.14	8.951159
30.16	8.968188
30.18	8.985322
30.2	9.002702
30.22	9.020186
30.24	9.037917
30.26	9.073836
30.28	9.092025
30.3	9.110459
30.32	9.129001
30.34	9.147787
30.36	9.166681
30.38	9.185821
30.4	9.205069
30.42	9.224561
30.44	9.244161
30.46	9.264007
30.48	9.281531
30.5	9.296455
30.52	9.310335
30.54	9.324262
30.56	9.349362
30.58	9.377289
30.6	9.40638
30.62	9.436297
30.64	9.466972
30.66	9.530513
30.68	9.563357
30.7	9.568357
30.72	9.599127
30.74	9.5998
30.76	9.613759
30.78	9.612659
30.8	9.62574
30.82	9.626006
30.84	9.62266
30.86	9.618129
30.88	9.611742
30.9	9.603539
30.92	9.593567
30.94	9.609161
30.96	9.625941
30.98	9.639642
31	9.653061
31.02	9.666079
31.04	9.678921
31.06	9.691989
31.08	9.704772
31.1	9.717402
31.12	9.742799
31.14	9.755208
31.16	9.767802
31.18	9.780129
31.2	9.792306
31.22	9.804646
31.24	9.816729
31.26	9.828661
31.28	9.852564
31.3	9.864243
31.32	9.876044
31.34	9.887606
31.36	9.89902
31.38	9.910539
31.4	9.921826
31.42	9.932969
31.44	9.944196
31.46	9.955201
31.48	9.966062
31.5	9.976991
31.52	9.987705
31.54	10.00895
31.56	10.01946
31.58	10.02978
31.6	10.04013
31.62	10.05021
31.64	10.06031
31.66	10.07022
31.68	10.08013
31.7	10.0898
31.72	10.09948
31.74	10.10911
31.76	10.11851
31.78	10.137
31.8	10.14618
31.82	10.15516
31.84	10.16409
31.86	10.17282
31.88	10.1815
31.9	10.19011
31.92	10.19854
31.94	10.20691
31.96	10.21547
31.98	10.22475
32	10.2432
32.02	10.25234
32.04	10.26122
32.06	10.27012
32.08	10.27895
32.1	10.2876
32.12	10.29611
32.14	10.30452
32.16	10.31283
32.18	10.32151
32.2	10.32983
32.22	10.33767
32.24	10.34577
32.26	10.35402
32.28	10.36176
32.3	10.37745
32.32	10.38546
32.34	10.39259
32.36	10.39992
32.38	10.4072
32.4	10.4147
32.42	10.42174
32.44	10.42892
32.46	10.43599
32.48	10.44321
32.5	10.44989
32.52	10.45673
32.54	10.47014
32.56	10.47699
32.58	10.48313
32.6	10.48949
32.62	10.49577
32.64	10.50197
32.66	10.50836
32.68	10.51406
32.7	10.51997
32.72	10.53156
32.74	10.53749
32.76	10.54278
32.78	10.54827
32.8	10.55368
32.82	10.55901
32.84	10.56425
32.86	10.56967
32.88	10.57438
32.9	10.5793
32.92	10.5842
32.94	10.58897
32.96	10.59365
32.98	10.62312
33	10.60848
33.02	10.61052
33.04	10.5969
33.06	10.59524
33.08	10.5874
33.1	10.58279
33.12	10.58077
33.14	10.55881
33.16	10.56057
33.18	10.53384
33.2	10.51267
33.22	10.5189
33.24	10.48279
33.26	10.48507
33.28	10.44437
33.3	10.44282
33.32	10.23853
33.34	10.2452
33.36	10.23629
33.38	10.22278
33.4	10.2069
33.42	10.18913
33.44	10.16961
33.46	10.39852
33.48	10.18996
33.5	10.42399
33.52	10.3475
33.54	10.29817
33.56	10.33005
33.58	10.29168
33.6	10.35291
33.62	10.3555
33.64	10.30409
33.66	10.35637
33.68	10.30486
33.7	10.42293
33.72	10.55889
33.74	10.62249
33.76	10.60708
33.78	10.62152
33.8	10.6061
33.82	10.6176
33.84	10.61141
33.86	10.62155
33.88	10.62472
33.9	10.44437
33.92	10.26748
33.94	10.0947
33.96	9.926745
33.98	9.764346
34	9.642522
34.02	9.651251
34.04	9.632163
34.06	9.610572
34.08	9.775531
34.1	9.947721
34.12	10.12629
34.14	10.31042
34.16	10.48266
34.18	10.50479
34.2	10.52599
34.22	10.54931
34.24	10.5753
34.26	10.34846
34.28	10.12627
34.3	9.909554
34.32	9.699214
34.34	9.496223
34.36	9.152203
34.38	9.213318
34.4	9.226337
34.42	9.229566
34.44	9.230967
34.46	9.231974
34.48	9.232921
34.5	9.23401
34.52	9.235194
34.54	9.236374
34.56	9.237677
34.58	9.240443
34.6	9.241904
34.62	9.243493
34.64	9.245081
34.66	9.246837
34.68	9.24859
34.7	9.250473
34.72	9.252357
34.74	9.254414
34.76	9.256468
34.78	9.260847
34.8	9.263216
34.82	9.265582
34.84	9.268087
34.86	9.270697
34.88	9.273304
34.9	9.276054
34.92	9.278911
34.94	9.281765
34.96	9.284765
34.98	9.287875
35	9.294241
35.02	9.297611
35.04	9.30098
35.06	9.3045
35.08	9.308136
35.1	9.31177
35.12	9.315561
35.14	9.31947
35.16	9.323379
35.18	9.327446
35.2	9.331634
35.22	9.335821
35.24	9.340172
35.26	9.344646
35.28	9.34912
35.3	9.353762
35.32	9.358527
35.34	9.363296
35.36	9.368234
35.38	9.378369
35.4	9.383611
35.42	9.388984
35.44	9.394361
35.46	9.399913
35.48	9.4056
35.5	9.41129
35.52	9.417161
35.54	9.423167
35.56	9.435376
35.58	9.441711
35.6	9.448052
35.62	9.45458
35.64	9.461249
35.66	9.467927
35.68	9.474793
35.7	9.481806
35.72	9.488827
35.74	9.496039
35.76	9.503401
35.78	9.510773
35.8	9.51837
35.82	9.52598
35.84	9.533816
35.86	9.541668
35.88	9.557843
35.9	9.56617
35.92	9.574512
35.94	9.583089
35.96	9.591681
35.98	9.600512
36	9.609357
36.02	9.618443
36.04	9.627639
36.06	9.636984
36.08	9.646441
36.1	9.656048
36.12	9.665636
36.14	9.675509
36.16	9.695638
36.18	9.705894
36.2	9.71622
36.22	9.726559
36.24	9.737249
36.26	9.748056
36.28	9.759021
36.3	9.78135
36.32	9.792717
36.34	9.804246
36.36	9.815897
36.38	9.827713
36.4	9.839652
36.42	9.851757
36.44	9.863988
36.46	9.876386
36.48	9.89774
36.5	9.867522
36.52	9.847701
36.54	9.828827
36.56	9.852664
36.58	9.842867
36.6	9.840928
36.62	9.840309
36.64	9.839978
36.66	9.839732
36.68	9.839536
36.7	9.839934
36.72	9.824003
36.74	9.815775
36.76	9.80806
36.78	9.800885
36.8	9.794237
36.82	9.788092
36.84	9.627
36.86	9.648947
36.88	9.654678
36.9	9.657281
36.92	9.659389
36.94	9.66153
36.96	9.66381
36.98	9.666249
37	9.668853
37.02	9.671621
37.04	9.677652
37.06	9.680914
37.08	9.684341
37.1	9.687934
37.12	9.691691
37.14	9.695614
37.16	9.699702
37.18	9.703957
37.2	9.708377
37.22	9.712962
37.24	9.717713
37.26	9.722631
37.28	9.727715
37.3	9.732965
37.32	9.73838
37.34	9.743964
37.36	9.749714
37.38	9.75563
37.4	9.767964
37.42	9.774382
37.44	9.780968
37.46	9.787721
37.48	9.794641
37.5	9.801731
37.52	9.80899
37.54	9.816415
37.56	9.82401
37.58	9.831773
37.6	9.839706
37.62	9.847808
37.64	9.856079
37.66	9.86452
37.68	9.868551
37.7	9.869008
37.72	9.869414
37.74	9.869762
37.76	9.870106
37.78	9.870455
37.8	9.870811
37.82	9.871173
37.84	9.871541
37.86	9.871916
37.88	9.872295
37.9	9.872679
37.92	9.873462
37.94	9.873858
37.96	9.874258
37.98	9.874661
38	9.875066
38.02	9.875472
38.04	9.875881
38.06	9.876289
38.08	9.877105
38.1	9.877512
38.12	9.877917
38.14	9.878319
38.16	9.878717
38.18	9.879112
38.2	9.879502
38.22	9.879887
38.24	9.880266
38.26	9.880636
38.28	9.881093
38.3	9.881509
38.32	9.882327
38.34	9.882745
38.36	9.88317
38.38	9.883603
38.4	9.884043
38.42	9.88443
38.44	9.884868
38.46	9.885315
38.48	9.885766
38.5	9.886222
38.52	9.886681
38.54	9.887608
38.56	9.888073
38.58	9.888539
38.6	9.888831
38.62	9.889271
38.64	9.889745
38.66	9.890232
38.68	9.890727
38.7	9.89123
38.72	9.89174
38.74	9.892256
38.76	9.892778
38.78	9.893307
38.8	9.89384
38.82	9.89492
38.84	9.89545
38.86	9.895994
38.88	9.89654
38.9	9.897087
38.92	9.897634
38.94	9.898179
38.96	9.898723
38.98	9.899263
39	9.8998
39.02	9.900332
39.04	9.900858
39.06	9.901377
39.08	9.901887
39.1	9.902879
39.12	9.903356
39.14	9.903819
39.16	9.904269
39.18	9.904703
39.2	9.90512
39.22	9.905519
39.24	9.9059
39.26	9.90626
39.28	9.906598
39.3	9.906914
39.32	9.907407
39.34	9.907783
39.36	9.908115
39.38	9.908438
39.4	9.908758
39.42	9.909077
39.44	9.909394
39.46	9.909711
39.48	9.910025
39.5	9.910645
39.52	9.91095
39.54	9.91125
39.56	9.911547
39.58	9.911838
39.6	9.912123
39.62	9.912402
39.64	9.912673
39.66	9.912605
39.68	9.91282
39.7	9.913096
39.72	9.913389
39.74	9.913692
39.76	9.914317
39.78	9.91464
39.8	9.91497
39.82	9.915306
39.84	9.915648
39.86	9.915997
39.88	9.916707
39.9	9.91707
39.92	9.917438
39.94	9.917809
39.96	9.918184
39.98	9.918563
40	9.918944
40.02	9.919328
40.04	9.919713
40.06	9.920099
40.08	9.920487
40.1	9.920875
40.12	9.921623
40.14	9.922002
40.16	9.922379
40.18	9.922753
40.2	9.923123
40.22	9.923488
40.24	9.923845
40.26	9.924197
40.28	9.924541
40.3	9.924877
40.32	9.925205
40.34	9.925523
40.36	9.925831
40.38	9.926414
40.4	9.926687
40.42	9.926949
40.44	9.927195
40.46	9.927427
40.48	9.927646
40.5	9.96139
40.52	10.01748
40.54	10.04263
40.56	10.0358
40.58	10.16038
40.6	10.08576
40.62	10.09565
40.64	10.10263
40.66	10.09308
40.68	10.20151
40.7	9.416681
40.72	10.06449
40.74	9.769681
40.76	9.483522
40.78	9.207417
40.8	8.942908
40.82	8.799008
40.84	8.588672
40.86	8.741169
40.88	8.769247
40.9	8.771296
40.92	8.767891
40.94	8.758008
40.96	8.75253
40.98	8.746782
41	8.740774
41.02	8.734505
41.04	8.727977
41.06	8.721189
41.08	8.714145
41.1	8.706842
41.12	8.699283
41.14	8.691465
41.16	8.683392
41.18	8.675063
41.2	8.666479
41.22	8.65764
41.24	8.648546
41.26	8.6392
41.28	8.629601
41.3	8.61975
41.32	8.599292
41.34	8.588688
41.36	8.699898
41.38	8.695755
41.4	8.807005
41.42	8.797854
41.44	8.908494
41.46	8.893867
41.48	9.00332
41.5	9.051064
41.52	9.096893
41.54	9.140704
41.56	9.182399
41.58	9.221884
41.6	9.259074
41.62	9.293886
41.64	9.326244
41.66	9.188553
41.68	9.129821
41.7	9.004237
41.72	8.937468
41.74	8.868106
41.76	8.796206
41.78	8.72182
41.8	8.645011
41.82	8.565845
41.84	8.484396
41.86	8.400741
41.88	8.314965
41.9	8.227163
41.92	8.137437
41.94	8.124599
41.96	8.109205
41.98	8.091206
42	8.070583
42.02	8.047322
42.04	7.998741
42.06	7.976908
42.08	7.955025
42.1	7.932921
42.12	7.910562
42.14	7.887942
42.16	7.865061
42.18	7.841922
42.2	7.818525
42.22	7.770967
42.24	7.746809
42.26	7.722401
42.28	7.697746
42.3	7.672844
42.32	7.6477
42.34	7.622313
42.36	7.596688
42.38	7.570825
42.4	7.544728
42.42	7.518397
42.44	7.491838
42.46	7.465065
42.48	7.410809
42.5	7.383354
42.52	7.355683
42.54	7.327801
42.56	7.299706
42.58	7.271406
42.6	7.242898
42.62	7.214192
42.64	7.185286
42.66	7.156187
42.68	7.126912
42.7	7.097452
42.72	7.067799
42.74	7.007951
42.76	6.977762
42.78	6.947402
42.8	6.916881
42.82	6.886198
42.84	6.855362
42.86	6.824373
42.88	6.793242
42.9	6.761967
42.92	6.730558
42.94	6.699017
42.96	6.667352
42.98	6.635565
43	6.603666
43.02	6.539546
43.04	6.507336
43.06	6.475038
43.08	6.442655
43.1	6.410193
43.12	6.377661
43.14	6.345065
43.16	6.312413
43.18	6.279713
43.2	6.24697
43.22	6.214195
43.24	6.181394
43.26	6.148576
43.28	6.11575
43.3	6.082923
43.32	6.050107
43.34	5.984539
43.36	5.951807
43.38	5.919125
43.4	5.8865
43.42	5.853945
43.44	5.82147
43.46	5.789087
43.48	5.756807
43.5	5.724643
43.52	5.692606
43.54	5.66071
43.56	5.628968
43.58	5.597391
43.6	5.565995
43.62	5.503799
43.64	5.47303
43.66	5.442498
43.68	5.412221
43.7	5.382214
43.72	5.352493
43.74	5.323075
43.76	5.293976
43.78	5.265216
43.8	5.208779
43.82	5.477695
43.84	5.444366
43.86	5.407786
43.88	5.367932
43.9	5.324783
43.92	5.27832
43.94	5.228526
43.96	5.175385
43.98	5.118885
44	5.059012
44.02	4.995759
44.04	4.929115
44.06	4.912474
44.08	4.858812
44.1	4.834188
44.12	4.794425
44.14	5.01769
44.16	4.808474
44.18	5.033964
44.2	4.795528
44.22	5.014139
44.24	4.765467
44.26	4.977142
44.28	4.741894
44.3	4.714835
44.32	4.9807
44.34	4.677567
44.36	4.938234
44.38	4.628505
44.4	4.883763
44.42	4.567569
44.44	4.817244
44.46	4.494747
44.48	4.738692
44.5	4.577439
44.52	4.427117
44.54	4.26811
44.56	4.163367
44.58	4.040447
44.6	3.94363
44.62	3.971312
44.64	4.003995
44.66	4.036697
44.68	4.067944
44.7	4.096112
44.72	4.123127
44.74	4.14767
44.76	4.16962
44.78	4.189088
44.8	4.206194
44.82	4.220736
44.84	4.233817
44.86	4.244494
44.88	4.260309
44.9	4.265431
44.92	4.26864
44.94	4.269941
44.96	4.269861
44.98	4.267459
45	4.263144
45.02	4.25702
45.04	4.248835
45.06	4.238881
45.08	4.227317
45.1	4.197189
45.12	4.179099
45.14	4.159387
45.16	4.137562
45.18	4.112924
45.2	4.087226
45.22	4.059222
45.24	4.032694
45.26	4.007653
45.28	3.985252
45.3	3.967857
45.32	3.956376
45.34	3.946326
45.36	3.934918
45.38	3.933052
45.4	3.931191
45.42	3.93171
45.44	3.928399
45.46	3.928127
45.48	3.921316
45.5	3.91553
45.52	3.907658
45.54	3.900399
45.56	3.891497
45.58	3.882264
45.6	3.872282
45.62	3.86341
45.64	3.847653
45.66	3.840935
45.68	3.836054
45.7	3.829529
45.72	3.826634
45.74	3.821696
45.76	3.816325
45.78	3.808671
45.8	3.799757
45.82	3.788684
45.84	3.776081
45.86	3.762979
45.88	3.748384
45.9	3.732964
45.92	3.715132
45.94	3.702435
45.96	3.675313
45.98	3.656957
46	3.638417
46.02	3.615335
46.04	3.590825
46.06	3.57042
46.08	3.569514
46.1	3.565002
46.12	3.55966
46.14	3.554235
46.16	3.547985
46.18	3.546105
46.2	3.531479
46.22	3.518909
46.24	3.513263
46.26	3.507215
46.28	3.497537
46.3	3.492033
46.32	3.484176
46.34	3.476551
46.36	3.465898
46.38	3.443839
46.4	3.431109
46.42	3.41447
46.44	3.398489
46.46	3.37532
46.48	3.351911
46.5	3.322767
46.52	3.301344
46.54	3.290307
46.56	3.268143
46.58	3.256172
46.6	3.229321
46.62	3.199462
46.64	3.164021
46.66	3.0815
46.68	3.034426
46.7	2.983482
46.72	2.928673
46.74	2.870004
46.76	2.807483
46.78	2.741117
46.8	2.670915
46.82	2.59689
46.84	2.519054
46.86	2.43