0.02	6.760054
0.04	6.684832
0.06	6.607263
0.08	6.510162
0.1	6.401991
0.12	6.285013
0.14	6.160332
0.16	6.561331
0.18	6.018813
0.2	6.437853
0.22	6.301231
0.24	5.701469
0.26	6.151876
0.28	5.526878
0.3	5.990319
0.32	5.342774
0.34	5.817234
0.36	5.150262
0.38	5.633482
0.4	4.950741
0.42	4.745986
0.44	5.238621
0.46	4.644926
0.48	5.245889
0.5	4.724281
0.52	5.32488
0.54	4.774673
0.56	4.853161
0.58	5.459017
0.6	4.968203
0.62	5.570532
0.64	5.119712
0.66	5.714962
0.68	5.305367
0.7	5.890592
0.72	5.52209
0.74	6.095003
0.76	6.325495
0.78	6.035342
0.8	6.579275
0.82	6.325268
0.84	6.853577
0.86	6.542943
0.88	7.062973
0.9	6.748869
0.92	7.259677
0.94	7.459115
0.96	7.171804
0.98	7.663857
1	7.391185
1.02	7.874009
1.04	7.615461
1.06	8.089233
1.08	7.844212
1.1	8.30914
1.12	8.53336
1.14	8.31361
1.16	8.761557
1.18	8.55359
1.2	8.993422
1.22	8.7967
1.24	9.228676
1.26	9.042689
1.28	9.467066
1.3	9.291325
1.32	9.542401
1.34	9.952348
1.36	9.795731
1.38	10.19884
1.4	9.925688
1.42	9.928758
1.44	9.930521
1.46	9.930944
1.48	9.927665
1.5	9.923917
1.52	9.91874
1.54	9.912123
1.56	9.904057
1.58	9.894537
1.6	9.883565
1.62	9.871142
1.64	9.857278
1.66	9.841984
1.68	9.807177
1.7	9.787707
1.72	9.766899
1.74	9.773934
1.76	9.897025
1.78	9.8077
1.8	9.935078
1.82	9.827454
1.84	9.955352
1.86	9.844749
1.88	10.2821
1.9	10.51586
1.92	10.75809
1.94	11.0077
1.96	11.26369
1.98	11.52512
2	11.79115
2.02	12.061
2.04	12.31005
2.06	12.2089
2.08	12.03889
2.1	11.93455
2.12	11.76563
2.14	11.65928
2.16	11.49213
2.18	11.41524
2.2	11.37377
2.22	11.33033
2.24	11.28497
2.26	11.23774
2.28	11.18869
2.3	11.1379
2.32	11.08541
2.34	10.97566
2.36	10.91854
2.38	10.86003
2.4	10.80022
2.42	10.7392
2.44	10.67707
2.46	10.61393
2.48	10.48509
2.5	10.41961
2.52	10.35361
2.54	10.28722
2.56	10.22058
2.58	10.15384
2.6	10.08717
2.62	10.09059
2.64	10.05124
2.66	10.02969
2.68	10.02366
2.7	9.987545
2.72	10.02107
2.74	10.30638
2.76	10.32587
2.78	10.34287
2.8	10.35731
2.82	10.33073
2.84	10.31168
2.86	10.29127
2.88	10.26972
2.9	10.24711
2.92	10.22347
2.94	9.977755
2.96	10.31166
2.98	10.03119
3	10.31931
3.02	10.02478
3.04	10.32013
3.06	10.01257
3.08	10.29863
3.1	9.991046
3.12	9.964199
3.14	10.09724
3.16	9.932347
3.18	10.06015
3.2	9.895878
3.22	10.01816
3.24	9.88438
3.26	9.898705
3.28	9.906592
3.3	9.920503
3.32	9.927812
3.34	9.935505
3.36	9.943553
3.38	9.951971
3.4	9.960789
3.42	9.969966
3.44	9.979518
3.46	9.999784
3.48	10.0105
3.5	10.02158
3.52	10.03305
3.54	10.0449
3.56	10.05713
3.58	10.06976
3.6	10.09618
3.62	10.10998
3.64	10.12417
3.66	10.13875
3.68	10.15373
3.7	10.16911
3.72	10.18488
3.74	10.21762
3.76	10.23459
3.78	10.25197
3.8	10.26974
3.82	10.28792
3.84	10.30651
3.86	10.3255
3.88	10.34491
3.9	10.36471
3.92	10.38493
3.94	10.4266
3.96	10.44806
3.98	10.46993
4	10.49221
4.02	10.51491
4.04	10.53802
4.06	10.56156
4.08	10.58551
4.1	10.63467
4.12	10.65989
4.14	10.68552
4.16	10.71158
4.18	10.73807
4.2	10.76498
4.22	10.80563
4.24	10.81861
4.26	10.83135
4.28	10.84418
4.3	10.85706
4.32	10.87013
4.34	10.88333
4.36	10.89672
4.38	10.91024
4.4	10.92396
4.42	10.95187
4.44	10.96605
4.46	10.98044
4.48	10.99496
4.5	11.00969
4.52	11.02456
4.54	11.03963
4.56	11.05484
4.58	11.08582
4.6	11.10159
4.62	11.1175
4.64	11.13363
4.66	11.1499
4.68	11.16639
4.7	11.18301
4.72	11.19987
4.74	11.23408
4.76	11.25144
4.78	11.26902
4.8	11.28676
4.82	11.30472
4.84	11.32282
4.86	11.34117
4.88	11.35965
4.9	11.39724
4.92	11.41634
4.94	11.43559
4.96	11.45508
4.98	11.47472
5	11.4946
5.02	11.51463
5.04	11.53491
5.06	11.576
5.08	11.59682
5.1	11.61789
5.12	11.66058
5.14	11.6822
5.16	11.7261
5.18	11.74838
5.2	11.77081
5.22	11.7935
5.24	11.81634
5.26	11.83945
5.28	11.86269
5.3	11.88621
5.32	11.87231
5.34	11.86479
5.36	11.85733
5.38	11.84999
5.4	11.84271
5.42	11.83562
5.44	11.82855
5.46	11.82162
5.48	11.80808
5.5	11.80155
5.52	11.79503
5.54	11.78866
5.56	11.78242
5.58	11.77623
5.6	11.77024
5.62	11.76444
5.64	11.75296
5.66	11.74743
5.68	11.74202
5.7	11.73666
5.72	11.73689
5.74	11.7376
5.76	11.74805
5.78	11.74852
5.8	11.74739
5.82	11.74556
5.84	11.74514
5.86	11.74503
5.88	11.74516
5.9	11.7455
5.92	11.74598
5.94	11.67567
5.96	11.55783
5.98	11.55407
6	11.55744
6.02	11.56271
6.04	11.56884
6.06	11.5756
6.08	11.58297
6.1	11.59092
6.12	11.64221
6.14	11.65742
6.16	11.65944
6.18	11.65987
6.2	11.65889
6.22	11.66761
6.24	11.68096
6.26	11.68651
6.28	11.69075
6.3	11.69356
6.32	11.71836
6.34	11.73857
6.36	11.76631
6.38	11.79263
6.4	11.83627
6.42	11.84674
6.44	11.86642
6.46	11.85457
6.48	11.84552
6.5	11.83367
6.52	11.82017
6.54	11.80507
6.56	11.78841
6.58	11.7702
6.6	11.75045
6.62	11.72644
6.64	11.72592
6.66	11.72219
6.68	11.71779
6.7	11.7132
6.72	11.70855
6.74	11.70384
6.76	11.69913
6.78	11.68961
6.8	11.68479
6.82	11.67993
6.84	11.71836
6.86	11.74872
6.88	11.75954
6.9	11.76281
6.92	11.7687
6.94	11.75246
6.96	11.73735
6.98	11.73262
7	11.73775
7.02	11.75023
7.04	11.72619
7.06	11.72919
7.08	11.712
7.1	11.71244
7.12	11.70134
7.14	11.70033
7.16	11.69563
7.18	11.43598
7.2	11.18566
7.22	10.94637
7.24	10.75808
7.26	10.77832
7.28	10.727
7.3	10.90176
7.32	10.64239
7.34	10.90623
7.36	10.99103
7.38	11.07138
7.4	11.14708
7.42	11.21798
7.44	11.2839
7.46	11.40017
7.48	11.45023
7.5	11.48855
7.52	11.51782
7.54	11.41905
7.56	11.32088
7.58	11.22355
7.6	11.12729
7.62	11.03237
7.64	10.8831
7.66	10.9214
7.68	10.92462
7.7	10.92068
7.72	10.91521
7.74	10.90946
7.76	10.90362
7.78	10.89767
7.8	10.88575
7.82	10.87968
7.84	10.87362
7.86	10.86755
7.88	10.86138
7.9	10.85522
7.92	10.84906
7.94	10.84279
7.96	10.8303
7.98	10.82396
8	10.81764
8.02	10.81132
8.04	10.80491
8.06	10.79853
8.08	10.79216
8.1	10.78569
8.12	10.77279
8.14	10.76636
8.16	10.75984
8.18	10.75339
8.2	10.74685
8.22	10.74039
8.24	10.73385
8.26	10.72738
8.28	10.7209
8.3	10.70796
8.32	10.7015
8.34	10.69503
8.36	10.68859
8.38	10.68214
8.4	10.67572
8.42	10.6693
8.44	10.66291
8.46	10.65652
8.48	10.65016
8.5	10.6375
8.52	10.6312
8.54	10.62494
8.56	10.61869
8.58	10.61249
8.6	10.60631
8.62	10.60017
8.64	10.59406
8.66	10.58197
8.68	10.57599
8.7	10.57005
8.72	10.56417
8.74	10.55832
8.76	10.55254
8.78	10.54679
8.8	10.54112
8.82	10.52993
8.84	10.52479
8.86	10.51943
8.88	10.5142
8.9	10.50869
8.92	10.50343
8.94	10.49827
8.96	10.4932
8.98	10.48234
9	10.47688
9.02	10.47162
9.04	10.46629
9.06	10.46094
9.08	10.45562
9.1	10.4503
9.12	10.44463
9.14	10.43361
9.16	10.42813
9.18	10.42284
9.2	10.41752
9.22	10.41155
9.24	10.40588
9.26	10.40031
9.28	10.38948
9.3	10.38429
9.32	10.37827
9.34	10.37272
9.36	10.3673
9.38	10.3621
9.4	10.35673
9.42	10.3514
9.44	10.34495
9.46	10.33364
9.48	10.32838
9.5	10.32299
9.52	10.31753
9.54	10.31116
9.56	10.30542
9.58	10.29982
9.6	10.28913
9.62	10.28294
9.64	10.27715
9.66	10.27151
9.68	10.26608
9.7	10.26057
9.72	10.25443
9.74	10.24861
9.76	10.2429
9.78	10.23178
9.8	10.2256
9.82	10.21971
9.84	10.21393
9.86	10.20832
9.88	10.20267
9.9	10.19642
9.92	10.19045
9.94	10.18461
9.96	10.17323
9.98	10.1669
10	10.16087
10.02	10.15497
10.04	10.14924
10.06	10.14348
10.08	10.13099
10.1	10.12503
10.12	10.11926
10.14	10.11345
10.16	10.10699
10.18	10.10085
10.2	10.09484
10.22	10.08903
10.24	10.07666
10.26	10.07047
10.28	10.06442
10.3	10.05858
10.32	10.0527
10.34	10.04613
10.36	10.0399
10.38	10.03381
10.4	10.02203
10.42	10.01541
10.44	10.00915
10.46	10.00304
10.48	9.997148
10.5	9.991215
10.52	9.984557
10.54	9.978264
10.56	9.966223
10.58	9.960274
10.6	9.953583
10.62	9.947267
10.64	9.935196
10.66	9.929236
10.68	9.922518
10.7	9.916184
10.72	9.910021
10.74	9.904097
10.76	9.898129
10.78	9.89139
10.8	9.885045
10.82	9.878873
10.84	9.866979
10.86	9.860222
10.88	9.853869
10.9	9.847695
10.92	9.841771
10.94	9.835806
10.96	9.82904
10.98	9.822684
11	9.810595
11.02	9.804636
11.04	9.797863
11.06	9.791511
11.08	9.785343
11.1	9.779438
11.12	9.77349
11.14	9.766716
11.16	9.760368
11.18	9.75421
11.2	9.742387
11.22	9.735616
11.24	9.729279
11.26	9.723134
11.28	9.71726
11.3	9.711346
11.32	9.704581
11.34	9.698258
11.36	9.686279
11.38	9.680387
11.4	9.673633
11.42	9.667326
11.44	9.661219
11.46	9.655393
11.48	9.648844
11.5	9.642642
11.52	9.630558
11.54	9.624047
11.56	9.617835
11.58	9.611631
11.6	9.6057
11.62	9.599182
11.64	9.592952
11.66	9.58673
11.68	9.574241
11.7	9.567992
11.72	9.561752
11.74	9.555788
11.76	9.54923
11.78	9.542967
11.8	9.536713
11.82	9.530741
11.84	9.517889
11.86	9.511624
11.88	9.505649
11.9	9.499055
11.92	9.492772
11.94	9.486501
11.96	9.480525
11.98	9.467633
12	9.461357
12.02	9.455385
12.04	9.448772
12.06	9.442484
12.08	9.436209
12.1	9.430243
12.12	9.423626
12.14	9.417341
12.16	9.411022
12.18	9.398459
12.2	9.392114
12.22	9.385876
12.24	9.379936
12.26	9.373318
12.28	9.366971
12.3	9.360735
12.32	9.354809
12.34	9.341842
12.36	9.335613
12.38	9.329701
12.4	9.323079
12.42	9.316742
12.44	9.310524
12.46	9.30463
12.48	9.298014
12.5	9.285483
12.52	9.27961
12.54	9.273002
12.56	9.266691
12.58	9.260505
12.6	9.254654
12.62	9.248058
12.64	9.241765
12.66	9.229775
12.68	9.223196
12.7	9.216925
12.72	9.210782
12.74	9.204988
12.76	9.198426
12.78	9.19218
12.8	9.186063
12.82	9.173762
12.84	9.167542
12.86	9.161455
12.88	9.155727
12.9	9.149215
12.92	9.143025
12.94	9.136971
12.96	9.13128
12.98	9.118638
13	9.112619
13.02	9.10697
13.04	9.100515
13.06	9.094394
13.08	9.088412
13.1	9.082806
13.12	9.070301
13.14	9.06436
13.16	9.058798
13.18	9.052415
13.2	9.046372
13.22	9.040474
13.24	9.034959
13.26	9.028615
13.28	9.016762
13.3	9.011297
13.32	9.004994
13.34	8.999042
13.36	8.993236
13.38	8.987823
13.4	8.981565
13.42	8.975658
13.44	8.964544
13.46	8.958332
13.48	8.952477
13.5	8.946773
13.52	8.94147
13.54	8.935308
13.56	8.929504
13.58	8.918611
13.6	8.912498
13.62	8.906751
13.64	8.901156
13.66	8.895972
13.68	8.889914
13.7	8.884223
13.72	8.878687
13.74	8.867561
13.76	8.861929
13.78	8.856453
13.8	8.851396
13.82	8.845448
13.84	8.839877
13.86	8.834463
13.88	8.829472
13.9	8.818075
13.92	8.812724
13.94	8.8078
13.96	8.801974
13.98	8.79653
14	8.791245
14.02	8.786389
14.04	8.780626
14.06	8.77003
14.08	8.765245
14.1	8.759546
14.12	8.754236
14.14	8.749087
14.16	8.744375
14.18	8.738743
14.2	8.733501
14.22	8.723784
14.24	8.71822
14.26	8.71305
14.28	8.708043
14.3	8.70348
14.32	8.697986
14.34	8.692887
14.36	8.687955
14.38	8.678044
14.4	8.673021
14.42	8.668163
14.44	8.663754
14.46	8.658403
14.48	8.653455
14.5	8.648673
14.52	8.644343
14.54	8.639068
14.56	8.629492
14.58	8.625242
14.6	8.620042
14.62	8.615249
14.64	8.610623
14.66	8.606455
14.68	8.601333
14.7	8.596619
14.72	8.587988
14.74	8.582943
14.76	8.57831
14.78	8.573846
14.8	8.569845
14.82	8.564879
14.84	8.560328
14.86	8.555947
14.88	8.547147
14.9	8.542679
14.92	8.538382
14.94	8.534552
14.96	8.52975
14.98	8.525366
15	8.521153
15.02	8.51741
15.04	8.512691
15.06	8.504266
15.08	8.500611
15.1	8.495977
15.12	8.491765
15.14	8.487725
15.16	8.484159
15.18	8.479611
15.2	8.475487
15.22	8.468059
15.24	8.463596
15.26	8.45956
15.28	8.455697
15.3	8.452312
15.32	8.447938
15.34	8.443991
15.36	8.440217
15.38	8.432639
15.4	8.428782
15.42	8.425099
15.44	8.4219
15.46	8.417704
15.48	8.413939
15.5	8.410347
15.52	8.407241
15.54	8.403134
15.56	8.395963
15.58	8.39295
15.6	8.388935
15.62	8.385356
15.64	8.381949
15.66	8.379032
15.68	8.37511
15.7	8.371624
15.72	8.36549
15.74	8.361661
15.76	8.358269
15.78	8.355052
15.8	8.352327
15.82	8.348592
15.84	8.345295
15.86	8.342174
15.88	8.335905
15.9	8.332705
15.92	8.329679
15.94	8.327149
15.96	8.323603
15.98	8.3205
16	8.317571
16.02	8.31514
16.04	8.308684
16.06	8.305853
16.08	8.30352
16.1	8.300168
16.12	8.297259
16.14	8.294526
16.16	8.292294
16.18	8.286229
16.2	8.283595
16.22	8.281463
16.24	8.278306
16.26	8.275596
16.28	8.27306
16.3	8.271029
16.32	8.26797
16.34	8.262924
16.36	8.260994
16.38	8.258035
16.4	8.255526
16.42	8.25319
16.44	8.251362
16.46	8.248503
16.48	8.246094
16.5	8.242133
16.52	8.239374
16.54	8.237067
16.56	8.234934
16.58	8.23331
16.6	8.230653
16.62	8.228447
16.64	8.226417
16.66	8.22234
16.68	8.220237
16.7	8.218308
16.72	8.216891
16.74	8.214437
16.76	8.212437
16.78	8.21061
16.8	8.209297
16.82	8.205049
16.84	8.203326
16.86	8.202117
16.88	8.199867
16.9	8.198074
16.92	8.196455
16.94	8.195351
16.96	8.193204
16.98	8.19
17	8.189
17.02	8.186957
17.04	8.185373
17.06	8.183962
17.08	8.183066
17.1	8.181129
17.12	8.179649
17.14	8.178343
17.16	8.175719
17.18	8.174344
17.2	8.173142
17.22	8.172459
17.24	8.17073
17.26	8.169459
17.28	8.168363
17.3	8.167785
17.32	8.164996
17.34	8.164005
17.36	8.163533
17.38	8.162015
17.4	8.160956
17.42	8.16007
17.44	8.159705
17.46	8.157339
17.48	8.156559
17.5	8.1563
17.52	8.154992
17.54	8.154146
17.56	8.153472
17.58	8.153319
17.6	8.152118
17.62	8.15081
17.64	8.150764
17.66	8.149669
17.68	8.149035
17.7	8.148574
17.72	8.148635
17.74	8.14712
17.76	8.146765
17.78	8.146932
17.8	8.146049
17.82	8.14563
17.84	8.145381
17.86	8.145655
17.88	8.144879
17.9	8.144424
17.92	8.144806
17.94	8.144137
17.96	8.143932
17.98	8.143896
18	8.144385
18.02	8.143823
18.04	8.143724
18.06	8.144391
18.08	8.143935
18.1	8.143945
18.12	8.144122
18.14	8.144825
18.16	8.144476
18.18	8.144593
18.2	8.144876
18.22	8.145686
18.24	8.145669
18.26	8.146059
18.28	8.146976
18.3	8.146842
18.32	8.147172
18.34	8.14767
18.36	8.148693
18.38	8.148666
18.4	8.149709
18.42	8.150839
18.44	8.150918
18.46	8.151464
18.48	8.152174
18.5	8.153411
18.52	8.153597
18.54	8.155066
18.56	8.15641
18.58	8.156704
18.6	8.157462
18.62	8.158386
18.64	8.159836
18.66	8.160236
18.68	8.161101
18.7	8.163688
18.72	8.164195
18.74	8.165168
18.76	8.166304
18.78	8.167966
18.8	8.16858
18.82	8.169659
18.84	8.172668
18.86	8.173389
18.88	8.174575
18.9	8.175922
18.92	8.177795
18.94	8.178623
18.96	8.179914
18.98	8.181368
19	8.183348
19.02	8.185678
19.04	8.187237
19.06	8.189322
19.08	8.190361
19.1	8.191864
19.12	8.193527
19.14	8.195717
19.16	8.196862
19.18	8.198471
19.2	8.20024
19.22	8.203785
19.24	8.205499
19.26	8.207372
19.28	8.20977
19.3	8.211127
19.32	8.212946
19.34	8.214925
19.36	8.218888
19.38	8.220813
19.4	8.222894
19.42	8.225501
19.44	8.227067
19.46	8.229095
19.48	8.231281
19.5	8.233992
19.52	8.237795
19.54	8.240084
19.56	8.242897
19.58	8.244672
19.6	8.246909
19.62	8.249301
19.64	8.252217
19.66	8.254096
19.68	8.258931
19.7	8.26195
19.72	8.263932
19.74	8.266376
19.76	8.268973
19.78	8.272094
19.8	8.274179
19.82	8.276726
19.84	8.282647
19.86	8.284836
19.88	8.287484
19.9	8.290286
19.92	8.293609
19.94	8.2959
19.96	8.298652
19.98	8.301554
20	8.307371
20.02	8.310224
20.04	8.313227
20.06	8.316751
20.08	8.319246
20.1	8.3222
20.12	8.325304
20.14	8.328928
20.16	8.334579
20.18	8.337783
20.2	8.341506
20.22	8.344204
20.24	8.347359
20.26	8.350662
20.28	8.354484
20.3	8.357283
20.32	8.363939
20.34	8.36786
20.36	8.370759
20.38	8.374112
20.4	8.377614
20.42	8.38463
20.44	8.388083
20.46	8.391682
20.48	8.395798
20.5	8.398895
20.52	8.402446
20.54	8.406143
20.56	8.410357
20.58	8.413552
20.6	8.420995
20.62	8.425304
20.64	8.428598
20.66	8.432345
20.68	8.436235
20.7	8.440641
20.72	8.444033
20.74	8.447875
20.76	8.456362
20.78	8.459851
20.8	8.463791
20.82	8.467874
20.84	8.472468
20.86	8.476054
20.88	8.480089
20.9	8.484266
20.92	8.488955
20.94	8.492638
20.96	8.50104
20.98	8.505822
21	8.509599
21.02	8.513824
21.04	8.518189
21.06	8.523066
21.08	8.526937
21.1	8.531258
21.12	8.540684
21.14	8.54465
21.16	8.549064
21.18	8.553615
21.2	8.558675
21.22	8.562736
21.24	8.567242
21.26	8.571885
21.28	8.58119
21.3	8.585788
21.32	8.590523
21.34	8.595765
21.36	8.600012
21.38	8.604701
21.4	8.609528
21.42	8.614859
21.44	8.62398
21.46	8.628896
21.48	8.638747
21.5	8.64362
21.52	8.654135
21.54	8.658656
21.56	8.663618
21.58	8.668713
21.6	8.67431
21.62	8.678922
21.64	8.683973
21.66	8.689157
21.68	8.694841
21.7	8.704683
21.72	8.709954
21.74	8.715727
21.76	8.720517
21.78	8.725745
21.8	8.731103
21.82	8.736961
21.84	8.74184
21.86	8.752601
21.88	8.758544
21.9	8.763512
21.92	8.768913
21.94	8.774445
21.96	8.780473
21.98	8.785527
22	8.791015
22.02	8.796631
22.04	8.802744
22.06	8.813458
22.08	8.819159
22.1	8.825355
22.12	8.830582
22.14	8.83624
22.16	8.842025
22.18	8.848304
22.2	8.859358
22.22	8.865226
22.24	8.871587
22.26	8.876984
22.28	8.882811
22.3	8.888761
22.32	8.895203
22.34	8.900684
22.36	8.912626
22.38	8.919149
22.4	8.924713
22.42	8.930705
22.44	8.936818
22.46	8.943422
22.48	8.949069
22.5	8.955142
22.52	8.961336
22.54	8.973748
22.56	8.979902
22.58	8.986176
22.6	8.992938
22.62	8.998749
22.64	9.004983
22.66	9.011337
22.68	9.018177
22.7	9.024068
22.72	9.036815
22.74	9.043731
22.76	9.049703
22.78	9.056095
22.8	9.062606
22.82	9.069599
22.84	9.07565
22.86	9.088709
22.88	9.095778
22.9	9.101909
22.92	9.108458
22.94	9.115122
22.96	9.122267
22.98	9.128474
23	9.1351
23.02	9.14906
23.04	9.155346
23.06	9.162047
23.08	9.168863
23.1	9.176157
23.12	9.182519
23.14	9.189297
23.16	9.196187
23.18	9.203554
23.2	9.216845
23.22	9.223808
23.24	9.231249
23.26	9.237762
23.28	9.244689
23.3	9.251726
23.32	9.259238
23.34	9.265826
23.36	9.279937
23.38	9.287519
23.4	9.294183
23.42	9.301255
23.44	9.308437
23.46	9.316092
23.48	9.322827
23.5	9.329973
23.52	9.344951
23.54	9.351759
23.56	9.358976
23.58	9.366301
23.6	9.374094
23.62	9.380976
23.64	9.388263
23.66	9.395657
23.68	9.410471
23.7	9.417829
23.72	9.425293
23.74	9.433223
23.76	9.440246
23.78	9.447673
23.8	9.455206
23.82	9.463203
23.84	9.470296
23.86	9.485393
23.88	9.493457
23.9	9.500619
23.92	9.508184
23.94	9.515852
23.96	9.523981
23.98	9.531214
24	9.538846
24.02	9.54658
24.04	9.562076
24.06	9.569775
24.08	9.577576
24.1	9.585835
24.12	9.593204
24.14	9.600969
24.16	9.608834
24.18	9.624594
24.2	9.632425
24.22	9.640356
24.24	9.648743
24.26	9.656244
24.28	9.66414
24.3	9.672135
24.32	9.680586
24.34	9.688152
24.36	9.704172
24.38	9.712684
24.4	9.720316
24.42	9.72834
24.44	9.736462
24.46	9.745035
24.48	9.752732
24.5	9.760818
24.52	9.777637
24.54	9.785398
24.56	9.793548
24.58	9.801793
24.6	9.810489
24.62	9.818312
24.64	9.826524
24.66	9.83483
24.68	9.851471
24.7	9.859744
24.72	9.868111
24.74	9.876925
24.76	9.884871
24.78	9.893206
24.8	9.901633
24.82	9.910505
24.84	9.926908
24.86	9.935394
24.88	9.944324
24.9	9.952394
24.92	9.960846
24.94	9.969391
24.96	9.978378
24.98	9.986508
25	10.00362
25.02	10.01267
25.04	10.02086
25.06	10.02943
25.08	10.03809
25.1	10.04718
25.12	10.05543
25.14	10.06406
25.16	10.08193
25.18	10.09024
25.2	10.09892
25.22	10.1077
25.24	10.11691
25.26	10.12527
25.28	10.13401
25.3	10.14284
25.32	10.16053
25.34	10.16932
25.36	10.17821
25.38	10.18753
25.4	10.19601
25.42	10.20486
25.44	10.2138
25.46	10.22317
25.48	10.2317
25.5	10.24061
25.52	10.25902
25.54	10.26762
25.56	10.27658
25.58	10.28562
25.6	10.2951
25.62	10.30374
25.64	10.31276
25.66	10.32186
25.68	10.34008
25.7	10.34915
25.72	10.3583
25.74	10.36788
25.76	10.37663
25.78	10.38575
25.8	10.39496
25.82	10.40458
25.84	10.41339
25.86	10.43182
25.88	10.44149
25.9	10.45035
25.92	10.45958
25.94	10.46888
25.96	10.47861
25.98	10.48752
26	10.50615
26.02	10.51592
26.04	10.52489
26.06	10.53421
26.08	10.54361
26.1	10.55344
26.12	10.56245
26.14	10.58128
26.16	10.59115
26.18	10.60005
26.2	10.60936
26.22	10.61873
26.24	10.62813
26.26	10.6377
26.28	10.65674
26.3	10.6667
26.32	10.67638
26.34	10.68552
26.36	10.69513
26.38	10.70471
26.4	10.71392
26.42	10.73318
26.44	10.74277
26.46	10.75251
26.48	10.76228
26.5	10.772
26.52	10.78187
26.54	10.79167
26.56	10.80151
26.58	10.81176
26.6	10.82174
26.62	10.84111
26.64	10.85133
26.66	10.86103
26.68	10.871
26.7	10.88103
26.72	10.89144
26.74	10.9011
26.76	10.9111
26.78	10.92116
26.8	10.94131
26.82	10.95134
26.84	10.96144
26.86	10.97196
26.88	10.98167
26.9	10.99173
26.92	11.00187
26.94	11.02216
26.96	11.03226
26.98	11.05302
27	11.0628
27.02	11.07294
27.04	11.08314
27.06	11.09376
27.08	11.10358
27.1	11.11375
27.12	11.12399
27.14	11.14449
27.16	11.1547
27.18	11.16497
27.2	11.17565
27.22	11.18555
27.24	11.19579
27.26	11.2061
27.28	11.21681
27.3	11.23702
27.32	11.24736
27.34	11.25811
27.36	11.26807
27.38	11.27838
27.4	11.28876
27.42	11.29954
27.44	11.30954
27.46	11.3303
27.48	11.34111
27.5	11.35115
27.52	11.36153
27.54	11.37197
27.56	11.38281
27.58	11.39289
27.6	11.40331
27.62	11.42466
27.64	11.43477
27.66	11.44522
27.68	11.45573
27.7	11.46663
27.72	11.47678
27.74	11.48726
27.76	11.50875
27.78	11.51893
27.8	11.52945
27.82	11.54002
27.84	11.55099
27.86	11.56121
27.88	11.57176
27.9	11.58237
27.92	11.59337
27.94	11.61421
27.96	11.62485
27.98	11.63589
28	11.64617
28.02	11.65679
28.04	11.66747
28.06	11.67853
28.08	11.68885
28.1	11.71021
28.12	11.7213
28.14	11.73166
28.16	11.74234
28.18	11.75308
28.2	11.7642
28.22	11.77459
28.24	11.79608
28.26	11.80724
28.28	11.81192
28.3	11.80928
28.32	11.80536
28.34	11.80125
28.36	11.79712
28.38	11.79305
28.4	11.78909
28.42	11.78135
28.44	11.77766
28.46	11.77401
28.48	11.77038
28.5	11.76676
28.52	11.76326
28.54	11.75983
28.56	11.75647
28.58	11.75007
28.6	11.74692
28.62	11.74384
28.64	11.74083
28.66	11.73788
28.68	11.73503
28.7	11.73223
28.72	11.72687
28.74	11.72437
28.76	11.72188
28.78	11.71946
28.8	11.7171
28.82	11.71481
28.84	11.71253
28.86	11.71028
28.88	11.70608
28.9	11.70409
28.92	11.70217
28.94	11.70031
28.96	11.69861
28.98	11.69692
29	11.69526
29.02	11.69363
29.04	11.69062
29.06	11.68921
29.08	11.68787
29.1	11.68659
29.12	11.68537
29.14	11.68424
29.16	11.68315
29.18	11.68214
29.2	11.68119
29.22	11.67949
29.24	11.67875
29.26	11.67809
29.28	11.67748
29.3	11.67694
29.32	11.67647
29.34	11.67607
29.36	11.6631
29.38	11.62325
29.4	11.64709
29.42	11.60135
29.44	11.63566
29.46	11.58822
29.48	11.59839
29.5	11.62829
29.52	11.57587
29.54	11.58411
29.56	11.58603
29.58	11.58691
29.6	11.58769
29.62	11.5885
29.64	11.58937
29.66	11.59133
29.68	11.59242
29.7	11.59359
29.72	11.59482
29.74	11.59613
29.76	11.59752
29.78	11.59897
29.8	11.60049
29.82	11.60379
29.84	11.60552
29.86	11.60731
29.88	11.60915
29.9	11.61108
29.92	11.61318
29.94	11.61528
29.96	11.61969
29.98	11.62202
30	11.62442
30.02	11.62683
30.04	11.62928
30.06	11.63186
30.08	11.63452
30.1	11.63725
30.12	11.64014
30.14	11.64308
30.16	11.64905
30.18	11.65216
30.2	11.65537
30.22	11.65865
30.24	11.66198
30.26	11.66538
30.28	11.66896
30.3	11.67257
30.32	11.68003
30.34	11.68379
30.36	11.68762
30.38	11.69155
30.4	11.69564
30.42	11.6998
30.44	11.70399
30.46	11.7082
30.48	11.71254
30.5	11.71694
30.52	11.72606
30.54	11.73076
30.56	11.73554
30.58	11.74032
30.6	11.74516
30.62	11.75009
30.64	11.75521
30.66	11.76035
30.68	11.76551
30.7	11.77612
30.72	11.79015
30.74	11.77929
30.76	11.77573
30.78	11.77449
30.8	11.77211
30.82	11.7686
30.84	11.76791
30.86	11.77805
30.88	11.78418
30.9	11.79065
30.92	11.7911
30.94	11.79036
30.96	11.78972
30.98	11.78892
31	11.78818
31.02	11.7868
31.04	11.78619
31.06	11.78564
31.08	11.78516
31.1	11.78473
31.12	11.78437
31.14	11.78407
31.16	11.78382
31.18	11.40305
31.2	11.61735
31.22	11.61848
31.24	11.62031
31.26	11.62261
31.28	11.62535
31.3	11.62852
31.32	11.63211
31.34	11.64058
31.36	11.64546
31.38	11.65076
31.4	11.65648
31.42	11.66263
31.44	11.66921
31.46	11.67621
31.48	11.68364
31.5	11.69978
31.52	11.70848
31.54	11.71762
31.56	11.72386
31.58	11.72658
31.6	11.7291
31.62	11.73169
31.64	11.73437
31.66	11.74002
31.68	11.743
31.7	11.74607
31.72	11.74922
31.74	11.75261
31.76	11.75595
31.78	11.75943
31.8	11.76643
31.82	11.77018
31.84	11.79822
31.86	11.80302
31.88	11.81351
31.9	11.78365
31.92	11.79632
31.94	11.80264
31.96	11.80554
31.98	11.80425
32	11.79758
32.02	11.79233
32.04	11.78581
32.06	11.7781
32.08	11.76923
32.1	11.75925
32.12	11.74816
32.14	11.73598
32.16	11.71814
32.18	11.71231
32.2	11.70658
32.22	11.7011
32.24	11.69599
32.26	11.69126
32.28	11.6869
32.3	11.68284
32.32	11.67916
32.34	11.67586
32.36	11.67029
32.38	11.66802
32.4	11.66613
32.42	11.66462
32.44	11.66349
32.46	11.66223
32.48	11.66212
32.5	11.66238
32.52	11.66303
32.54	11.66406
32.56	11.6653
32.58	11.66694
32.6	11.66896
32.62	11.67136
32.64	11.67414
32.66	11.68062
32.68	11.68443
32.7	11.68863
32.72	11.69307
32.74	11.6979
32.76	11.70312
32.78	11.70871
32.8	11.71459
32.82	11.72743
32.84	11.73439
32.86	11.74174
32.88	11.74939
32.9	11.74788
32.92	11.74574
32.94	11.74285
32.96	11.73993
32.98	11.73437
33	11.73173
33.02	11.72919
33.04	11.72676
33.06	11.72443
33.08	11.72224
33.1	11.72009
33.12	11.718
33.14	11.71411
33.16	11.71231
33.18	11.71027
33.2	11.70853
33.22	11.70692
33.24	11.70539
33.26	11.70394
33.28	11.70258
33.3	11.70132
33.32	11.69908
33.34	11.6981
33.36	11.69721
33.38	11.69643
33.4	11.69574
33.42	11.69516
33.44	11.69468
33.46	11.6943
33.48	11.58775
33.5	11.65281
33.52	11.59777
33.54	11.62969
33.56	11.66806
33.58	11.6743
33.6	11.80622
33.62	11.68595
33.64	10.94215
33.66	10.95513
33.68	10.82392
33.7	10.83413
33.72	10.70253
33.74	10.71048
33.76	10.58528
33.78	10.45457
33.8	10.45974
33.82	10.36741
33.84	10.3722
33.86	10.37545
33.88	10.37718
33.9	10.37739
33.92	10.37609
33.94	10.38079
33.96	10.38559
33.98	10.38998
34	10.39442
34.02	10.39901
34.04	10.40376
34.06	10.40867
34.08	10.41897
34.1	10.42438
34.12	10.42995
34.14	10.43569
34.16	10.44159
34.18	10.44766
34.2	10.4539
34.22	10.46031
34.24	10.47364
34.26	10.48057
34.28	10.48766
34.3	10.56055
34.32	10.55934
34.34	10.5556
34.36	10.54998
34.38	10.5426
34.4	10.52262
34.42	10.51004
34.44	10.49579
34.46	10.47989
34.48	10.47408
34.5	10.46912
34.52	10.46453
34.54	10.46014
34.56	10.45594
34.58	10.44808
34.6	10.44443
34.62	10.44097
34.64	10.43769
34.66	10.43459
34.68	10.43168
34.7	10.42894
34.72	10.4264
34.74	10.42405
34.76	10.4199
34.78	10.4181
34.8	10.41649
34.82	10.41509
34.84	10.41297
34.86	10.41016
34.88	10.40712
34.9	10.40405
34.92	10.39777
34.94	10.39452
34.96	10.39125
34.98	10.38808
35	10.38481
35.02	10.38142
35.04	10.35568
35.06	10.3641
35.08	10.41998
35.1	10.47501
35.12	10.52833
35.14	10.52031
35.16	10.57154
35.18	10.55958
35.2	10.60832
35.22	10.63824
35.24	10.61777
35.26	10.81133
35.28	11.01387
35.3	10.74928
35.32	10.94482
35.34	10.67932
35.36	10.86746
35.38	10.78274
35.4	10.51837
35.42	10.69112
35.44	10.42198
35.46	10.201
35.48	10.13265
35.5	10.08501
35.52	10.00922
35.54	10.03377
35.56	10.0301
35.58	10.02065
35.6	10.00996
35.62	9.998923
35.64	9.987754
35.66	9.976469
35.68	9.953598
35.7	9.942015
35.72	9.930329
35.74	9.91856
35.76	9.90669
35.78	9.894721
35.8	9.88267
35.82	9.870522
35.84	9.858278
35.86	9.845958
35.88	9.82104
35.9	9.808447
35.92	9.795781
35.94	9.783019
35.96	9.770186
35.98	9.757261
36	9.744268
36.02	9.718036
36.04	9.704798
36.06	9.691488
36.08	9.678102
36.1	9.664647
36.12	9.651118
36.14	9.637523
36.16	9.623857
36.18	9.610126
36.2	9.582469
36.22	9.568545
36.24	9.554564
36.26	9.54052
36.28	9.52642
36.3	9.512261
36.32	9.498052
36.34	9.483786
36.36	9.455104
36.38	9.440691
36.4	9.426229
36.42	9.411724
36.44	9.397174
36.46	9.382585
36.48	9.367953
36.5	9.353287
36.52	9.323846
36.54	9.309073
36.56	9.294274
36.58	9.279444
36.6	9.264589
36.62	9.249706
36.64	9.234805
36.66	9.204938
36.68	9.189976
36.7	9.175004
36.72	9.160015
36.74	9.14502
36.76	9.130013
36.78	9.115003
36.8	9.099985
36.82	9.08497
36.84	9.05494
36.86	9.03993
36.88	9.024931
36.9	9.009938
36.92	8.994962
36.94	8.979997
36.96	8.965053
36.98	8.950124
37	8.920339
37.02	8.905488
37.04	8.890664
37.06	8.875876
37.08	8.861119
37.1	8.846405
37.12	8.831726
37.14	8.817095
37.16	8.787971
37.18	8.773483
37.2	8.759054
37.22	8.744678
37.24	8.730367
37.26	8.716116
37.28	8.701934
37.3	8.687819
37.32	8.659812
37.34	8.645927
37.36	8.63212
37.38	8.618402
37.4	8.604769
37.42	8.59123
37.44	8.577784
37.46	8.564439
37.48	8.538051
37.5	8.525016
37.52	8.512096
37.54	8.499289
37.56	8.486603
37.58	8.474035
37.6	8.461596
37.62	8.449284
37.64	8.425063
37.66	8.413162
37.68	8.401402
37.7	8.389792
37.72	8.37833
37.74	8.367026
37.76	8.355877
37.78	8.344894
37.8	8.323426
37.82	8.312949
37.84	8.302654
37.86	8.292538
37.88	8.272867
37.9	8.263318
37.92	8.253967
37.94	8.244817
37.96	8.235872
37.98	8.227137
38	8.218616
38.02	8.210311
38.04	8.194372
38.06	8.186746
38.08	8.179353
38.1	8.172197
38.12	8.165285
38.14	8.158618
38.16	8.152203
38.18	8.146041
38.2	8.140138
38.22	8.129125
38.24	8.124022
38.26	8.119196
38.28	8.114647
38.3	8.110383
38.32	8.106406
38.34	8.10272
38.36	8.096241
38.38	8.093454
38.4	8.090976
38.42	8.08881
38.44	8.086959
38.46	8.085427
38.48	8.084221
38.5	8.083341
38.52	8.082793
38.54	8.082707
38.56	8.083177
38.58	8.083994
38.6	8.085161
38.62	8.086683
38.64	8.088564
38.66	8.090807
38.68	8.093414
38.7	8.09974
38.72	8.103464
38.74	8.107569
38.76	8.112057
38.78	8.11693
38.8	8.122193
38.82	8.127849
38.84	8.1339
38.86	8.14035
38.88	8.147203
38.9	8.154462
38.92	8.170204
38.94	8.178695
38.96	8.187602
38.98	8.196928
39	8.206676
39.02	8.21685
39.04	8.22745
39.06	8.23848
39.08	8.261837
39.1	8.274169
39.12	8.28694
39.14	8.300151
39.16	8.313805
39.18	8.327904
39.2	8.34245
39.22	8.357444
39.24	8.36964
39.26	8.388168
39.28	8.410473
39.3	8.432997
39.32	8.455055
39.34	8.476523
39.36	8.521154
39.38	8.560769
39.4	8.577182
39.42	8.59146
39.44	8.607173
39.46	8.623753
39.48	8.640827
39.5	8.658868
39.52	8.686828
39.54	8.712248
39.56	8.737347
39.58	8.788673
39.6	8.815046
39.62	8.841897
39.64	8.86922
39.66	8.897009
39.68	8.925257
39.7	8.953957
39.72	9.01269
39.74	9.042709
39.76	9.073156
39.78	9.104023
39.8	9.135305
39.82	9.166994
39.84	9.199087
39.86	9.231575
39.88	9.262007
39.9	9.258751
39.92	9.255609
39.94	9.261631
39.96	9.240221
39.98	9.213686
40	9.198524
40.02	9.176671
40.04	9.159021
40.06	9.153812
40.08	9.139459
40.1	9.151722
40.12	9.140754
40.14	9.157931
40.16	9.147644
40.18	9.158958
40.2	9.184053
40.22	8.998095
40.24	8.462097
40.26	8.010386
40.28	8.013301
40.3	8.019205
40.32	8.030611
40.34	8.071375
40.36	8.100819
40.38	8.136353
40.4	8.178053
40.42	8.271619
40.44	8.331547
40.46	8.389922
40.48	8.318342
40.5	8.294648
40.52	8.342637
40.54	8.260575
40.56	8.303307
40.58	8.216288
40.6	8.228605
40.62	8.186098
40.64	8.22071
40.66	8.243426
40.68	8.222846
40.7	8.253873
40.72	8.230536
40.74	8.263319
40.76	8.222262
40.78	8.331187
40.8	8.441546
40.82	8.665306
40.84	8.778124
40.86	8.891212
40.88	9.001096
40.9	9.020444
40.92	9.024183
40.94	9.027393
40.96	9.011843
40.98	9.013764
41	9.015323
41.02	9.016091
41.04	9.015981
41.06	9.014957
41.08	9.013097
41.1	9.01008
41.12	8.495559
41.14	8.013526
41.16	7.625166
41.18	7.657877
41.2	7.654497
41.22	7.643661
41.24	7.631197
41.26	7.618182
41.28	7.591366
41.3	7.577605
41.32	7.563608
41.34	7.549438
41.36	7.535016
41.38	7.52036
41.4	7.505538
41.42	7.490467
41.44	8.289131
41.46	8.266517
41.48	8.240885
41.5	8.212233
41.52	8.180559
41.54	8.145868
41.56	8.108165
41.58	8.067454
41.6	7.977056
41.62	7.927395
41.64	7.675575
41.66	6.750895
41.68	7.157479
41.7	7.229214
41.72	7.228073
41.74	7.21192
41.76	7.192574
41.78	7.15186
41.8	7.131071
41.82	7.110066
41.84	7.088827
41.86	7.067384
41.88	7.045714
41.9	7.023849
41.92	7.001764
41.94	6.957007
41.96	6.934342
41.98	6.911475
42	6.888435
42.02	6.865201
42.04	6.841804
42.06	6.818221
42.08	6.770575
42.1	6.746521
42.12	6.7223
42.14	6.697948
42.16	6.673439
42.18	6.64881
42.2	6.624036
42.22	6.599154
42.24	6.549026
42.26	6.523792
42.28	6.498476
42.3	6.473051
42.32	6.447558
42.34	6.42197
42.36	6.396327
42.38	6.344842
42.4	6.319015
42.42	6.293165
42.44	6.267265
42.46	6.241359
42.48	6.215421
42.5	6.189495
42.52	6.163553
42.54	6.137624
42.56	6.085841
42.58	6.060005
42.6	6.034223
42.62	6.008502
42.64	5.982855
42.66	5.957292
42.68	5.906465
42.7	5.881224
42.72	5.856114
42.74	5.831147
42.76	5.806337
42.78	5.781696
42.8	5.757238
42.82	5.732977
42.84	5.708925
42.86	5.661509
42.88	5.638173
42.9	5.615107
42.92	5.592324
42.94	5.56984
42.96	5.547672
42.98	5.525837
43	5.504348
43.02	5.462484
43.04	5.442142
43.06	5.422218
43.08	5.290142
43.1	5.850658
43.12	5.345
43.14	5.911409
43.16	5.328767
43.18	5.898783
43.2	5.872885
43.22	5.270035
43.24	5.845958
43.26	5.241995
43.28	5.82057
43.3	5.216309
43.32	5.193222
43.34	5.776496
43.36	5.172902
43.38	5.758187
43.4	5.742548
43.42	5.141176
43.44	5.729707
43.46	5.130063
43.48	5.71979
43.5	5.122307
43.52	5.712924
43.54	5.118046
43.56	5.11743
43.58	5.708856
43.6	5.120541
43.62	5.711823
43.64	5.12753
43.66	5.718324
43.68	5.138509
43.7	5.153577
43.72	5.742274
43.74	5.172826
43.76	5.759905
43.78	5.19634
43.8	5.781418
43.82	5.224192
43.84	5.80689
43.86	5.836386
43.88	5.293147
43.9	5.869965
43.92	5.334339
43.94	5.907675
43.96	5.38005
43.98	5.94956
44	5.430298
44.02	5.485089
44.04	6.045969
44.06	5.54442
44.08	6.100534
44.1	5.608278
44.12	6.15935
44.14	5.676641
44.16	5.749478
44.18	6.289728
44.2	5.826751
44.22	6.361266
44.24	5.908414
44.26	6.437008
44.28	5.994418
44.3	6.084703
44.32	6.600989
44.34	6.179211
44.36	6.689156
44.38	6.277875
44.4	6.781383
44.42	6.380627
44.44	6.877623
44.46	6.977825
44.48	6.598108
44.5	7.081935
44.52	6.712691
44.54	7.189898
44.56	6.83107
44.58	7.301655
44.6	7.417147
44.62	7.078915
44.64	7.536313
44.66	7.208231
44.68	7.659091
44.7	7.341045
44.72	7.785419
44.74	7.915235
44.76	7.616879
44.78	8.048479
44.8	7.759758
44.82	8.185087
44.84	7.905854
44.86	8.325002
44.88	8.055099
44.9	8.207433
44.92	8.614505
44.94	8.362789
44.96	8.763978
44.98	8.521111
45	8.916524
45.02	8.682338
45.04	8.846415
45.06	9.230613
45.08	9.013287
45.1	9.39205
45.12	9.182903
45.14	9.556347
45.16	9.355213
45.18	9.723455
45.2	9.893327
45.22	9.707723
45.24	10.06592
45.26	9.887833
45.28	10.24118
45.3	10.07046
45.32	10.41907
45.34	10.25555
45.36	10.44308
45.38	10.71018
45.4	10.44757
45.42	10.66351
45.44	10.42469
45.46	10.69018
45.48	10.44947
45.5	10.71202
45.52	10.72882
45.54	10.48693
45.56	10.7407
45.58	10.49957
45.6	10.74786
45.62	10.5321
45.64	10.79732
45.66	10.84784
45.68	10.63682
45.7	10.90034
45.72	10.69242
45.74	10.95376
45.76	10.7466
45.78	11.00082
45.8	10.79137
45.82	10.83944
45.84	11.09263
45.86	10.88898
45.88	11.14101
45.9	10.9399
45.92	11.19072
45.94	10.99212
45.96	11.24171
45.98	11.04564
46	11.10044
46.02	11.34755
46.04	11.15655
46.06	11.40241
46.08	11.21396
46.1	11.45855
46.12	11.27269
46.14	11.33272
46.16	11.57475
46.18	11.39406
46.2	11.63481
46.22	11.45673
46.24	11.69617
46.26	11.52071
46.28	11.75885
46.3	11.58601
46.32	11.65264
46.34	11.83848
46.36	11.83002
46.38	11.82123
46.4	11.81133
46.42	11.80036
46.44	11.78833
46.46	11.77529
46.48	11.7463
46.5	11.74762
46.52	11.74781
46.54	11.74691
46.56	11.74492
46.58	11.74185
46.6	11.7412
46.62	11.7424
46.64	11.74227
46.66	11.73371
46.68	11.72409
46.7	11.71432
46.72	11.70461
46.74	11.69497
46.76	11.68515
46.78	11.67564
46.8	11.65724
46.82	11.64763
46.84	11.63848
46.86	11.62963
46.88	11.62094
46.9	11.61168
46.92	11.60292
46.94	11.59464
46.96	11.58614
46.98	11.56894
47	11.561
47.02	11.55289
47.04	11.54453
47.06	11.53651
47.08	11.52873
47.1	11.52125
47.12	11.51384
47.14	11.50591
47.16	11.49113
47.18	11.48417
47.2	11.47727
47.22	11.46985
47.24	11.46285
47.26	11.45608
47.28	11.44959
47.3	11.43626
47.32	11.42974
47.34	11.42344
47.36	11.4174
47.38	11.41141
47.4	11.40501
47.42	11.39896
47.44	11.38737
47.46	11.38196
47.48	11.37656
47.5	11.37068
47.52	11.36522
47.54	11.35988
47.56	11.35472
47.58	11.34983
47.6	11.37652
47.62	11.37948
47.64	11.3819
47.66	11.38416
47.68	11.35502
47.7	11.32254
47.72	11.28666
47.74	11.2948
47.76	11.32577
47.78	11.34097
47.8	11.35525
47.82	11.41166
47.84	11.37811
47.86	11.46731
47.88	11.47118
47.9	11.46244
47.92	11.44238
47.94	11.41851
47.96	11.43217
47.98	11.40552
48	11.43238
48.02	11.14608
48.04	10.88527
48.06	10.64254
48.08	10.44701
48.1	10.60459
48.12	10.60021
48.14	10.59073
48.16	10.58001
48.18	10.56894
48.2	10.55756
48.22	10.54601
48.24	10.52229
48.26	10.51008
48.28	10.49772
48.3	10.48513
48.32	10.47231
48.34	10.45935
48.36	10.44615
48.38	10.43273
48.4	10.41916
48.42	10.39134
48.44	10.37717
48.46	10.36277
48.48	10.34816
48.5	10.3334
48.52	10.31841
48.54	10.3032
48.56	10.28786
48.58	10.27228
48.6	10.25649
48.62	10.22439
48.64	10.20802
48.66	10.19151
48.68	10.17477
48.7	10.15783
48.72	10.14075
48.74	10.12343
48.76	10.08827
48.78	10.07039
48.8	10.05231
48.82	10.01564
48.84	9.997065
48.86	9.978239
48.88	9.959292
48.9	9.940101
48.92	9.92079
48.94	9.901233
48.96	9.88156
48.98	9.861644
49	9.821284
49.02	9.800844
49.04	9.780215
49.06	9.759423
49.08	9.738443
49.1	9.717302
49.12	9.695975
49.14	9.67449
49.16	9.630993
49.18	9.608984
49.2	9.58682
49.22	9.564475
49.24	9.541977
49.26	9.519301
49.28	9.496475
49.3	9.473474
49.32	9.426998
49.34	9.403527
49.36	9.379885
49.38	9.356099
49.4	9.332144
49.42	9.308048
49.44	9.283785
49.46	9.259384
49.48	9.234818
49.5	9.185254
49.52	9.160259
49.54	9.135104
49.56	9.10982
49.58	9.08438
49.6	9.058813
49.62	9.033092
49.64	9.00725
49.66	8.955142
49.68	8.928882
49.7	8.902505
49.72	8.875983
49.74	8.84935
49.76	8.822576
49.78	8.795692
49.8	8.768672
49.82	8.714288
49.84	8.686929
49.86	8.659439
49.88	8.631853
49.9	8.604141
49.92	8.576338
49.94	8.548412
49.96	8.5204
49.98	8.49227
50	8.435729
50.02	8.407326
50.04	8.378878
50.06	8.350294
50.08	8.321481
50.1	8.292702
50.12	8.263804
50.14	8.234975
50.16	8.176737
50.18	8.147671
50.2	8.118649
50.22	8.089367
50.24	8.060038
50.26	8.030633
50.28	8.001189
50.3	7.971675
50.32	7.912522
50.34	7.882888
50.36	7.853198
50.38	7.82349
50.4	7.793821
50.42	7.76393
50.44	7.704272
50.46	7.674421
50.48	7.644578
50.5	7.614707
50.52	7.584852
50.54	7.554978
50.56	7.495246
50.58	7.465398
50.6	7.405838
50.62	7.376059
50.64	7.346312
50.66	7.316603
50.68	7.286937
50.7	7.257319
50.72	7.227755
50.74	7.19825
50.76	7.168809
50.78	7.13944
50.8	7.110146
50.82	7.051811
50.84	7.022782
50.86	6.993854
50.88	6.965033
50.9	6.936326
50.92	6.907739
50.94	6.879279
50.96	6.850954
50.98	6.794733
51	6.766853
51.02	6.739136
51.04	6.71159
51.06	6.684222
51.08	6.657041
51.1	6.630053
51.12	6.603268
51.14	6.576694
51.16	6.550339
51.18	6.498321
51.2	6.472676
51.22	6.447285
51.24	6.422156
51.26	6.397301
51.28	6.372727
51.3	6.348444
51.32	6.324463
51.34	6.300792
51.36	6.277442
51.38	6.231744
51.4	6.209416
51.42	6.187449
51.44	6.165854
51.46	6.144642
51.48	6.123823
51.5	6.103407
51.52	6.083406
51.54	6.044692
51.56	5.969015
51.58	5.920113
51.6	5.887931
51.62	5.859265
51.64	5.831703
51.66	5.779385
51.68	5.755167
51.7	5.732707
51.72	6.058547
51.74	5.869262
51.76	5.96226
51.78	5.840558
51.8	5.928578
51.82	5.802422
51.84	5.885248
51.86	5.859978
51.88	5.802299
51.9	5.769932
51.92	5.774169
51.94	5.775976
51.96	5.77747
51.98	5.779895
52	5.782989
52.02	5.790972
52.04	5.795827
52.06	5.801244
52.08	5.807209
52.1	5.813714
52.12	5.820746
52.14	5.828294
52.16	5.836348
52.18	5.844895
52.2	5.863431
52.22	5.873397
52.24	5.883814
52.26	5.894671
52.28	5.905957
52.3	5.917662
52.32	5.929776
52.34	5.955186
52.36	5.968463
52.38	5.982106
52.4	5.996132
52.42	6.01048
52.44	6.02519
52.46	6.040204
52.48	6.055559
52.5	6.0712
52.52	6.103395
52.54	6.119929
52.56	6.136715
52.58	6.153786
52.6	6.171092
52.62	6.188664
52.64	6.206456
52.66	6.224498
52.68	6.242743
52.7	6.279889
52.72	6.298775
52.74	6.317834
52.76	6.337097
52.78	6.356521
52.8	6.376132
52.82	6.395892
52.84	6.435895
52.86	6.456124
52.88	6.476479
52.9	6.49698
52.92	6.517595
52.94	6.538345
52.96	6.559197
52.98	6.580173
53	6.622422
53.02	6.643687
53.04	6.665053
53.06	6.686493
53.08	6.708025
53.1	6.729623
53.12	6.751303
53.14	6.773042
53.16	6.816716
53.18	6.838644
53.2	6.860614
53.22	6.882643
53.24	6.904708
53.26	6.926824
53.28	6.94897
53.3	6.993374
53.32	7.015625
53.34	7.037897
53.36	7.060199
53.38	7.082432
53.4	7.104774
53.42	7.127138
53.44	7.149455
53.46	7.171823
53.48	7.216609
53.5	7.239016
53.52	7.261424
53.54	7.283837
53.56	7.306249
53.58	7.328662
53.6	7.351071
53.62	7.37348
53.64	7.41828
53.66	7.440668
53.68	7.574811
53.7	7.619432
53.72	7.663998
53.74	7.686259
53.76	7.708507
53.78	7.752958
53.8	7.775159
53.82	7.797348
53.84	7.819521
53.86	7.841681
53.88	7.863823
53.9	7.885956
53.92	7.930175
53.94	7.952263
53.96	7.974343
53.98	7.996405
54	8.018461
54.02	8.040502
54.04	8.084558
54.06	8.106576
54.08	8.128579
54.1	8.150585
54.12	8.19457
54.14	8.216552
54.16	8.238539
54.18	8.260516
54.2	8.282501
54.22	8.304479
54.24	8.326468
54.26	8.348452
54.28	8.392442
54.3	8.414453
54.32	8.436463
54.34	8.458494
54.36	8.480528
54.38	8.502584
54.4	8.524647
54.42	8.546737
54.44	8.590964
54.46	8.613105
54.48	8.635282
54.5	8.657473
54.52	8.679703
54.54	8.701951
54.56	8.724244
54.58	8.746558
54.6	8.768921
54.62	8.791308
54.64	8.836432
54.66	8.858861
54.68	8.881401
54.7	8.903925
54.72	8.926409
54.74	8.949134
54.76	8.971902
54.78	8.994742
54.8	9.017627
54.82	9.063602
54.84	9.086698
54.86	9.109846
54.88	9.133083
54.9	9.156378
54.92	9.179767
54.94	9.203218
54.96	9.226769
54.98	9.250389
55	9.297908
55.02	9.321814
55.04	9.345798
55.06	9.369898
55.08	9.39408
55.1	9.418384
55.12	9.442776
55.14	9.467296
55.16	9.516654
55.18	9.541497
55.2	9.566481
55.22	9.591567
55.24	9.6168
55.26	9.64214
55.28	9.667633
55.3	9.719004
55.32	9.744887
55.34	9.74477
55.36	9.080275
55.38	9.744633
55.4	9.080564
55.42	9.7446
55.44	9.744758
55.46	9.74407
55.48	9.743583
55.5	9.743036
55.52	9.742435
55.54	9.741783
55.56	9.741082
55.58	9.740334
55.6	9.739541
55.62	9.737832
55.64	9.736921
55.66	9.735977
55.68	9.735004
55.7	9.734006
55.72	9.732985
55.74	9.731948
55.76	9.730394
55.78	9.729258
55.8	9.727051
55.82	9.725956
55.84	9.724874
55.86	9.723807
55.88	9.722763
55.9	9.721745
55.92	9.720758
55.94	9.71981
55.96	9.716873
55.98	9.715697
56	9.71448
56.02	9.713219
56.04	9.711917
56.06	9.710576
56.08	9.709201
56.1	9.707797
56.12	9.704919
56.14	9.703038
56.16	9.701473
56.18	9.699934
56.2	9.698401
56.22	9.696883
56.24	9.695383
56.26	9.693912
56.28	9.690049
56.3	9.688346
56.32	9.686607
56.34	9.684836
56.36	9.683035
56.38	9.681209
56.4	9.679363
56.42	9.675157
56.44	9.672465
56.46	9.670279
56.48	9.668163
56.5	9.666044
56.52	9.664148
56.54	9.66205
56.56	9.65987
56.58	9.657434
56.6	9.652274
56.62	9.649714
56.64	9.647208
56.66	9.644689
56.68	9.642148
56.7	9.639594
56.72	9.637201
56.74	9.634656
56.76	9.632048
56.78	9.600903
56.8	9.576054
56.82	9.537965
56.84	9.512032
56.86	9.474373
56.88	9.449744
56.9	9.408568
56.92	9.391936
56.94	9.373661
56.96	9.332325
56.98	9.334051
57	9.396534
57.02	9.389596
57.04	9.370807
57.06	9.351706
57.08	9.334559
57.1	9.319773
57.12	9.279891
57.14	9.260634
57.16	9.244266
57.18	9.229688
57.2	9.216655
57.22	9.205095
57.24	9.194969
57.26	9.186245
57.28	9.172895
57.3	8.883008
57.32	8.606258
57.34	8.3447
57.36	8.145832
57.38	8.235845
57.4	8.25445
57.42	8.260059
57.44	8.261057
57.46	8.262097
57.48	8.263272
57.5	8.264601
57.52	8.266088
57.54	8.267732
57.56	8.269533
57.58	8.271493
57.6	8.273554
57.62	8.275774
57.64	8.280685
57.66	8.283376
57.68	8.286223
57.7	8.289185
57.72	8.292303
57.74	8.295579
57.76	8.299009
57.78	8.302595
57.8	8.306335
57.82	8.314242
57.84	8.318429
57.86	8.32277
57.88	8.327249
57.9	8.331882
57.92	8.336671
57.94	8.341613
57.96	8.346708
57.98	8.35734