0.02	8.297774
0.04	7.946706
0.06	7.54064
0.08	6.101413
0.1	6.114795
0.12	6.124634
0.14	6.133807
0.16	6.143179
0.18	6.152892
0.2	6.162974
0.22	6.173431
0.24	6.184269
0.26	6.195493
0.28	6.207102
0.3	6.26075
0.32	6.304049
0.34	6.348083
0.36	6.392652
0.38	6.437698
0.4	6.483195
0.42	6.52912
0.44	6.555043
0.46	7.078936
0.48	7.626091
0.5	8.767317
0.52	8.75963
0.54	8.749064
0.56	8.73565
0.58	8.719423
0.6	8.70042
0.62	8.67868
0.64	8.654248
0.66	8.627172
0.68	8.597499
0.7	8.565284
0.72	8.530584
0.74	8.493464
0.76	8.412226
0.78	8.368256
0.8	8.322159
0.82	8.274023
0.84	7.363375
0.86	6.584882
0.88	6.941295
0.9	7.034439
0.92	7.072582
0.94	7.099957
0.96	7.125494
0.98	7.176749
1	7.2029
1.02	7.229444
1.04	7.256381
1.06	7.28372
1.08	7.311457
1.1	7.339601
1.12	7.368147
1.14	7.397105
1.16	7.426469
1.18	7.456251
1.2	7.486443
1.22	7.517056
1.24	7.548086
1.26	7.57954
1.28	7.611414
1.3	7.643718
1.32	7.676445
1.34	7.743196
1.36	7.777222
1.38	7.811684
1.4	7.846583
1.42	7.881921
1.44	7.9177
1.46	7.953922
1.48	7.990589
1.5	8.027701
1.52	8.065261
1.54	8.103271
1.56	8.14173
1.58	8.180643
1.6	8.22001
1.62	8.259831
1.64	8.340846
1.66	8.382041
1.68	8.423697
1.7	8.465816
1.72	8.508396
1.74	8.551442
1.76	8.594953
1.78	8.638929
1.8	8.683374
1.82	8.728288
1.84	8.77367
1.86	8.819524
1.88	8.865849
1.9	8.912646
1.92	8.959917
1.94	9.007662
1.96	9.104576
1.98	9.153748
2	9.203397
2.02	9.551989
2.04	9.90997
2.06	9.950743
2.08	9.98996
2.1	10.02767
2.12	10.06393
2.14	10.09878
2.16	10.13229
2.18	10.19552
2.2	10.22538
2.22	10.25416
2.24	10.28193
2.26	10.30876
2.28	10.33476
2.3	10.35998
2.32	10.38453
2.34	10.4085
2.36	10.43197
2.38	10.45506
2.4	10.47785
2.42	10.50045
2.44	10.52298
2.46	10.58723
2.48	10.55578
2.5	10.70441
2.52	10.99405
2.54	10.83349
2.56	11.12069
2.58	10.96044
2.6	11.24525
2.62	11.0886
2.64	11.37097
2.66	11.21855
2.68	11.4985
2.7	11.35042
2.72	11.62797
2.74	11.48423
2.76	11.52556
2.78	11.75404
2.8	11.56227
2.82	11.78863
2.84	11.59657
2.86	11.81902
2.88	11.63973
2.9	11.83314
2.92	11.82901
2.94	11.82386
2.96	11.81762
2.98	11.81033
3	11.802
3.02	11.79268
3.04	11.78239
3.06	11.77118
3.08	11.76445
3.1	11.76873
3.12	11.77198
3.14	11.7747
3.16	11.78417
3.18	11.78969
3.2	11.80161
3.22	11.80807
3.24	11.81091
3.26	11.80705
3.28	11.81917
3.3	11.83819
3.32	11.85896
3.34	11.88047
3.36	11.88896
3.38	11.89457
3.4	11.88867
3.42	11.91261
3.44	11.8989
3.46	11.90298
3.48	11.90458
3.5	11.90493
3.52	11.9454
3.54	11.91243
3.56	11.90212
3.58	11.89635
3.6	11.78492
3.62	11.73501
3.64	11.68537
3.66	11.63573
3.68	11.58605
3.7	11.53633
3.72	11.4866
3.74	11.43686
3.76	11.38713
3.78	11.36293
3.8	11.3439
3.82	11.28155
3.84	11.25308
3.86	11.18715
3.88	11.15992
3.9	11.09271
3.92	11.06716
3.94	10.98909
3.96	11.03016
3.98	10.86333
4	10.94571
4.02	10.76524
4.04	10.85933
4.06	10.6685
4.08	10.76997
4.1	10.57216
4.12	10.67903
4.14	10.47658
4.16	10.60493
4.18	10.3274
4.2	10.49186
4.22	10.20586
4.24	10.3793
4.26	10.08541
4.28	10.26582
4.3	9.964845
4.32	10.152
4.34	9.844917
4.36	9.704739
4.38	9.888664
4.4	9.548206
4.42	9.743275
4.44	9.382326
4.46	9.60177
4.48	9.290313
4.5	9.554299
4.52	9.246279
4.54	9.193871
4.56	9.304304
4.58	9.132953
4.6	9.240609
4.62	9.067347
4.64	9.171793
4.66	9.022342
4.68	9.140234
4.7	8.984715
4.72	9.023005
4.74	8.948583
4.76	8.988417
4.78	8.915014
4.8	8.956367
4.82	8.884222
4.84	8.856247
4.86	8.900573
4.88	8.831092
4.9	8.925251
4.92	8.808751
4.94	8.904391
4.96	8.789217
4.98	8.886295
5	8.772479
5.02	8.870954
5.04	8.758524
5.06	8.844277
5.08	8.826599
5.1	8.807488
5.12	8.786958
5.14	8.765023
5.16	8.741704
5.18	8.691022
5.2	8.68915
5.22	8.685871
5.24	8.681177
5.26	8.676926
5.28	8.674504
5.3	8.672957
5.32	8.668736
5.34	8.665619
5.36	8.63753
5.38	8.675044
5.4	8.595676
5.42	8.655023
5.44	8.557878
5.46	8.638853
5.48	8.638686
5.5	8.619787
5.52	8.589495
5.54	8.580386
5.56	8.572711
5.58	8.570109
5.6	8.569755
5.62	8.573353
5.64	8.579995
5.66	8.399479
5.68	8.241223
5.7	8.065128
5.72	7.910738
5.74	7.741326
5.76	7.593119
5.78	7.477214
5.8	7.555276
5.82	7.570518
5.84	7.568006
5.86	7.6992
5.88	7.965514
5.9	8.099785
5.92	8.234284
5.94	8.368669
5.96	8.502618
5.98	8.546111
6	8.560596
6.02	8.570292
6.04	8.422088
6.06	8.2736
6.08	8.088164
6.1	7.942164
6.12	7.763013
6.14	7.621602
6.16	7.495024
6.18	7.478781
6.2	7.477446
6.22	7.473209
6.24	7.496953
6.26	7.568251
6.28	7.638253
6.3	7.70681
6.32	7.839041
6.34	7.902469
6.36	7.963953
6.38	8.02339
6.4	8.080685
6.42	7.87013
6.44	7.689702
6.46	7.524662
6.48	7.546548
6.5	7.555645
6.52	7.552483
6.54	7.56008
6.56	7.554029
6.58	7.56461
6.6	7.556615
6.62	7.636908
6.64	7.790308
6.66	7.863059
6.68	7.932955
6.7	7.999846
6.72	8.063588
6.74	8.124045
6.76	8.181089
6.78	8.234604
6.8	8.049836
6.82	7.90046
6.84	7.866772
6.86	7.845952
6.88	8.029586
6.9	7.867499
6.92	8.049483
6.94	7.881367
6.96	8.061247
6.98	7.887781
7	8.005965
7.02	7.883
7.04	7.871493
7.06	7.978933
7.08	7.881157
7.1	7.921567
7.12	7.942316
7.14	7.959367
7.16	7.975962
7.18	7.992738
7.2	8.009804
7.22	8.027211
7.24	8.044963
7.26	8.063037
7.28	8.081463
7.3	8.100237
7.32	8.119335
7.34	8.158583
7.36	8.178735
7.38	8.199214
7.4	8.220061
7.42	8.241253
7.44	8.262799
7.46	8.284693
7.48	8.306942
7.5	8.32954
7.52	8.352497
7.54	8.375805
7.56	8.423494
7.58	8.447879
7.6	8.472616
7.62	8.497721
7.64	8.523181
7.66	8.549008
7.68	8.575194
7.7	8.60175
7.72	8.628665
7.74	8.655952
7.76	8.711625
7.78	8.740011
7.8	8.768775
7.82	8.797903
7.84	8.82741
7.86	8.857284
7.88	8.887539
7.9	8.918161
7.92	8.949167
7.94	8.980544
7.96	9.044438
7.98	9.076959
8	9.109852
8.02	9.143135
8.04	9.148923
8.06	9.197358
8.08	9.012523
8.1	9.156019
8.12	9.183945
8.14	9.192301
8.16	9.20026
8.18	9.226581
8.2	9.245464
8.22	9.267992
8.24	9.293997
8.26	9.323319
8.28	9.140152
8.3	8.959289
8.32	8.781298
8.34	8.606791
8.36	8.436439
8.38	8.270964
8.4	8.152812
8.42	8.165172
8.44	8.166809
8.46	8.203869
8.48	8.222865
8.5	8.23802
8.52	8.252118
8.54	8.265549
8.56	8.278514
8.58	8.291015
8.6	8.30303
8.62	8.350648
8.64	8.348944
8.66	8.608819
8.68	8.782461
8.7	9.244513
8.72	9.420108
8.74	9.454177
8.76	9.511473
8.78	9.144676
8.8	9.446531
8.82	9.075249
8.84	9.162295
8.86	9.2475
8.88	9.123575
8.9	9.147607
8.92	9.014744
8.94	9.082345
8.96	8.9457
8.98	9.007641
9	8.646179
9.02	8.306014
9.04	8.051577
9.06	8.03563
9.08	8.019845
9.1	7.997962
9.12	7.96884
9.14	7.946492
9.16	7.969481
9.18	8.087651
9.2	8.201499
9.22	8.314008
9.24	8.424882
9.26	8.533849
9.28	8.640654
9.3	8.745058
9.32	8.846843
9.34	8.945801
9.36	9.041739
9.38	9.035586
9.4	9.026052
9.42	9.01311
9.44	8.996738
9.46	8.976913
9.48	8.95362
9.5	8.926843
9.52	8.905235
9.54	8.869089
9.56	8.596453
9.58	8.38708
9.6	8.45769
9.62	8.444321
9.64	8.410196
9.66	8.672648
9.68	8.418521
9.7	8.418873
9.72	8.687781
9.74	8.71214
9.76	8.734489
9.78	8.754803
9.8	8.773053
9.82	8.789222
9.84	8.803288
9.86	8.815244
9.88	8.825075
9.9	8.83278
9.92	8.47994
9.94	8.18592
9.96	8.509293
9.98	8.259713
10	8.589118
10.02	8.274699
10.04	8.603802
10.06	8.282826
10.08	8.603203
10.1	8.281695
10.12	8.504572
10.14	8.73106
10.16	8.960177
10.18	9.191047
10.2	9.42288
10.22	9.726067
10.24	9.776608
10.26	9.82248
10.28	9.868257
10.3	9.481002
10.32	9.105508
10.34	8.744514
10.36	8.401148
10.38	8.126287
10.4	8.192444
10.42	8.217829
10.44	8.251227
10.46	8.267201
10.48	8.283401
10.5	8.29987
10.52	8.316633
10.54	8.333689
10.56	8.351029
10.58	8.368667
10.6	8.3866
10.62	8.404819
10.64	8.423337
10.66	8.442152
10.68	8.461256
10.7	8.480659
10.72	8.500361
10.74	8.520355
10.76	8.540652
10.78	8.561243
10.8	8.582137
10.82	8.603326
10.84	8.624819
10.86	8.668706
10.88	8.691102
10.9	8.713801
10.92	8.736802
10.94	8.760108
10.96	8.783717
10.98	8.807632
11	8.831852
11.02	8.856379
11.04	8.88121
11.06	8.906351
11.08	8.931798
11.1	8.957555
11.12	9.009995
11.14	9.036679
11.16	9.063676
11.18	9.090982
11.2	9.118602
11.22	9.146533
11.24	9.174779
11.26	9.203337
11.28	9.23221
11.3	9.261397
11.32	9.2909
11.34	9.320719
11.36	9.350855
11.38	9.381307
11.4	9.412077
11.42	9.443164
11.44	9.474571
11.46	9.506296
11.48	9.538342
11.5	9.570706
11.52	9.636399
11.54	9.669728
11.56	9.703379
11.58	9.737352
11.6	9.771648
11.62	9.80627
11.64	9.841212
11.66	9.876481
11.68	9.912074
11.7	9.947993
11.72	9.984237
11.74	10.0577
11.76	10.09493
11.78	10.13248
11.8	10.17036
11.82	10.20857
11.84	10.2471
11.86	10.28597
11.88	10.32516
11.9	10.36469
11.92	10.40454
11.94	10.48524
11.96	10.52609
11.98	10.56727
12	10.60878
12.02	10.65063
12.04	10.6928
12.06	10.73531
12.08	10.77815
12.1	10.86484
12.12	10.90868
12.14	10.95286
12.16	10.99737
12.18	11.04222
12.2	11.0874
12.22	11.13291
12.24	11.17877
12.26	11.22496
12.28	11.27148
12.3	11.31834
12.32	11.36554
12.34	11.41307
12.36	11.46094
12.38	11.50915
12.4	11.60657
12.42	11.65579
12.44	11.70535
12.46	11.74026
12.48	11.76095
12.5	11.77847
12.52	11.79443
12.54	11.80909
12.56	11.82365
12.58	11.83838
12.6	11.85301
12.62	11.86767
12.64	11.88253
12.66	11.88293
12.68	11.87672
12.7	11.87776
12.72	11.85502
12.74	11.83137
12.76	11.80655
12.78	11.80976
12.8	11.80499
12.82	11.7878
12.84	11.77311
12.86	11.75856
12.88	11.74421
12.9	11.73011
12.92	11.71616
12.94	11.70238
12.96	11.68885
12.98	11.67546
13	11.66225
13.02	11.63645
13.04	11.6238
13.06	11.61139
13.08	11.59913
13.1	11.58704
13.12	11.57519
13.14	11.56349
13.16	11.55197
13.18	11.54068
13.2	11.52954
13.22	11.51858
13.24	11.50785
13.26	11.49728
13.28	11.48687
13.3	11.47671
13.32	11.46669
13.34	11.45685
13.36	11.43779
13.38	11.42851
13.4	11.41946
13.42	11.41057
13.44	11.40184
13.46	11.39336
13.48	11.38502
13.5	11.37686
13.52	11.36893
13.54	11.36115
13.56	11.34618
13.58	11.33896
13.6	11.33191
13.62	11.3251
13.64	11.31844
13.66	11.31195
13.68	11.3057
13.7	11.29111
13.72	11.28357
13.74	11.27609
13.76	11.26872
13.78	11.26128
13.8	11.25395
13.82	11.24667
13.84	11.23951
13.86	11.23235
13.88	11.21823
13.9	11.2113
13.92	11.20436
13.94	11.19752
13.96	11.19071
13.98	11.184
14	11.17729
14.02	11.17068
14.04	11.16409
14.06	11.15932
14.08	11.15392
14.1	11.14814
14.12	11.13345
14.14	11.12426
14.16	11.11366
14.18	11.11292
14.2	11.10641
14.22	11.10016
14.24	11.09274
14.26	11.08337
14.28	11.07216
14.3	11.09479
14.32	11.1101
14.34	11.12294
14.36	11.13431
14.38	11.14438
14.4	11.35544
14.42	11.46231
14.44	11.56916
14.46	11.82095
14.48	11.85326
14.5	11.91287
14.52	11.54825
14.54	11.82674
14.56	11.45918
14.58	11.28615
14.6	11.19802
14.62	11.09329
14.64	11.00374
14.66	10.89823
14.68	10.80798
14.7	10.70246
14.72	10.65695
14.74	10.66002
14.76	10.64524
14.78	10.62665
14.8	10.60709
14.82	10.56681
14.84	10.54624
14.86	10.5254
14.88	10.50429
14.9	10.48291
14.92	10.46126
14.94	10.43935
14.96	10.41717
14.98	10.39472
15	10.37201
15.02	10.34903
15.04	10.32579
15.06	10.30229
15.08	10.27853
15.1	10.25451
15.12	10.23023
15.14	10.20569
15.16	10.15584
15.18	10.13053
15.2	10.10497
15.22	10.07916
15.24	10.05309
15.26	10.02677
15.28	10.00021
15.3	9.973396
15.32	9.946339
15.34	9.891483
15.36	9.863688
15.38	9.835656
15.4	9.80738
15.42	9.778869
15.44	9.750116
15.46	9.721133
15.48	9.662459
15.5	9.632772
15.52	9.602861
15.54	9.572719
15.56	9.542353
15.58	9.511759
15.6	9.480946
15.62	9.418655
15.64	9.38718
15.66	9.355495
15.68	9.323592
15.7	9.291483
15.72	9.259159
15.74	9.226633
15.76	9.193896
15.78	9.160963
15.8	9.094491
15.82	9.060958
15.84	9.027235
15.86	8.993318
15.88	8.959217
15.9	8.924925
15.92	8.890454
15.94	8.855799
15.96	8.82097
15.98	8.785961
16	8.750786
16.02	8.715436
16.04	8.67992
16.06	8.644242
16.08	8.608404
16.1	8.572411
16.12	8.536263
16.14	8.463522
16.16	8.426938
16.18	8.390214
16.2	8.353356
16.22	8.316367
16.24	8.279251
16.26	8.242013
16.28	8.204656
16.3	8.167184
16.32	8.129603
16.34	8.091917
16.36	8.054132
16.38	8.01625
16.4	7.978277
16.42	7.90208
16.44	7.863865
16.46	7.825582
16.48	7.787233
16.5	7.748827
16.52	7.710368
16.54	7.671863
16.56	7.633317
16.58	7.594738
16.6	7.517503
16.62	7.478862
16.64	7.440215
16.66	7.401567
16.68	7.362928
16.7	7.324305
16.72	7.285705
16.74	7.247137
16.76	7.208609
16.78	7.170128
16.8	7.131705
16.82	7.093348
16.84	7.055066
16.86	7.016868
16.88	6.978765
16.9	6.914971
16.92	6.878473
16.94	6.833702
16.96	6.800375
16.98	6.774955
17	6.740338
17.02	6.667172
17.04	6.630445
17.06	6.59381
17.08	6.557295
17.1	6.520926
17.12	6.484722
17.14	6.448704
17.16	6.521981
17.18	6.595606
17.2	6.669331
17.22	6.816184
17.24	6.888902
17.26	6.960903
17.28	7.032017
17.3	7.102093
17.32	7.170989
17.34	7.050316
17.36	6.925438
17.38	6.796545
17.4	6.663839
17.42	6.527545
17.44	6.387915
17.46	6.245222
17.48	5.951904
17.5	5.802002
17.52	5.396005
17.54	5.717298
17.56	5.769049
17.58	5.765711
17.6	5.751837
17.62	5.736424
17.64	5.721281
17.66	5.692961
17.68	5.679872
17.7	5.667505
17.72	5.655858
17.74	5.644931
17.76	5.634725
17.78	5.625236
17.8	5.616462
17.82	5.608404
17.84	5.601057
17.86	5.59442
17.88	5.588491
17.9	5.583266
17.92	5.578743
17.94	5.574918
17.96	5.571787
17.98	5.569348
18	5.567596
18.02	5.566528
18.04	5.566422
18.06	5.568589
18.08	5.569189
18.1	5.571273
18.12	5.574171
18.14	5.577744
18.16	5.581961
18.18	5.586811
18.2	5.592286
18.22	5.598381
18.24	5.605089
18.26	5.612404
18.28	5.62032
18.3	5.628829
18.32	5.637927
18.34	5.647605
18.36	5.657857
18.38	5.680057
18.4	5.693087
18.42	5.704547
18.44	5.717326
18.46	5.730788
18.48	5.745684
18.5	5.759445
18.52	5.774312
18.54	5.789797
18.56	5.805795
18.58	5.839243
18.6	5.856674
18.62	5.874567
18.64	5.892914
18.66	5.911708
18.68	5.930943
18.7	5.95061
18.72	5.970704
18.74	5.991217
18.76	6.012143
18.78	6.033474
18.8	6.055204
18.82	6.077327
18.84	6.099836
18.86	6.122723
18.88	6.169609
18.9	6.193594
18.92	6.217934
18.94	6.24262
18.96	6.267648
18.98	6.293011
19	6.318703
19.02	6.344718
19.04	6.397695
19.06	6.424646
19.08	6.451898
19.1	6.479445
19.12	6.507282
19.14	6.535404
19.16	6.563806
19.18	6.592482
19.2	6.650638
19.22	6.680108
19.24	6.709833
19.26	6.73981
19.28	6.770032
19.3	6.800496
19.32	6.831197
19.34	6.862133
19.36	6.893295
19.38	6.924684
19.4	6.956294
19.42	6.98812
19.44	7.02016
19.46	7.084864
19.48	7.117521
19.5	7.150378
19.52	7.18343
19.54	7.216674
19.56	7.250107
19.58	7.283726
19.6	7.317527
19.62	7.351509
19.64	7.38567
19.66	7.420002
19.68	7.48918
19.7	7.52402
19.72	7.559022
19.74	7.594186
19.76	7.629507
19.78	7.664985
19.8	7.700616
19.82	7.736399
19.84	7.772332
19.86	7.844636
19.88	7.881005
19.9	7.917514
19.92	7.954164
19.94	7.990951
19.96	8.027874
19.98	8.064932
20	8.102121
20.02	8.139442
20.04	8.176893
20.06	8.177136
20.08	8.177067
20.1	8.176967
20.12	8.17686
20.14	8.176754
20.16	8.176654
20.18	8.176565
20.2	8.176415
20.22	8.176356
20.24	8.176307
20.26	8.176266
20.28	8.176234
20.3	8.214967
20.32	8.266582
20.34	7.510561
20.36	8.120783
20.38	7.361441
20.4	8.067272
20.42	7.306426
20.44	8.003348
20.46	7.942872
20.48	7.880008
20.5	7.87952
20.52	7.811692
20.54	7.805925
20.56	7.733338
20.58	7.722438
20.6	7.645342
20.62	7.629489
20.64	7.548174
20.66	6.427158
20.68	6.873577
20.7	6.99178
20.72	6.998099
20.74	7.001463
20.76	7.00432
20.78	7.007159
20.8	7.010079
20.82	7.013099
20.84	7.016223
20.86	7.019454
20.88	7.02279
20.9	7.029778
20.92	7.033431
20.94	7.037191
20.96	7.041057
20.98	7.045029
21	7.053291
21.02	7.057583
21.04	7.061981
21.06	7.066486
21.08	7.071097
21.1	7.075818
21.12	7.080645
21.14	7.085579
21.16	7.090621
21.18	7.095772
21.2	7.106396
21.22	7.111872
21.24	7.117456
21.26	7.123148
21.28	7.128948
21.3	7.134859
21.32	7.140878
21.34	7.153247
21.36	7.159595
21.38	7.166054
21.4	7.172623
21.42	7.179301
21.44	7.186093
21.46	7.192994
21.48	7.200006
21.5	7.20713
21.52	7.214365
21.54	7.221713
21.56	7.229171
21.58	7.236742
21.6	7.244426
21.62	7.260132
21.64	7.268154
21.66	7.276289
21.68	7.284538
21.7	7.292901
21.72	7.30138
21.74	7.309971
21.76	7.318676
21.78	7.327498
21.8	7.336435
21.82	7.345487
21.84	7.363935
21.86	7.373336
21.88	7.382851
21.9	7.392484
21.92	7.402232
21.94	7.412099
21.96	7.422082
21.98	7.432184
22	7.442402
22.02	7.45274
22.04	7.463195
22.06	7.47377
22.08	7.484462
22.1	7.495276
22.12	8.081965
22.14	8.075376
22.16	8.071274
22.18	8.064746
22.2	8.055814
22.22	8.044509
22.24	8.030862
22.26	8.01491
22.28	7.996694
22.3	7.976259
22.32	7.953654
22.34	7.928932
22.36	7.902153
22.38	7.87338
22.4	7.842681
22.42	7.810131
22.44	7.775811
22.46	7.702211
22.48	7.663123
22.5	7.622651
22.52	7.63886
22.54	7.599328
22.56	7.609251
22.58	7.627961
22.6	7.647412
22.62	7.665997
22.64	7.6834
22.66	7.699591
22.68	7.851713
22.7	8.004418
22.72	8.138156
22.74	8.134615
22.76	8.129476
22.78	8.121895
22.8	8.111904
22.82	8.099541
22.84	8.084846
22.86	8.067863
22.88	8.048639
22.9	8.003691
22.92	7.978084
22.94	7.950477
22.96	7.920942
22.98	7.934522
23	7.959419
23.02	7.971887
23.04	7.981825
23.06	7.991217
23.08	8.000458
23.1	8.018747
23.12	8.027813
23.14	8.03683
23.16	8.045798
23.18	8.054716
23.2	8.063586
23.22	8.076888
23.24	8.090898
23.26	8.105124
23.28	8.114799
23.3	8.123649
23.32	8.132279
23.34	8.140814
23.36	8.149278
23.38	8.166004
23.4	8.17427
23.42	8.18247
23.44	8.190605
23.46	8.198675
23.48	8.20668
23.5	8.21462
23.52	8.222496
23.54	8.230306
23.56	8.238052
23.58	8.245733
23.6	8.25335
23.62	8.268391
23.64	8.275814
23.66	8.283174
23.68	8.290469
23.7	8.297701
23.72	8.304869
23.74	8.311974
23.76	8.319015
23.78	8.325993
23.8	8.332907
23.82	8.339759
23.84	8.346546
23.86	8.353272
23.88	8.359935
23.9	8.366535
23.92	8.37767
23.94	8.379325
23.96	8.380418
23.98	8.38147
24	8.382524
24.02	8.383551
24.04	8.3846
24.06	8.385652
24.08	8.38669
24.1	8.387723
24.12	8.388985
24.14	8.390129
24.16	8.391245
24.18	8.39181
24.2	8.393771
24.22	8.394765
24.24	8.395793
24.26	8.396823
24.28	8.397839
24.3	8.398849
24.32	8.400118
24.34	8.401244
24.36	8.402331
24.38	8.402835
24.4	8.404737
24.42	8.405747
24.44	8.406714
24.46	8.407714
24.48	8.408713
24.5	8.409695
24.52	8.410665
24.54	8.411922
24.56	8.413008
24.58	8.414046
24.6	8.414477
24.62	8.415338
24.64	8.417249
24.66	8.418173
24.68	8.419129
24.7	8.420085
24.72	8.421025
24.74	8.421956
24.76	8.422874
24.78	8.424093
24.8	8.426112
24.82	8.426466
24.84	8.427265
24.86	8.428153
24.88	8.42906
24.9	8.429973
24.92	8.430836
24.94	8.431732
24.96	8.432627
24.98	8.433503
25	8.435218
25.02	8.436373
25.04	8.437338
25.06	8.438243
25.08	8.438538
25.1	8.439271
25.12	8.440091
25.14	8.440929
25.16	8.441774
25.18	8.442575
25.2	8.443407
25.22	8.444239
25.24	8.445057
25.26	8.445866
25.28	8.446663
25.3	8.448524
25.32	8.44942
25.34	8.450254
25.36	8.451074
25.38	8.451264
25.4	8.451919
25.42	8.452662
25.44	8.453426
25.46	8.454196
25.48	8.454921
25.5	8.455678
25.52	8.456434
25.54	8.457184
25.56	8.45792
25.58	8.458646
25.6	8.460055
25.62	8.461046
25.64	8.461854
25.66	8.462594
25.68	8.463317
25.7	8.464035
25.72	8.464114
25.74	8.464672
25.76	8.465323
25.78	8.465995
25.8	8.466671
25.82	8.468639
25.84	8.4693
25.86	8.469954
25.88	8.470599
25.9	8.471228
25.92	8.471843
25.94	8.472444
25.96	8.473027
25.98	8.473907
26	8.474595
26.02	8.47521
26.04	8.475808
26.06	8.475852
26.08	8.476321
26.1	8.476873
26.12	8.478021
26.14	8.478601
26.16	8.47918
26.18	8.47976
26.2	8.480339
26.22	8.480872
26.24	8.481436
26.26	8.481997
26.28	8.482553
26.3	8.483093
26.32	8.483624
26.34	8.484143
26.36	8.484649
26.38	8.485139
26.4	8.485611
26.42	8.486064
26.44	8.486807
26.46	8.487352
26.48	8.48829
26.5	8.488231
26.52	8.488575
26.54	8.488998
26.56	8.48944
26.58	8.489888
26.6	8.490338
26.62	8.490791
26.64	8.491245
26.66	8.491701
26.68	8.492157
26.7	8.493067
26.72	8.49352
26.74	8.493926
26.76	8.494363
26.78	8.494796
26.8	8.495224
26.82	8.49564
26.84	8.496046
26.86	8.496442
26.88	8.497199
26.9	8.497558
26.92	8.497899
26.94	8.498226
26.96	8.498534
26.98	8.498824
27	8.499092
27.02	8.499629
27.04	8.499988
27.06	8.500278
27.08	8.500356
27.1	8.500532
27.12	8.500781
27.14	8.501047
27.16	8.50132
27.18	8.501595
27.2	8.501875
27.22	8.502158
27.24	8.502443
27.26	8.502731
27.28	8.503022
27.3	8.503315
27.32	8.50361
27.34	8.504202
27.36	8.504499
27.38	8.504797
27.4	8.505095
27.42	8.505391
27.44	8.505687
27.46	8.50598
27.48	8.506521
27.5	8.5068
27.52	8.507077
27.54	8.507349
27.56	8.507612
27.58	8.50787
27.6	8.508121
27.62	8.508363
27.64	8.508597
27.66	8.508822
27.68	8.509039
27.7	8.50944
27.72	8.509624
27.74	8.509796
27.76	8.509955
27.78	8.510102
27.8	8.510236
27.82	8.510355
27.84	8.51046
27.86	8.543529
27.88	8.565531
27.9	8.585231
27.92	8.556398
27.94	8.526917
27.96	8.517618
27.98	8.508355
28	8.481458
28.02	8.472569
28.04	8.468228
28.06	8.465697
28.08	8.464381
28.1	8.464122
28.12	8.464841
28.14	8.46648
28.16	8.468987
28.18	8.47231
28.2	7.269619
28.22	7.535763
28.24	7.545382
28.26	7.547709
28.28	7.548591
28.3	7.549197
28.32	7.549762
28.34	7.550332
28.36	7.550918
28.38	7.552141
28.4	7.552779
28.42	7.553431
28.44	7.554101
28.46	7.55479
28.48	7.555497
28.5	7.556222
28.52	7.556965
28.54	7.557728
28.56	7.559299
28.58	7.560113
28.6	7.560946
28.62	7.561799
28.64	7.562671
28.66	7.563562
28.68	7.564469
28.7	7.565396
28.72	7.566343
28.74	7.568296
28.76	7.5693
28.78	7.570323
28.8	7.571367
28.82	7.572433
28.84	7.573519
28.86	7.574626
28.88	7.575751
28.9	7.576897
28.92	7.578065
28.94	7.579254
28.96	7.580462
28.98	7.581692
29	7.582943
29.02	7.584218
29.04	7.586832
29.06	7.588171
29.08	7.589534
29.1	7.590917
29.12	7.592323
29.14	7.593753
29.16	7.595208
29.18	7.596684
29.2	7.598184
29.22	7.599708
29.24	7.601258
29.26	7.602828
29.28	7.604423
29.3	7.606043
29.32	7.60769
29.34	7.609359
29.36	7.611054
29.38	7.61452
29.4	7.616291
29.42	7.618089
29.44	7.619915
29.46	7.621764
29.48	7.623641
29.5	7.625547
29.52	7.627477
29.54	7.629434
29.56	7.631421
29.58	7.633437
29.6	7.635478
29.62	7.637548
29.64	7.641773
29.66	7.64393
29.68	7.646115
29.7	7.648331
29.72	7.650578
29.74	7.652851
29.76	7.655156
29.78	7.657493
29.8	7.659859
29.82	7.662258
29.84	7.664689
29.86	7.667149
29.88	7.669641
29.9	7.672167
29.92	7.674724
29.94	7.677314
29.96	7.679936
29.98	7.685284
30	7.688006
30.02	7.690765
30.04	7.693556
30.06	7.696383
30.08	7.699246
30.1	7.702143
30.12	7.705076
30.14	7.708043
30.16	7.71409
30.18	7.717167
30.2	7.720283
30.22	7.723433
30.24	7.726623
30.26	7.729853
30.28	7.733118
30.3	7.736423
30.32	7.739764
30.34	7.743147
30.36	7.74657
30.38	7.753531
30.4	7.757073
30.42	7.760657
30.44	7.76428
30.46	7.767943
30.48	7.77165
30.5	7.775401
30.52	7.779191
30.54	7.783023
30.56	7.7869
30.58	7.790818
30.6	7.794782
30.62	7.798788
30.64	7.80284
30.66	7.811076
30.68	7.81526
30.7	7.819493
30.72	7.823769
30.74	7.828094
30.76	7.967618
30.78	8.046603
30.8	8.123637
30.82	8.271312
30.84	8.341712
30.86	8.328052
30.88	8.31199
30.9	8.293557
30.92	8.272789
30.94	8.224405
30.96	8.19688
30.98	8.167201
31	8.135423
31.02	8.101608
31.04	8.065824
31.06	8.02814
31.08	7.988637
31.1	7.947398
31.12	7.904513
31.14	7.914905
31.16	7.936064
31.18	7.944637
31.2	7.950717
31.22	7.95633
31.24	7.961881
31.26	7.967445
31.28	7.978674
31.3	7.984344
31.32	7.990047
31.34	7.995785
31.36	8.001559
31.38	8.00737
31.4	8.013212
31.42	8.019089
31.44	8.030948
31.46	8.036926
31.48	8.042937
31.5	8.048983
31.52	8.055062
31.54	8.061172
31.56	8.067313
31.58	8.073488
31.6	8.079696
31.62	8.092204
31.64	8.098503
31.66	8.104836
31.68	8.111199
31.7	8.117591
31.72	8.124015
31.74	8.130466
31.76	8.13695
31.78	8.143463
31.8	8.150005
31.82	8.156577
31.84	8.163176
31.86	8.169806
31.88	8.176464
31.9	8.183149
31.92	8.189865
31.94	8.203377
31.96	8.210176
31.98	8.217001
32	8.223854
32.02	8.230727
32.04	8.237628
32.06	8.244557
32.08	8.251516
32.1	8.258498
32.12	8.265511
32.14	8.279616
32.16	8.286708
32.18	8.293825
32.2	8.300967
32.22	8.308135
32.24	8.315329
32.26	8.329791
32.28	8.337058
32.3	8.344351
32.32	8.351669
32.34	8.359011
32.36	8.366377
32.38	8.381182
32.4	8.38862
32.42	8.396082
32.44	8.403568
32.46	8.411077
32.48	8.418609
32.5	8.426166
32.52	8.433744
32.54	8.441347
32.56	8.448972
32.58	8.456619
32.6	8.471984
32.62	8.4797
32.64	8.487439
32.66	8.4952
32.68	8.502983
32.7	8.510789
32.72	8.518617
32.74	8.526466
32.76	8.534338
32.78	8.542232
32.8	8.550146
32.82	8.558084
32.84	8.566042
32.86	8.582024
32.88	8.590047
32.9	8.598092
32.92	8.606158
32.94	8.614244
32.96	8.622353
32.98	8.630482
33	8.638632
33.02	8.646803
33.04	8.654995
33.06	8.663208
33.08	8.671442
33.1	8.679696
33.12	8.687972
33.14	8.704585
33.16	8.712923
33.18	8.72128
33.2	8.729659
33.22	8.738058
33.24	8.746477
33.26	8.754917
33.28	8.763377
33.3	8.771859
33.32	8.78036
33.34	8.788881
33.36	8.797423
33.38	8.805984
33.4	8.814568
33.42	8.82317
33.44	8.831792
33.46	8.840435
33.48	8.857782
33.5	8.866486
33.52	8.875209
33.54	8.883953
33.56	8.892716
33.58	8.901502
33.6	8.910306
33.62	8.919129
33.64	8.927975
33.66	8.936839
33.68	8.945725
33.7	8.95463
33.72	8.972501
33.74	8.981466
33.76	8.990454
33.78	8.999459
33.8	9.008485
33.82	9.017533
33.84	9.026599
33.86	9.044796
33.88	9.053923
33.9	9.063072
33.92	9.072241
33.94	9.08143
33.96	9.090641
33.98	9.099871
34	9.109122
34.02	9.127687
34.04	9.136999
34.06	9.146332
34.08	9.155687
34.1	9.165061
34.12	9.174459
34.14	9.183876
34.16	9.193313
34.18	9.202771
34.2	9.221753
34.22	9.231275
34.24	9.240816
34.26	9.250381
34.28	9.259966
34.3	9.269574
34.32	9.279202
34.34	9.288851
34.36	9.298523
34.38	9.308214
34.4	9.31793
34.42	9.327666
34.44	9.337422
34.46	9.347203
34.48	9.357006
34.5	9.376673
34.52	9.386541
34.54	9.396433
34.56	9.406344
34.58	9.416277
34.6	9.426234
34.62	9.436215
34.64	9.446217
34.66	9.45624
34.68	9.466288
34.7	9.476359
34.72	9.486451
34.74	9.496572
34.76	9.506716
34.78	9.516871
34.8	9.527055
34.82	9.547492
34.84	9.557743
34.86	9.568015
34.88	9.578308
34.9	9.588623
34.92	9.598974
34.94	9.609347
34.96	9.619745
34.98	9.630166
35	9.640614
35.02	9.651083
35.04	9.661578
35.06	9.672095
35.08	9.682641
35.1	9.693209
35.12	9.703802
35.14	9.725063
35.16	9.735731
35.18	9.746425
35.2	9.910743
35.22	9.91044
35.24	9.909234
35.26	9.906111
35.28	9.901089
35.3	9.894191
35.32	9.885444
35.34	9.874876
35.36	9.862523
35.38	9.848421
35.4	9.832613
35.42	9.815144
35.44	9.804025
35.46	9.812218
35.48	9.818111
35.5	9.823552
35.52	9.828911
35.54	9.834263
35.56	9.839629
35.58	9.845005
35.6	9.850391
35.62	9.8558
35.64	9.861217
35.66	9.866647
35.68	9.872088
35.7	9.877551
35.72	9.883024
35.74	9.88851
35.76	9.894018
35.78	9.905069
35.8	9.910614
35.82	9.916183
35.84	9.921762
35.86	9.927366
35.88	9.932981
35.9	9.938609
35.92	9.94426
35.94	9.949924
35.96	9.955602
35.98	9.961307
36	9.967026
36.02	9.978517
36.04	9.984288
36.06	9.990088
36.08	9.99224
36.1	9.992911
36.12	9.993025
36.14	9.979684
36.16	9.979307
36.18	9.981801
36.2	9.985145
36.22	9.988918
36.24	9.993026
36.26	9.995487
36.28	9.99606
36.3	9.995667
36.32	9.995342
36.34	9.995012
36.36	9.994691
36.38	9.99439
36.4	9.994117
36.42	9.993882
36.44	9.993692
36.46	11.79564
36.48	13.161
36.5	12.45936
36.52	12.44041
36.54	12.0824
36.56	12.411
36.58	12.04954
36.6	12.37121
36.62	12.0069
36.64	12.32118
36.66	11.96825
36.68	11.96347
36.7	11.96035
36.72	11.95747
36.74	11.95457
36.76	11.9516
36.78	11.94858
36.8	11.94242
36.82	11.93934
36.84	11.93628
36.86	11.93328
36.88	11.93036
36.9	11.92754
36.92	11.92486
36.94	11.92003
36.96	11.91794
36.98	11.91392
37	11.92413
37.02	11.91311
37.04	12