0.02	8.135672
0.04	8.769268
0.06	8.741014
0.08	8.736073
0.1	8.737403
0.12	8.739256
0.14	8.741508
0.16	8.744166
0.18	8.747266
0.2	8.750848
0.22	8.754965
0.24	8.765018
0.26	8.771075
0.28	8.777905
0.3	8.785581
0.32	8.794175
0.34	8.803768
0.36	8.814444
0.38	8.826285
0.4	8.839384
0.42	9.41879
0.44	9.707099
0.46	10.01377
0.48	10.3379
0.5	10.67744
0.52	11.03025
0.54	11.39434
0.56	11.76787
0.58	12.57364
0.6	12.77888
0.62	12.70186
0.64	12.71243
0.66	12.75669
0.68	12.81157
0.7	12.87174
0.72	12.93562
0.74	13.00316
0.76	13.17678
0.78	13.3105
0.8	13.455
0.82	13.60657
0.84	13.76359
0.86	13.92593
0.88	14.09343
0.9	14.48732
0.92	14.59688
0.94	14.61108
0.96	14.59464
0.98	14.58687
1	14.58361
1.02	14.58286
1.04	14.58364
1.06	14.58756
1.08	14.58169
1.1	14.57573
1.12	14.56975
1.14	14.56572
1.16	14.56388
1.18	14.55222
1.2	14.54728
1.22	14.54672
1.24	14.53068
1.26	13.74079
1.28	13.96507
1.3	13.21801
1.32	13.44127
1.34	12.71227
1.36	12.92851
1.38	12.22028
1.4	12.42906
1.42	11.94567
1.44	11.28929
1.46	11.47556
1.48	10.85249
1.5	11.02603
1.52	10.44629
1.54	10.60803
1.56	10.23489
1.58	9.907596
1.6	10.2006
1.62	9.866402
1.64	10.19002
1.66	9.830509
1.68	10.17205
1.7	9.79343
1.72	9.755022
1.74	10.12724
1.76	9.715219
1.78	10.10024
1.8	9.674032
1.82	10.02925
1.84	9.625155
1.86	9.975616
1.88	9.575506
1.9	9.525338
1.92	9.86417
1.94	9.474986
1.96	9.806982
1.98	9.424872
2	9.77665
2.02	9.375162
2.04	9.368933
2.06	9.750294
2.08	9.844005
2.1	9.534134
2.12	9.917695
2.14	9.605926
2.16	9.938583
2.18	9.543837
2.2	9.781701
2.22	9.406704
2.24	9.692003
2.26	9.610537
2.28	9.206964
2.3	9.532653
2.32	9.119376
2.34	9.469833
2.36	9.077823
2.38	9.433208
2.4	9.041643
2.42	9.398454
2.44	9.363922
2.46	8.969534
2.48	9.329245
2.5	8.93316
2.52	9.286652
2.54	8.956559
2.56	9.306326
2.58	8.993237
2.6	9.347736
2.62	9.297576
2.64	8.884346
2.66	9.243512
2.68	8.821758
2.7	9.190567
2.72	8.762439
2.74	9.136915
2.76	8.703634
2.78	9.082903
2.8	9.02685
2.82	8.585888
2.84	8.969924
2.86	8.526244
2.88	8.912624
2.9	8.466312
2.92	8.85509
2.94	8.406157
2.96	8.345835
2.98	8.739571
3	8.285399
3.02	8.681696
3.04	8.224909
3.06	8.622546
3.08	8.164423
3.1	8.564764
3.12	8.507099
3.14	8.043718
3.16	8.449617
3.18	7.983634
3.2	8.392385
3.22	7.923823
3.24	8.336538
3.26	7.86436
3.28	7.805323
3.3	8.223868
3.32	7.746795
3.34	8.168309
3.36	7.688859
3.38	8.113376
3.4	7.631606
3.42	8.059151
3.44	8.005723
3.46	7.51952
3.48	7.953183
3.5	7.464881
3.52	7.901625
3.54	7.411316
3.56	7.851147
3.58	7.358932
3.6	7.801847
3.62	7.753831
3.64	7.258152
3.66	7.707204
3.68	7.209988
3.7	7.662076
3.72	7.163469
3.74	7.61856
3.76	7.11872
3.78	7.075866
3.8	7.536823
3.82	7.035039
3.84	7.49884
3.86	6.996373
3.88	7.462943
3.9	6.960002
3.92	7.429254
3.94	7.397899
3.96	6.894693
3.98	7.369004
4	6.866033
4.02	7.342696
4.04	6.840221
4.06	7.319101
4.08	6.817397
4.1	7.298347
4.12	7.28056
4.14	6.781266
4.16	7.265863
4.18	6.768231
4.2	7.254383
4.22	7.246238
4.24	6.752884
4.26	7.241547
4.28	6.750826
4.3	7.240424
4.32	6.752672
4.34	7.242981
4.36	6.758537
4.38	7.249323
4.4	7.259551
4.42	6.782747
4.44	7.27376
4.46	6.801287
4.48	7.292041
4.5	6.824234
4.52	7.314476
4.54	6.851665
4.56	7.34114
4.58	7.372102
4.6	6.920245
4.62	7.407423
4.64	6.961502
4.66	7.447157
4.68	7.007463
4.7	7.491349
4.72	7.540038
4.74	7.114819
4.76	7.596424
4.78	7.173349
4.8	7.649819
4.82	7.238797
4.84	7.71681
4.86	7.776776
4.88	7.375942
4.9	7.844368
4.92	7.454075
4.94	7.919618
4.96	7.537411
4.98	7.999534
5	7.625368
5.02	7.717876
5.04	8.172735
5.06	7.814888
5.08	8.265926
5.1	7.916356
5.12	8.363466
5.14	8.022229
5.16	8.465316
5.18	8.571435
5.2	8.246974
5.22	8.681779
5.24	8.365727
5.26	8.796299
5.28	8.914947
5.3	8.61569
5.32	9.037667
5.34	8.74677
5.36	9.164408
5.38	8.881826
5.4	9.295112
5.42	9.429722
5.44	9.16361
5.46	9.568182
5.48	9.310202
5.5	9.71043
5.52	9.460505
5.54	9.856411
5.56	9.614456
5.58	10.00607
5.6	10.15933
5.62	9.933038
5.64	10.23258
5.66	9.915985
5.68	10.21552
5.7	9.894537
5.72	10.19308
5.74	9.868483
5.76	10.16518
5.78	9.83776
5.8	9.802376
5.82	10.09288
5.84	9.762403
5.86	10.04862
5.88	9.717991
5.9	9.999146
5.92	9.702309
5.94	9.70309
5.96	10.00588
5.98	9.705194
6	10.00822
6.02	9.709646
6.04	10.01282
6.06	9.716683
6.08	9.72639
6.1	10.02965
6.12	9.738814
6.14	10.03658
6.16	9.739303
6.18	10.03485
6.2	9.739851
6.22	10.0351
6.24	9.74231
6.26	9.746426
6.28	10.04106
6.3	9.752216
6.32	10.04649
6.34	9.759706
6.36	10.05358
6.38	9.768923
6.4	10.06236
6.42	9.77989
6.44	9.792638
6.46	10.08507
6.48	9.807188
6.5	10.09905
6.52	9.823566
6.54	10.11483
6.56	9.841797
6.58	10.13241
6.6	10.15182
6.62	9.883899
6.64	10.17309
6.66	9.907811
6.68	10.19623
6.7	9.933657
6.72	10.22126
6.74	10.2482
6.76	9.99122
6.78	10.27707
6.8	10.02297
6.82	10.30789
6.84	10.05671
6.86	10.34066
6.88	10.09247
6.9	10.13024
6.92	10.41212
6.94	10.17005
6.96	10.45084
6.98	10.2119
7	10.49157
7.02	10.53431
7.04	10.30175
7.06	10.57906
7.08	10.34977
7.1	10.62585
7.12	10.39985
7.14	10.67467
7.16	10.72553
7.18	10.50622
7.2	10.77844
7.22	10.56251
7.24	10.83338
7.26	10.62088
7.28	10.89037
7.3	10.68132
7.32	10.94941
7.34	11.01048
7.36	10.80839
7.38	11.07361
7.4	10.87503
7.42	11.13877
7.44	10.94371
7.46	11.20596
7.48	11.27519
7.5	11.08723
7.52	11.34644
7.54	11.2389
7.56	11.31776
7.58	11.57228
7.6	11.39863
7.62	11.65157
7.64	11.48149
7.66	11.73284
7.68	11.56635
7.7	11.81608
7.72	11.84762
7.74	11.82731
7.76	11.81262
7.78	11.79688
7.8	11.78014
7.82	11.76242
7.84	11.74377
7.86	11.70382
7.88	11.7004
7.9	11.70199
7.92	11.69833
7.94	11.69437
7.96	11.69029
7.98	11.68643
8	11.6833
8.02	11.67749
8.04	11.67546
8.06	11.67216
8.08	11.66039
8.1	11.64781
8.12	11.63502
8.14	11.62243
8.16	11.60996
8.18	11.58501
8.2	11.57285
8.22	11.56032
8.24	11.54849
8.26	11.53666
8.28	11.52445
8.3	11.51295
8.32	11.50145
8.34	11.48958
8.36	11.47841
8.38	11.45571
8.4	11.44486
8.42	11.43401
8.44	11.42282
8.46	11.41228
8.48	11.40175
8.5	11.39089
8.52	11.37047
8.54	11.36065
8.56	11.3501
8.58	11.34017
8.6	11.33064
8.62	11.3213
8.64	11.3112
8.66	11.30174
8.68	11.2838
8.7	11.27417
8.72	11.26517
8.74	11.25657
8.76	11.24811
8.78	11.23897
8.8	11.22239
8.82	11.21413
8.84	11.20553
8.86	11.19737
8.88	11.1897
8.9	11.18186
8.92	11.17374
8.94	11.1585
8.96	11.15131
8.98	11.1442
9	11.13654
9.02	11.12933
9.04	11.12237
9.06	11.11573
9.08	11.10915
9.1	11.09536
9.12	11.08891
9.14	11.08277
9.16	11.07668
9.18	11.07012
9.2	11.06394
9.22	11.05799
9.24	11.05218
9.26	11.0413
9.28	11.03531
9.3	11.02976
9.32	11.02442
9.34	11.01924
9.36	11.01437
9.38	11.0095
9.4	11.01973
9.42	11.02671
9.44	11.03198
9.46	11.03686
9.48	11.04155
9.5	11.04605
9.52	11.05031
9.54	11.05427
9.56	11.05785
9.58	11.0155
9.6	10.99169
9.62	10.96614
9.64	10.93885
9.66	10.93667
9.68	10.9328
9.7	10.93338
9.72	10.93452
9.74	11.04423
9.76	11.09437
9.78	11.10479
9.8	11.10493
9.82	11.10549
9.84	11.09095
9.86	11.05801
9.88	11.09237
9.9	10.75908
9.92	10.6526
9.94	10.54664
9.96	10.44147
9.98	10.33738
10	10.2815
10.02	10.27702
10.04	10.26802
10.06	10.25785
10.08	10.24727
10.1	10.23631
10.12	10.22511
10.14	10.21359
10.16	10.18973
10.18	10.17739
10.2	10.16474
10.22	10.1518
10.24	10.13862
10.26	10.12513
10.28	10.11135
10.3	10.08299
10.32	10.06837
10.34	10.05351
10.36	10.03834
10.38	10.02289
10.4	10.00719
10.42	9.991198
10.44	9.974914
10.46	9.94157
10.48	9.924461
10.5	9.907118
10.52	9.889474
10.54	9.871546
10.56	9.853385
10.58	9.834926
10.6	9.797212
10.62	9.777943
10.64	9.758393
10.66	9.738614
10.68	9.718529
10.7	9.698217
10.72	9.677599
10.74	9.63561
10.76	9.614207
10.78	9.592533
10.8	9.570605
10.82	9.548409
10.84	9.52596
10.86	9.503243
10.88	9.480277
10.9	9.433564
10.92	9.40982
10.94	9.385828
10.96	9.361576
10.98	9.337078
11	9.312321
11.02	9.287321
11.04	9.262064
11.06	9.236567
11.08	9.184823
11.1	9.158579
11.12	9.132099
11.14	9.10537
11.16	9.078407
11.18	9.051195
11.2	9.023755
11.22	8.968154
11.24	8.939997
11.26	8.911615
11.28	8.882994
11.3	8.854152
11.32	8.825071
11.34	8.795774
11.36	8.766243
11.38	8.736497
11.4	8.70652
11.42	8.645917
11.44	8.615294
11.46	8.584449
11.48	8.553399
11.5	8.52213
11.52	8.490661
11.54	8.458976
11.56	8.395004
11.58	8.362722
11.6	8.330233
11.62	8.297557
11.64	8.264678
11.66	8.231619
11.68	8.198361
11.7	8.164929
11.72	8.097507
11.74	8.063522
11.76	8.029374
11.78	7.995044
11.8	7.960556
11.82	7.92589
11.84	7.891073
11.86	7.856086
11.88	7.785658
11.9	7.750224
11.92	7.714633
11.94	7.678901
11.96	7.64303
11.98	7.607025
12	7.570866
12.02	7.534658
12.04	7.461682
12.06	7.425065
12.08	7.38834
12.1	7.351512
12.12	7.314585
12.14	7.277553
12.16	7.240401
12.18	7.165921
12.2	7.128572
12.22	7.091259
12.24	7.053781
12.26	7.016246
12.28	6.978662
12.3	6.941034
12.32	6.865673
12.34	6.827953
12.36	6.790216
12.38	6.75247
12.4	6.714722
12.42	6.67698
12.44	6.63925
12.46	6.601543
12.48	6.563865
12.5	6.488635
12.52	6.451098
12.54	6.413628
12.56	6.376234
12.58	6.338923
12.6	6.301708
12.62	6.264598
12.64	6.190737
12.66	6.154008
12.68	6.11743
12.7	6.081012
12.72	6.038476
12.74	6.003225
12.76	6.20293
12.78	6.407484
12.8	6.826967
12.82	6.563222
12.84	6.768986
12.86	6.495217
12.88	6.695314
12.9	6.411803
12.92	6.60599
12.94	6.221544
12.96	6.144086
12.98	6.063329
13	5.891857
13.02	5.801116
13.04	5.707023
13.06	5.609568
13.08	5.508743
13.1	5.296961
13.12	5.277143
13.14	5.282732
13.16	5.262515
13.18	5.237495
13.2	5.211912
13.22	5.186622
13.24	5.161806
13.26	5.113733
13.28	5.090502
13.3	5.067819
13.32	5.045692
13.34	5.024131
13.36	5.003142
13.38	4.982734
13.4	4.962915
13.42	5.039829
13.44	5.014379
13.46	4.985765
13.48	4.953962
13.5	4.918948
13.52	4.880704
13.54	4.839213
13.56	4.797745
13.58	4.784261
13.6	4.77519
13.62	4.763884
13.64	4.752678
13.66	4.742048
13.68	4.732088
13.7	4.721736
13.72	4.696768
13.74	4.673489
13.76	4.655428
13.78	4.632384
13.8	4.682547
13.82	4.730546
13.84	4.771344
13.86	4.84846
13.88	4.885964
13.9	4.775968
13.92	4.807967
13.94	4.690897
13.96	4.717464
13.98	4.539836
14	4.453022
14.02	4.469295
14.04	4.419083
14.06	4.403607
14.08	4.349493
14.1	4.382924
14.12	4.412778
14.14	4.439061
14.16	4.480948
14.18	4.496573
14.2	4.50867
14.22	4.517252
14.24	4.524317
14.26	4.541473
14.28	4.559056
14.3	4.575818
14.32	4.591603
14.34	4.622251
14.36	4.636592
14.38	4.649912
14.4	4.662412
14.42	4.674127
14.44	4.685167
14.46	4.695533
14.48	4.715305
14.5	4.723935
14.52	4.73186
14.54	4.739054
14.56	4.74596
14.58	4.753558
14.6	4.761573
14.62	4.769948
14.64	4.778682
14.66	4.797236
14.68	4.807068
14.7	4.817281
14.72	4.827878
14.74	4.838867
14.76	4.850251
14.78	4.862041
14.8	4.886851
14.82	4.899883
14.84	4.913344
14.86	4.927234
14.88	4.941564
14.9	4.956335
14.92	4.971555
14.94	5.003394
14.96	5.020015
14.98	5.037126
15	5.054698
15.02	5.072729
15.04	5.091186
15.06	5.110158
15.08	5.129628
15.1	5.170057
15.12	5.191023
15.14	5.212496
15.16	5.234478
15.18	5.256975
15.2	5.279987
15.22	5.303521
15.24	5.327576
15.26	5.377268
15.28	5.402911
15.3	5.429087
15.32	5.455799
15.34	5.48305
15.36	5.510843
15.38	5.539178
15.4	5.568058
15.42	5.62746
15.44	5.657984
15.46	5.68906
15.48	5.720689
15.5	5.75287
15.52	5.785607
15.54	5.8189
15.56	5.852748
15.58	5.887154
15.6	5.922118
15.62	5.993721
15.64	6.03036
15.66	6.067559
15.68	6.105317
15.7	6.143634
15.72	6.186122
15.74	6.22618
15.76	6.287471
15.78	6.329148
15.8	6.371969
15.82	6.415466
15.84	6.459542
15.86	6.504176
15.88	6.549354
15.9	6.595071
15.92	6.768826
15.94	6.893676
15.96	7.015783
15.98	7.135072
16	7.251479
16.02	7.475421
16.04	7.582868
16.06	7.68725
16.08	7.788539
16.1	7.60496
16.12	7.429027
16.14	7.26182
16.16	7.14097
16.18	7.383864
16.2	7.446117
16.22	7.504454
16.24	7.561525
16.26	7.617834
16.28	7.818065
16.3	8.018203
16.32	8.217916
16.34	8.416916
16.36	8.811769
16.38	8.899507
16.4	8.896544
16.42	8.90796
16.44	8.917464
16.46	8.925123
16.48	8.931011
16.5	8.935204
16.52	8.93778
16.54	8.938826
16.56	8.936682
16.58	8.933683
16.6	8.929535
16.62	8.924345
16.64	8.918226
16.66	8.911294
16.68	8.903673
16.7	8.895492
16.72	8.877986
16.74	8.868946
16.76	8.859916
16.78	8.913136
16.8	8.96773
16.82	9.017599
16.84	9.065851
16.86	9.113978
16.88	9.347062
16.9	9.500204
16.92	9.528938
16.94	9.546878
16.96	9.563217
16.98	9.578002
17	9.591286
17.02	9.603124
17.04	9.613575
17.06	9.630578
17.08	9.637269
17.1	9.642851
17.12	9.647405
17.14	9.651014
17.16	9.653769
17.18	9.655761
17.2	9.695421
17.22	9.747172
17.24	9.823323
17.26	9.86025
17.28	9.897325
17.3	9.934677
17.32	9.972317
17.34	10.01024
17.36	10.04844
17.38	10.08693
17.4	10.16453
17.42	10.20386
17.44	10.24346
17.46	10.28334
17.48	10.3235
17.5	10.36393
17.52	10.40464
17.54	10.4869
17.56	10.52843
17.58	10.55234
17.6	10.5709
17.62	10.58817
17.64	10.60466
17.66	10.6058
17.68	10.60974
17.7	10.61054
17.72	10.62372
17.74	10.664
17.76	10.66668
17.78	10.66347
17.8	10.67485
17.82	10.69027
17.84	10.70687
17.86	10.72421
17.88	10.75754
17.9	10.77317
17.92	10.78058
17.94	10.78696
17.96	10.79371
17.98	10.80109
18	10.80913
18.02	10.8178
18.04	10.83694
18.06	10.83615
18.08	10.83379
18.1	10.82989
18.12	10.82448
18.14	10.81763
18.16	10.80937
18.18	10.79976
18.2	10.78886
18.22	10.77674
18.24	10.82269
18.26	10.84082
18.28	10.85746
18.3	10.87362
18.32	10.88971
18.34	10.90607
18.36	10.93856
18.38	10.95507
18.4	10.97149
18.42	10.9879
18.44	11.00457
18.46	11.02115
18.48	11.05455
18.5	11.07128
18.52	11.10499
18.54	11.12188
18.56	11.13878
18.58	11.15589
18.6	11.17294
18.62	11.18999
18.64	11.20724
18.66	11.24164
18.68	11.25903
18.7	11.27637
18.72	11.29372
18.74	11.31125
18.76	11.32873
18.78	11.34623
18.8	11.36389
18.82	11.39915
18.84	11.41695
18.86	11.43471
18.88	11.45248
18.9	11.47041
18.92	11.48831
18.94	11.50622
18.96	11.52427
18.98	11.56035
19	11.57853
19.02	11.59669
19.04	11.61487
19.06	11.63318
19.08	11.65147
19.1	11.66979
19.12	11.68821
19.14	11.72508
19.16	11.74362
19.18	11.76217
19.2	11.78075
19.22	11.79761
19.24	11.81242
19.26	11.82661
19.28	11.84081
19.3	11.86894
19.32	11.88278
19.34	11.88303
19.36	11.87756
19.38	11.88469
19.4	11.87433
19.42	11.86142
19.44	11.83683
19.46	11.62766
19.48	11.58158
19.5	11.56798
19.52	11.56263
19.54	11.56072
19.56	11.56128
19.58	11.57056
19.6	11.5658
19.62	11.56712
19.64	11.76569
19.66	11.79905
19.68	11.80068
19.7	11.80583
19.72	11.83354
19.74	11.85454
19.76	11.91649
19.78	12.0492
19.8	11.67846
19.82	11.68798
19.84	11.69524
19.86	11.70024
19.88	11.70298
19.9	11.70349
19.92	11.70176
19.94	11.63758
19.96	11.63137
19.98	11.55273
20	11.21446
20.02	10.89528
20.04	10.59784
20.06	10.36718
20.08	10.44029
20.1	10.43982
20.12	10.4164
20.14	10.33459
20.16	10.27901
20.18	10.5659
20.2	10.86961
20.22	11.18797
20.24	11.51899
20.26	11.86086
20.28	12.0494
20.3	12.20498
20.32	12.53131
20.34	12.70913
20.36	12.55411
20.38	12.39631
20.4	12.23598
20.42	12.07336
20.44	11.90873
20.46	11.74238
20.48	11.31109
20.5	11.05558
20.52	10.89655
20.54	10.43487
20.56	10.1045
20.58	9.775356
20.6	9.993398
20.62	10.05175
20.64	10.0556
20.66	10.0582
20.68	10.06058
20.7	10.06315
20.72	10.06595
20.74	10.06884
20.76	10.07189
20.78	10.07866
20.8	10.08238
20.82	10.0862
20.84	10.0903
20.86	10.09453
20.88	10.09903
20.9	10.10363
20.92	10.10852
20.94	10.11354
20.96	10.12423
20.98	10.12986
21	10.13566
21.02	10.13639
21.04	10.13348
21.06	10.12983
21.08	10.1263
21.1	10.12277
21.12	10.11552
21.14	10.11181
21.16	10.10814
21.18	10.10447
21.2	10.10094
21.22	10.09722
21.24	10.09354
21.26	10.08619
21.28	10.08255
21.3	10.07897
21.32	10.07533
21.34	10.07155
21.36	10.06794
21.38	10.06429
21.4	10.0605
21.42	10.05325
21.44	10.04946
21.46	10.04586
21.48	10.04208
21.5	10.03839
21.52	10.03476
21.54	10.03104
21.56	10.02741
21.58	10.02013
21.6	10.01649
21.62	10.01289
21.64	10.00923
21.66	10.00565
21.68	10.00215
21.7	9.998478
21.72	9.994899
21.74	9.987781
21.76	9.984271
21.78	9.980856
21.8	9.977262
21.82	9.973774
21.84	9.970338
21.86	9.966846
21.88	9.960127
21.9	9.956643
21.92	9.953273
21.94	9.949958
21.96	9.946589
21.98	9.943308
22	9.940132
22.02	9.933559
22.04	9.930392
22.06	9.927175
22.08	9.92405
22.1	9.921035
22.12	9.91785
22.14	9.9148
22.16	9.911809
22.18	9.905829
22.2	9.903005
22.22	9.900013
22.24	9.897163
22.26	9.894377
22.28	9.891545
22.3	9.888819
22.32	9.886213
22.34	9.880825
22.36	9.878272
22.38	9.875678
22.4	9.873219
22.42	9.870712
22.44	9.868341
22.46	9.865921
22.48	9.863641
22.5	9.861312
22.52	9.859123
22.54	9.854797
22.56	9.85266
22.58	9.85067
22.6	9.848635
22.62	9.846747
22.64	9.844817
22.66	9.843039
22.68	9.839551
22.7	9.837891
22.72	9.836307
22.74	9.834754
22.76	9.833283
22.78	9.831849
22.8	9.830501
22.82	9.82919
22.84	9.826783
22.86	9.825689
22.88	9.824638
22.9	9.823679
22.92	9.822763
22.94	9.821941
22.96	9.821164
22.98	9.820484
23	9.819316
23.02	9.81883
23.04	9.818444
23.06	9.818109
23.08	9.817878
23.1	9.817698
23.12	9.817623
23.14	9.817688
23.16	9.817829
23.18	9.818082
23.2	9.81839
23.22	9.818812
23.24	9.819291
23.26	9.820539
23.28	9.821311
23.3	9.822143
23.32	9.823096
23.34	9.824111
23.36	9.825249
23.38	9.82645
23.4	9.827777
23.42	9.829169
23.44	9.832274
23.46	9.833992
23.48	9.835776
23.5	9.837693
23.52	9.83968
23.54	9.841802
23.56	9.843994
23.58	9.848725
23.6	9.851269
23.62	9.853885
23.64	9.856644
23.66	9.859476
23.68	9.862454
23.7	9.865508
23.72	9.871989
23.74	9.875419
23.76	9.878926
23.78	9.882586
23.8	9.886327
23.82	9.890222
23.84	9.894197
23.86	9.89833
23.88	9.90692
23.9	9.911378
23.92	9.915998
23.94	9.920704
23.96	9.925572
23.98	9.935649
24	9.940858
24.02	9.946235
24.04	9.9517
24.06	9.957337
24.08	9.963062
24.1	9.968962
24.12	9.974951
24.14	9.981115
24.16	9.987372
24.18	10.00033
24.2	10.00704
24.22	10.01384
24.24	10.02082
24.26	10.02789
24.28	10.03515
24.3	10.04251
24.32	10.05005
24.34	10.06551
24.36	10.07343
24.38	10.08154
24.4	10.08975
24.42	10.09815
24.44	10.10665
24.46	10.11535
24.48	10.13313
24.5	10.14222
24.52	10.15151
24.54	10.1609
24.56	10.17048
24.58	10.18017
24.6	10.19006
24.62	10.21025
24.64	10.22055
24.66	10.23105
24.68	10.24166
24.7	10.25247
24.72	10.26339
24.74	10.27451
24.76	10.28574
24.78	10.29718
24.8	10.32048
24.82	10.33234
24.84	10.34441
24.86	10.35659
24.88	10.36898
24.9	10.38148
24.92	10.3942
24.94	10.42005
24.96	10.4332
24.98	10.44656
25	10.46003
25.02	10.47371
25.04	10.48751
25.06	10.50152
25.08	10.52999
25.1	10.54444
25.12	10.55912
25.14	10.5739
25.16	10.58891
25.18	10.60402
25.2	10.61936
25.22	10.63481
25.24	10.65048
25.26	10.66626
25.28	10.69838
25.3	10.71472
25.32	10.73117
25.34	10.74785
25.36	10.76464
25.38	10.78165
25.4	10.79877
25.42	10.81613
25.44	10.83359
25.46	10.86908
25.48	10.88711
25.5	10.90524
25.52	10.92361
25.54	10.94209
25.56	10.9608
25.58	10.97961
25.6	10.99866
25.62	11.0372
25.64	11.05669
25.66	11.07641
25.68	11.09624
25.7	11.11631
25.72	11.04777
25.74	11.0826
25.76	11.17544
25.78	11.20737
25.8	11.23159
25.82	11.25466
25.84	11.27789
25.86	11.30129
25.88	11.32461
25.9	11.59269
25.92	11.63765
25.94	11.41819
25.96	11.68304
25.98	11.46576
26	11.72944
26.02	11.51429
26.04	11.74559
26.06	11.73066
26.08	11.72142
26.1	11.71102
26.12	11.69949
26.14	11.68686
26.16	11.67315
26.18	11.65842
26.2	11.6427
26.22	11.60847
26.24	11.59006
26.26	11.57087
26.28	11.55096
26.3	11.53039
26.32	11.53644
26.34	11.54143
26.36	11.54538
26.38	11.55076
26.4	11.55539
26.42	11.56062
26.44	11.56626
26.46	11.57244
26.48	11.5789
26.5	11.58569
26.52	11.59302
26.54	11.60856
26.56	11.61703
26.58	11.62577
26.6	11.63485
26.62	11.64447
26.64	11.65435
26.66	11.66457
26.68	11.67532
26.7	11.69771
26.72	11.7096
26.74	11.72177
26.76	11.7225
26.78	11.71873
26.8	11.73666
26.82	11.75903
26.84	11.80601
26.86	11.82976
26.88	11.83086
26.9	11.86452
26.92	11.86261
26.94	11.89225
26.96	11.89039
26.98	11.91079
27	11.90558
27.02	11.89397
27.04	11.89096
27.06	11.8887
27.08	11.88686
27.1	11.88531
27.12	11.88405
27.14	11.88253
27.16	11.88231
27.18	11.98123
27.2	11.90913
27.22	11.87441
27.24	11.84534
27.26	11.81493
27.28	11.53944
27.3	11.15921
27.32	11.00991
27.34	10.85657
27.36	10.69632
27.38	10.85547
27.4	10.51626
27.42	10.68374
27.44	10.32299
27.46	10.50224
27.48	10.31532
27.5	9.946939
27.52	10.12399
27.54	9.753558
27.56	9.928246
27.58	9.556716
27.6	9.728179
27.62	9.356598
27.64	9.523001
27.66	9.398372
27.68	9.094262
27.7	9.308151
27.72	8.973543
27.74	9.194279
27.76	8.852676
27.78	9.080523
27.8	8.736243
27.82	8.624731
27.84	8.866712
27.86	8.518399
27.88	8.766768
27.9	8.417376
27.92	8.672061
27.94	8.321754
27.96	8.582671
27.98	8.231619
28	8.446488
28.02	8.242224
28.04	8.354226
28.06	8.147666
28.08	8.258098
28.1	8.049726
28.12	8.158083
28.14	8.054246
28.16	7.710036
28.18	7.998499
28.2	7.78402
28.22	8.087527
28.24	7.759913
28.26	8.070348
28.28	7.720685
28.3	8.035851
28.32	7.683086
28.34	7.650514
28.36	7.973559
28.38	7.623646
28.4	7.950188
28.42	7.602602
28.44	7.932367
28.46	7.587382
28.48	7.92009
28.5	7.913316
28.52	7.574243
28.54	7.911987
28.56	7.576206
28.58	7.916036
28.6	7.583757
28.62	7.925383
28.64	7.939943
28.66	7.615258
28.68	7.95962
28.7	7.639001
28.72	7.984311
28.74	7.66792
28.76	8.013904
28.78	7.701889
28.8	8.048284
28.82	8.087328
28.84	7.784452
28.86	8.114884
28.88	7.818011
28.9	8.137999
28.92	7.845201
28.94	8.160087
28.96	8.181959
28.98	7.893227
29	8.203905
29.02	7.916304
29.04	8.22598
29.06	7.956831
29.08	8.242552
29.1	7.967885
29.12	8.256222
29.14	8.269597
29.16	7.995415
29.18	8.288366
29.2	8.296584
29.22	8.304711
29.24	8.310961
29.26	8.315356
29.28	8.317925
29.3	8.317721
29.32	8.315025
29.34	8.31066
29.36	8.304677
29.38	8.29713
29.4	8.28808
29.42	8.277592
29.44	8.325693
29.46	8.346999
29.48	8.366493
29.5	8.402907
29.52	8.425279
29.54	8.448669
29.56	8.472394
29.58	8.496465
29.6	8.520729
29.62	8.5453
29.64	8.570053
29.66	8.595101
29.68	8.620322
29.7	8.671499
29.72	8.697443
29.74	8.723546
29.76	8.749912
29.78	8.77643
29.8	8.803201
29.82	8.852627
29.84	8.859663
29.86	8.862143
29.88	8.855812
29.9	8.853616
29.92	8.864007
29.94	8.826345
29.96	8.779033
29.98	8.783441
30	8.731747
30.02	8.742537
30.04	8.686584
30.06	8.704165
30.08	8.644182
30.1	8.668687
30.12	8.611762
30.14	8.577624
30.16	8.59909
30.18	8.568059
30.2	8.616961
30.22	8.595021
30.24	8.641671
30.26	8.609781
30.28	8.656938
30.3	8.673496
30.32	8.654307
30.34	8.636253
30.36	8.620741
30.38	8.608005
30.4	8.598032
30.42	8.590775
30.44	8.594592
30.46	8.378731
30.48	8.170849
30.5	7.972186
30.52	7.819946
30.54	7.875451
30.56	7.898621
30.58	7.916485
30.6	7.934524
30.62	8.118382
30.64	8.019643
30.66	8.232573
30.68	8.078954
30.7	8.099024
30.72	8.112997
30.74	8.125902
30.76	8.151766
30.78	8.164966
30.8	8.178358
30.82	8.191952
30.84	8.20575
30.86	8.219746
30.88	8.233945
30.9	8.248346
30.92	8.262949
30.94	8.277756
30.96	8.307976
30.98	8.323394
31	8.339012
31.02	8.354837
31.04	8.370871
31.06	8.387101
31.08	8.403543
31.1	8.437044
31.12	8.454107
31.14	8.471381
31.16	8.488853
31.18	8.506539
31.2	8.524442
31.22	8.542539
31.24	8.560856
31.26	8.57939
31.28	8.617069
31.3	8.63624
31.32	8.655604
31.34	8.675202
31.36	8.694994
31.38	8.715022
31.4	8.735243
31.42	8.755703
31.44	8.776357
31.46	8.797252
31.48	8.839691
31.5	8.861238
31.52	8.88301
31.54	8.904998
31.56	8.927212
31.58	8.949643
31.6	8.972302
31.62	8.99518
31.64	9.034196
31.66	9.039106
31.68	9.052761
31.7	8.901473
31.72	8.968855
31.74	8.987028
31.76	8.9724
31.78	8.952354
31.8	8.932363
31.82	8.89594
31.84	8.879705
31.86	8.864769
31.88	8.851103
31.9	8.711823
31.92	8.576317
31.94	8.445173
31.96	8.349297
31.98	8.431153
32	8.545945
32.02	8.47791
32.04	8.593658
32.06	8.508855
32.08	8.588864
32.1	8.526896
32.12	8.538185
32.14	8.60833
32.16	8.539513
32.18	8.605584
32.2	8.534578
32.22	8.596507
32.24	8.5499
32.26	8.564848
32.28	8.579046
32.3	8.608017
32.32	8.622987
32.34	8.638299
32.36	8.653983
32.38	8.669999
32.4	8.68636
32.42	8.703097
32.44	8.720168
32.46	8.755383
32.48	8.773515
32.5	8.791997
32.52	8.810861
32.54	8.830061
32.56	8.849613
32.58	8.869551
32.6	8.889821
32.62	8.93147
32.64	8.952826
32.66	8.974542
32.68	8.996625
32.7	9.019068
32.72	9.041881
32.74	9.065055
32.76	9.088599
32.78	9.136788
32.8	9.161435
32.82	9.186454
32.84	9.211842
32.86	9.237603
32.88	9.263735
32.9	9.287253
32.92	9.29556
32.94	9.308453
32.96	9.314577
32.98	9.320889
33	9.327149
33.02	9.33314
33.04	9.339407
33.06	9.345894
33.08	9.358522
33.1	9.364938
33.12	9.371665
33.14	9.378537
33.16	9.384586
33.18	9.391163
33.2	9.398097
33.22	9.405163
33.24	9.418076
33.26	9.425199
33.28	9.43245
33.3	9.438759
33.32	9.445666
33.34	9.452971
33.36	9.460403
33.38	9.466856
33.4	9.481406
33.42	9.489015
33.44	9.495612
33.46	9.502844
33.48	9.510497
33.5	9.518278
33.52	9.525019
33.54	9.540232
33.56	9.548182
33.58	9.555066
33.6	9.562613
33.62	9.570601
33.64	9.578716
33.66	9.58574
33.68	9.593441
33.7	9.60987
33.72	9.617032
33.74	9.624884
33.76	9.633192
33.78	9.64163
33.8	9.64893
33.82	9.65693
33.84	9.673988
33.86	9.681422
33.88	9.689567
33.9	9.698184
33.92	9.70693
33.94	9.714496
33.96	9.722784
33.98	9.73155
34	9.748034
34.02	9.756858
34.04	9.765197
34.06	9.773823
34.08	9.782773
34.1	9.791324
34.12	9.800127
34.14	9.809231
34.16	9.817964
34.18	9.836205
34.2	9.845107
34.22	9.854247
34.24	9.872749
34.26	9.882056
34.28	9.891659
34.3	9.900888
34.32	9.91036
34.34	9.920131
34.36	9.929523
34.38	9.949096
34.4	9.95865
34.42	9.968448
34.44	9.978552
34.46	9.988265
34.48	9.998226
34.5	10.0085
34.52	10.01837
34.54	10.03893
34.56	10.04896
34.58	10.05924
34.6	10.06984
34.62	10.08003
34.64	10.09047
34.66	10.10123
34.68	10.11157
34.7	10.1331
34.72	10.1436
34.74	10.15436
34.76	10.16544
34.78	10.1761
34.8	10.18701
34.82	10.19825
34.84	10.22013
34.86	10.23153
34.88	10.24249
34.9	10.25372
34.92	10.26528
34.94	10.27639
34.96	10.29948
34.98	10.31074
35	10.33413
35.02	10.34555
35.04	10.35722
35.06	10.36924
35.08	10.3808
35.1	10.39263
35.12	10.4048
35.14	10.42848
35.16	10.4408
35.18	10.45265
35.2	10.46477
35.22	10.47723
35.24	10.48923
35.26	10.50149
35.28	10.5141
35.3	10.53865
35.32	10.5514
35.34	10.56368
35.36	10.57623
35.38	10.58913
35.4	10.60129
35.42	10.61384
35.44	10.62678
35.46	10.65219
35.48	10.66533
35.5	10.67802
35.52	10.69079
35.54	10.70338
35.56	10.71607
35.58	10.72895
35.6	10.75517
35.62	10.76832
35.64	10.7818
35.66	10.79481
35.68	10.80808
35.7	10.82171
35.72	10.83484
35.74	10.84824
35.76	10.862
35.78	10.8888
35.8	10.90269
35.82	10.91608
35.84	10.92974
35.86	10.94377
35.88	10.95728
35.9	10.97107
35.92	10.98522
35.94	10.99886
35.96	11.02705
35.98	11.04081
36	11.05485
36.02	11.06925
36.04	11.08314
36.06	11.0973
36.08	11.11182
36.1	11.14011
36.12	11.15475
36.14	11.16887
36.16	11.18327
36.18	11.19804
36.2	11.21227
36.22	11.22679
36.24	11.24167
36.26	11.27066
36.28	11.28566
36.3	11.30012
36.32	11.31487
36.34	11.32998
36.36	11.34456
36.38	11.35941
36.4	11.37464
36.42	11.38933
36.44	11.41963
36.46	11.43443
36.48	11.4495
36.5	11.46495
36.52	11.47985
36.54	11.49503
36.56	11.52559
36.58	11.54088
36.6	11.55654
36.62	11.57165
36.64	11.58704
36.66	11.6028
36.68	11.61802
36.7	11.63351
36.72	11.66469
36.74	11.68028
36.76	11.69624
36.78	11.71166
36.8	11.72735
36.82	11.74341
36.84	11.75893
36.86	11.77471
36.88	11.80648
36.9	11.80973
36.92	11.80404
36.94	11.81479
36.96	11.81321
36.98	11.80884
37	11.8049
37.02	11.79135
37.04	11.76225
37.06	11.77081
37.08	11.74633
37.1	11.72466
37.12	11.70157
37.14	11.67701
37.16	11.651
37.18	11.62357
37.2	11.56457
37.22	11.53308
37.24	11.50031
37.26	11.46633
37.28	11.43117
37.3	11.42695
37.32	11.45505
37.34	11.47641
37.36	11.56262
37.38	11.66193
37.4	11.72102
37.42	11.73502
37.44	11.74158
37.46	11.74143
37.48	11.74264
37.5	11.7456
37.52	11.75356
37.54	11.68054
37.56	11.62933
37.58	11.55508
37.6	11.50238
37.62	11.42633
37.64	11.37153
37.66	11.29358
37.68	11.15913
37.7	11.10216
37.72	10.96812
37.74	11.02279
37.76	11.05362
37.78	11.05362
37.8	11.0475
37.82	11.04025
37.84	11.03286
37.86	11.02555
37.88	11.00506
37.9	11.02434
37.92	11.02249
37.94	11.21943
37.96	11.43415
37.98	11.65622
38	11.69835
38.02	11.70675
38.04	11.74858
38.06	11.80509
38.08	11.80159
38.1	11.64674
38.12	11.74353
38.14	11.58619
38.16	11.67715
38.18	11.60271
38.2	11.44189
38.22	11.52049
38.24	11.35878
38.26	11.1763
38.28	10.99878
38.3	10.82682
38.32	10.50232
38.34	10.39396
38.36	10.45011
38.38	10.45942
38.4	10.43439
38.42	10.44945
38.44	10.45075
38.46	10.44946
38.48	10.44782
38.5	10.44468
38.52	10.44329
38.54	10.44212
38.56	10.44117
38.58	10.44029
38.6	10.43964
38.62	10.43907
38.64	10.43873
38.66	10.43856
38.68	10.43876
38.7	10.43902
38.72	10.43953
38.74	10.44026
38.76	10.44106
38.78	10.442
38.8	10.4445
38.82	10.44606
38.84	10.44769
38.86	10.44865
38.88	10.44517
38.9	10.60184
38.92	10.76665
38.94	10.93885
38.96	11.06518
38.98	11.22932
39	11.48068
39.02	11.27299
39.04	11.25076
39.06	11.22648
39.08	11.20013
39.1	11.17174
39.12	11.14132
39.14	11.1089
39.16	11.03818
39.18	10.99995
39.2	10.95986
39.22	10.91795
39.24	10.87426
39.26	10.82886
39.28	10.78178
39.3	10.73309
39.32	10.68286
39.34	10.57801
39.36	10.52354
39.38	10.46783
39.4	10.41098
39.42	10.35308
39.44	10.29424
39.46	10.23456
39.48	10.2377
39.5	10.22986
39.52	10.21839
39.54	10.20635
39.56	10.19435
39.58	10.18251
39.6	10.17086
39.62	10.14815
39.64	10.13709
39.66	10.12624
39.68	10.11559
39.7	10.10516
39.72	10.09493
39.74	10.08493
39.76	10.07513
39.78	10.06556
39.8	10.04708
39.82	10.03818
39.84	10.02951
39.86	10.02107
39.88	10.01288
39.9	10.00491
39.92	9.9972
39.94	9.989721
39.96	9.97552
39.98	9.968803
40	9.962334
40.02	9.956134
40.04	9.950187
40.06	9.944517
40.08	9.939107
40.1	9.933979
40.12	9.924546
40.14	9.920246
40.16	9.916243
40.18	9.912519
40.2	9.909098
40.22	9.905961
40.24	9.903135
40.26	9.898386
40.28	9.896469
40.3	9.894876
40.32	9.893589
40.34	9.890157
40.36	9.884624
40.38	9.878896
40.4	9.87342
40.42	9.862761
40.44	9.852516
40.46	9.847554
40.48	9.842735
40.5	9.83799
40.52	9.833355
40.54	9.828754
40.56	9.824265
40.58	9.815485
40.6	9.811199
40.62	9.807034
40.64	9.802918
40.66	9.798929
40.68	9.794992
40.7	9.791185
40.72	9.783818
40.74	9.780261
40.76	9.776845
40.78	9.773491
40.8	9.770283
40.82	9.767139
40.84	9.764147
40.86	9.761222
40.88	9.755756
40.9	9.753221
40.92	9.750759
40.94	9.748465
40.96	9.746246
40.98	9.744201
41	9.742236
41.02	9.740448
41.04	9.737222
41.06	9.735787
41.08	9.73454
41.1	9.733382
41.12	9.732417
41.14	9.731545
41.16	9.730873
41.18	9.730296
41.2	9.729648
41.22	9.729582
41.24	9.729619
41.26	9.729869
41.28	9.730226
41.3	9.7308
41.32	9.731484
41.34	9.733412
41.36	9.734659
41.38	9.736023
41.4	9.73762
41.42	9.739336
41.44	9.741291
41.46	9.743366
41.48	9.74813
41.5	9.750823
41.52	9.753642
41.54	9.756716
41.56	9.759919
41.58	9.763381
41.6	9.766975
41.62	9.770833
41.64	10.07576
41.66	9.758815
41.68	10.07972
41.7	9.763333
41.72	10.08857
41.74	9.772617
41.76	10.0989
41.78	9.783536
41.8	9.796438
41.82	10.06557
41.84	9.811279
41.86	10.08042
41.88	9.825118
41.9	10.09448
41.92	10.11004
41.94	9.856044
41.96	10.04113
41.98	9.873721
42	10.05979
42.02	9.893418
42.04	10.08045
42.06	9.915128
42.08	9.938862
42.1	10.12776
42.12	9.964635
42.14	10.10079
42.16	9.982683
42.18	10.12197
42.2	10.00533
42.22	10.14539
42.24	10.16999
42.26	10.05488
42.28	10.19579
42.3	10.08144
42.32	10.18719
42.34	10.11004
42.36	10.21672
42.38	10.24839
42.4	10.17372
42.42	10.28143
42.44	10.20651
42.46	10.31364
42.48	10.23851
42.5	10.23504
42.52	10.2658
42.54	10.27678
42.56	10.30687
42.58	10.32199
42.6	10.35002
42.62	10.36894
42.64	10.39484
42.66	10.41746
42.68	10.70385
42.7	10.90173
42.72	11.00198
42.74	11.20947
42.76	11.30848
42.78	11.52467
42.8	11.62224
42.82	11.91388
42.84	11.89524
42.86	11.87616
42.88	11.85537
42.9	11.83291
42.92	11.80883
42.94	11.78316
42.96	11.75597
42.98	11.72731
43	11.66579
43.02	11.63307
43.04	11.59913
43.06	11.56405
43.08	11.52792
43.1	11.4908
43.12	11.4528
43.14	11.37452
43.16	11.33444
43.18	11.29389
43.2	11.25297
43.22	11.21182
43.24	11.17056
43.26	11.12931
43.28	11.04746
43.3	11.00714
43.32	10.96745
43.34	10.98991
43.36	11.01442
43.38	11.03461
43.4	11.05369
43.42	11.07165
43.44	11.10655
43.46	11.12553
43.48	11.14488
43.5	11.16472
43.52	11.18489
43.54	11.20553
43.56	11.22649
43.58	11.26969
43.6	11.29192
43.62	11.31448
43.64	11.33751
43.66	11.36086
43.68	11.38467
43.7	11.43342
43.72	11.45834
43.74	11.48373
43.76	11.50944
43.78	11.53561
43.8	11.56211
43.82	11.58906
43.84	11.61633
43.86	11.67211
43.88	11.70062
43.9	11.72944
43.92	11.75872
43.94	11.75822
43.96	11.76839
43.98	11.735