0.02	11.38317
0.04	11.77317
0.06	11.62187
0.08	12.37456
0.1	13.77959
0.12	14.24941
0.14	14.1498
0.16	14.13355
0.18	14.28325
0.2	14.16289
0.22	14.29716
0.24	14.16029
0.26	14.41028
0.28	14.26225
0.3	14.43183
0.32	14.23895
0.34	14.42444
0.36	14.23716
0.38	14.24723
0.4	14.41829
0.42	14.26776
0.44	14.41527
0.46	14.2732
0.48	13.47735
0.5	13.68188
0.52	12.91795
0.54	13.14558
0.56	12.42172
0.58	12.66002
0.6	11.98257
0.62	12.23177
0.64	11.86988
0.66	11.31311
0.68	11.58353
0.7	11.1016
0.72	11.38152
0.74	10.98346
0.76	11.27155
0.78	11.06442
0.8	11.47999
0.82	11.32815
0.84	11.55819
0.86	11.27255
0.88	11.49677
0.9	11.22796
0.92	11.21172
0.94	11.1732
0.96	11.15493
0.98	11.13695
1	11.11851
1.02	11.09999
1.04	11.08094
1.06	11.06179
1.08	11.04211
1.1	11.02232
1.12	11.00201
1.14	10.96048
1.16	10.93925
1.18	10.91768
1.2	10.89583
1.22	10.87364
1.24	10.85116
1.26	10.82834
1.28	10.80524
1.3	10.78179
1.32	10.75807
1.34	10.734
1.36	10.68497
1.38	10.66001
1.4	10.6347
1.42	10.60912
1.44	10.5832
1.46	10.55701
1.48	10.53047
1.5	10.50366
1.52	10.47652
1.54	10.42135
1.56	10.39332
1.58	10.36496
1.6	10.33633
1.62	10.30737
1.64	10.27814
1.66	10.24858
1.68	10.21875
1.7	10.1886
1.72	10.15817
1.74	10.09641
1.76	10.06507
1.78	10.03347
1.8	10.00155
1.82	9.969366
1.84	9.936863
1.86	9.9041
1.88	9.871021
1.9	9.837685
1.92	9.804034
1.94	9.770127
1.96	9.735911
1.98	9.701441
2	9.666663
2.02	9.631634
2.04	9.5963
2.06	9.524835
2.08	9.488705
2.1	9.452278
2.12	9.415607
2.14	9.378644
2.16	9.341439
2.18	9.303945
2.2	9.266214
2.22	9.228197
2.24	9.189947
2.26	9.151415
2.28	9.353219
2.3	9.308208
2.32	9.260652
2.34	9.210538
2.36	9.157857
2.38	9.102603
2.4	9.044771
2.42	8.984361
2.44	8.921374
2.46	8.787696
2.48	8.717023
2.5	8.643812
2.52	8.568084
2.54	8.52903
2.56	8.376977
2.58	8.723043
2.6	8.344017
2.62	8.696819
2.64	8.267605
2.66	8.62459
2.68	8.181937
2.7	8.542463
2.72	8.093799
2.74	8.004591
2.76	8.372224
2.78	7.914628
2.8	8.285978
2.82	7.824003
2.84	8.1992
2.86	7.73277
2.88	8.111945
2.9	7.640975
2.92	8.024264
2.94	7.548664
2.96	7.936208
2.98	7.455889
3	7.362702
3.02	7.759188
3.04	7.269162
3.06	7.67034
3.08	7.175327
3.1	7.581353
3.12	7.081264
3.14	7.492292
3.16	6.987042
3.18	7.403231
3.2	6.892735
3.22	7.314244
3.24	6.798422
3.26	7.225414
3.28	6.704186
3.3	7.136827
3.32	6.61012
3.34	7.048573
3.36	6.516318
3.38	6.422886
3.4	6.87346
3.42	6.329932
3.44	6.786811
3.46	6.237574
3.48	6.700919
3.5	6.145939
3.52	6.615905
3.54	6.055161
3.56	6.531898
3.58	5.965381
3.6	6.449035
3.62	5.876753
3.64	6.367458
3.66	6.287319
3.68	5.703613
3.7	6.208778
3.72	5.619456
3.74	6.132001
3.76	5.537162
3.78	6.057164
3.8	5.456937
3.82	5.984451
3.84	5.378998
3.86	5.914052
3.88	5.303571
3.9	5.846167
3.92	5.230894
3.94	5.781002
3.96	5.161216
3.98	5.71877
4	5.094796
4.02	5.031901
4.04	5.603987
4.06	4.972808
4.08	5.55189
4.1	4.917795
4.12	5.503632
4.14	4.86715
4.16	5.459443
4.18	4.821159
4.2	5.419559
4.22	4.780108
4.24	5.384212
4.26	4.744282
4.28	5.353628
4.3	4.711336
4.32	5.323191
4.34	4.670799
4.36	5.279068
4.38	4.620764
4.4	5.224834
4.42	5.160748
4.44	4.517966
4.46	5.136573
4.48	4.504626
4.5	5.130276
4.52	4.517482
4.54	5.149694
4.56	4.564483
4.58	5.207811
4.6	4.621916
4.62	5.265121
4.64	4.679233
4.66	5.318359
4.68	4.727891
4.7	5.357125
4.72	5.386611
4.74	4.800584
4.76	5.409197
4.78	4.844779
4.8	5.454288
4.82	4.898699
4.84	5.503366
4.86	4.95866
4.88	5.557936
4.9	5.024892
4.92	5.618273
4.94	5.097366
4.96	5.684391
4.98	5.175986
5	5.756246
5.02	5.260634
5.04	5.833768
5.06	5.35118
5.08	5.916873
5.1	5.447479
5.12	5.549385
5.14	6.099453
5.16	5.656741
5.18	6.198716
5.2	5.769391
5.22	6.303145
5.24	5.887201
5.26	6.414088
5.28	6.009776
5.3	6.526892
5.32	6.645731
5.34	6.269377
5.36	6.770464
5.38	6.405734
5.4	6.897933
5.42	6.546669
5.44	7.030458
5.46	6.691837
5.48	7.167459
5.5	6.841115
5.52	7.308675
5.54	6.994343
5.56	7.453963
5.58	7.15139
5.6	7.603204
5.62	7.312132
5.64	7.756285
5.66	7.476454
5.68	7.913101
5.7	7.644246
5.72	7.815403
5.74	8.237526
5.76	7.989826
5.78	8.16742
5.8	8.575705
5.82	8.348098
5.84	8.749724
5.86	8.531775
5.88	8.718369
5.9	9.030382
5.92	9.012448
5.94	9.02095
5.96	9.028046
5.98	9.0338
6	9.038281
6.02	9.041563
6.04	8.796745
6.06	8.935914
6.08	8.987868
6.1	9.022292
6.12	9.053519
6.14	9.084422
6.16	9.115579
6.18	9.147099
6.2	9.211318
6.22	9.244022
6.24	9.277122
6.26	9.310622
6.28	9.34452
6.3	9.378818
6.32	9.413514
6.34	9.440848
6.36	9.452547
6.38	9.461338
6.4	9.469233
6.42	9.476705
6.44	9.491294
6.46	9.498649
6.48	9.50632
6.5	9.51343
6.52	9.520822
6.54	9.528303
6.56	9.536194
6.58	9.543336
6.6	9.550835
6.62	9.558439
6.64	9.566487
6.66	9.581326
6.68	9.589049
6.7	9.59723
6.72	9.60456
6.74	9.612287
6.76	9.620124
6.78	9.628428
6.8	9.635864
6.82	9.643704
6.84	9.651656
6.86	9.660079
6.88	9.675573
6.9	9.683637
6.92	9.692175
6.94	9.699824
6.96	9.707885
6.98	9.716057
7	9.724709
7.02	9.732463
7.04	9.740631
7.06	9.748911
7.08	9.757671
7.1	9.765529
7.12	9.773804
7.14	9.782187
7.16	9.791057
7.18	9.799016
7.2	9.807394
7.22	9.815882
7.24	9.824856
7.26	9.832914
7.28	9.849983
7.3	9.859061
7.32	9.867218
7.34	9.875798
7.36	9.884486
7.38	9.893098
7.4	9.901917
7.42	9.910661
7.44	9.919416
7.46	9.92836
7.48	9.937237
7.5	9.946128
7.52	9.964207
7.54	9.973228
7.56	9.98243
7.58	9.991567
7.6	10.00072
7.62	10.01005
7.64	10.01931
7.66	10.02859
7.68	10.03805
7.7	10.04744
7.72	10.05685
7.74	10.06644
7.76	10.07596
7.78	10.08549
7.8	10.10485
7.82	10.1145
7.84	10.12434
7.86	10.13411
7.88	10.14389
7.9	10.15386
7.92	10.16375
7.94	10.17365
7.96	10.18374
7.98	10.19375
8	10.20378
8.02	10.21399
8.04	10.22412
8.06	10.23427
8.08	10.2446
8.1	10.25485
8.12	10.26512
8.14	10.27543
8.16	10.29592
8.18	10.30625
8.2	10.31659
8.22	10.32702
8.24	10.33766
8.26	10.3482
8.28	10.35876
8.3	10.3695
8.32	10.38013
8.34	10.39045
8.36	10.40096
8.38	10.41144
8.4	10.42213
8.42	10.43301
8.44	10.44381
8.46	10.45462
8.48	10.47652
8.5	10.48744
8.52	10.49856
8.54	10.50951
8.56	10.5205
8.58	10.5317
8.6	10.54282
8.62	10.55394
8.64	10.56526
8.66	10.57649
8.68	10.58773
8.7	10.59916
8.72	10.61038
8.74	10.62172
8.76	10.63325
8.78	10.65637
8.8	10.66822
8.82	10.67995
8.84	10.69124
8.86	10.70281
8.88	10.71422
8.9	10.72563
8.92	10.73727
8.94	10.74879
8.96	10.7603
8.98	10.78365
9	10.79528
9.02	10.80711
9.04	10.81883
9.06	10.83056
9.08	10.84249
9.1	10.85431
9.12	10.86615
9.14	10.87818
9.16	10.89011
9.18	10.90204
9.2	10.91417
9.22	10.9262
9.24	10.95047
9.26	10.9626
9.28	10.97473
9.3	10.98707
9.32	10.99929
9.34	11.01153
9.36	11.02396
9.38	11.03628
9.4	11.04861
9.42	11.06113
9.44	11.07355
9.46	11.08598
9.48	11.0986
9.5	11.11111
9.52	11.13634
9.54	11.14895
9.56	11.16156
9.58	11.17437
9.6	11.18706
9.62	11.19976
9.64	11.21266
9.66	11.22545
9.68	11.23824
9.7	11.25123
9.72	11.2641
9.74	11.27698
9.76	11.30302
9.78	11.31598
9.8	11.32915
9.82	11.3422
9.84	11.35525
9.86	11.3685
9.88	11.38163
9.9	11.39477
9.92	11.4081
9.94	11.42132
9.96	11.43454
9.98	11.44795
10	11.46125
10.02	11.48805
10.04	11.50143
10.06	11.51481
10.08	11.52839
10.1	11.54185
10.12	11.55531
10.14	11.56897
10.16	11.5825
10.18	11.59604
10.2	11.60978
10.22	11.62339
10.24	11.63701
10.26	11.65082
10.28	11.6782
10.3	11.69209
10.32	11.70586
10.34	11.71962
10.36	11.73359
10.38	11.74743
10.4	11.76126
10.42	11.7753
10.44	11.78921
10.46	11.80312
10.48	11.81723
10.5	11.8452
10.52	11.85938
10.54	11.87343
10.56	11.8846
10.58	11.88281
10.6	11.87821
10.62	11.87446
10.64	11.87091
10.66	11.86755
10.68	11.86521
10.7	11.86698
10.72	11.86898
10.74	11.86996
10.76	11.86966
10.78	11.86501
10.8	11.86067
10.82	11.85502
10.84	11.84811
10.86	11.83997
10.88	11.83063
10.9	11.82012
10.92	11.80846
10.94	11.79566
10.96	11.78173
10.98	11.7667
11	11.75559
11.02	11.74652
11.04	11.73816
11.06	11.72256
11.08	11.71523
11.1	11.70821
11.12	11.7015
11.14	11.6951
11.16	11.68901
11.18	11.68323
11.2	11.67776
11.22	11.6726
11.24	11.66775
11.26	11.6632
11.28	11.65897
11.3	11.65504
11.32	11.65142
11.34	11.64812
11.36	11.64511
11.38	11.64242
11.4	11.63796
11.42	11.6362
11.44	11.63474
11.46	11.63276
11.48	11.63222
11.5	11.63199
11.52	11.63207
11.54	11.63317
11.56	11.63418
11.58	11.6355
11.6	11.63713
11.62	11.63908
11.64	11.64133
11.66	11.64387
11.68	11.64672
11.7	11.64988
11.72	11.65335
11.74	11.65714
11.76	11.66122
11.78	11.66561
11.8	11.67032
11.82	11.67533
11.84	11.68628
11.86	11.69223
11.88	11.69847
11.9	11.70503
11.92	11.71189
11.94	11.71907
11.96	11.72657
11.98	11.73436
12	11.74248
12.02	11.75963
12.04	11.76868
12.06	11.77803
12.08	11.7877
12.1	11.79768
12.12	11.84151
12.14	11.82858
12.16	11.82938
12.18	11.82903
12.2	11.82756
12.22	11.82131
12.24	11.8166
12.26	11.82796
12.28	11.83644
12.3	11.84458
12.32	11.85289
12.34	11.86144
12.36	11.87028
12.38	11.87934
12.4	11.88456
12.42	11.8857
12.44	11.88495
12.46	11.88404
12.48	11.88299
12.5	11.88195
12.52	11.88096
12.54	11.87912
12.56	11.87827
12.58	11.87746
12.6	11.87671
12.62	11.87601
12.64	11.87535
12.66	11.87474
12.68	11.87419
12.7	11.87368
12.72	11.87323
12.74	11.87283
12.76	11.87248
12.78	11.87194
12.8	11.90532
12.82	11.89501
12.84	11.8911
12.86	11.88739
12.88	11.90034
12.9	11.74455
12.92	11.83149
12.94	11.64993
12.96	11.78857
12.98	11.75675
13	11.56158
13.02	11.72826
13.04	11.52695
13.06	11.70176
13.08	11.45522
13.1	11.6573
13.12	11.40337
13.14	11.61829
13.16	11.35116
13.18	11.57631
13.2	11.3112
13.22	11.5297
13.24	11.2676
13.26	11.48817
13.28	11.23665
13.3	11.25484
13.32	11.25064
13.34	11.24226
13.36	11.23328
13.38	11.22446
13.4	11.20792
13.42	11.20015
13.44	11.19281
13.46	11.18579
13.48	11.17911
13.5	11.17287
13.52	11.16144
13.54	11.15622
13.56	11.15144
13.58	11.14697
13.6	11.14294
13.62	11.13918
13.64	11.13586
13.66	11.13285
13.68	11.13028
13.7	11.12799
13.72	11.12613
13.74	11.12459
13.76	11.12266
13.78	11.12226
13.8	11.12219
13.82	11.12255
13.84	11.12319
13.86	11.12426
13.88	11.12566
13.9	11.12749
13.92	11.12959
13.94	11.13214
13.96	11.135
13.98	11.14188
14	11.1459
14.02	11.15024
14.04	11.15492
14.06	11.16005
14.08	11.16549
14.1	11.17128
14.12	11.17752
14.14	11.18407
14.16	11.19097
14.18	11.19831
14.2	11.20597
14.22	11.21398
14.24	11.22244
14.26	11.23121
14.28	11.2499
14.3	11.25978
14.32	11.27002
14.34	11.2807
14.36	11.29171
14.38	11.30306
14.4	11.31486
14.42	11.32698
14.44	11.33945
14.46	11.35237
14.48	11.3656
14.5	11.37883
14.52	11.37935
14.54	11.37673
14.56	11.37516
14.58	11.37355
14.6	11.37198
14.62	11.37049
14.64	11.36907
14.66	11.36771
14.68	11.36644
14.7	11.36523
14.72	11.3641
14.74	11.36304
14.76	11.36206
14.78	11.36116
14.8	11.35956
14.82	11.35889
14.84	11.3583
14.86	11.35779
14.88	11.35735
14.9	11.35701
14.92	11.35674
14.94	11.48968
14.96	11.64971
14.98	11.6467
15	11.66262
15.02	11.64023
15.04	11.63893
15.06	11.63842
15.08	11.63807
15.1	11.63776
15.12	11.63749
15.14	11.80242
15.16	11.89193
15.18	13.31992
15.2	13.46188
15.22	13.48996
15.24	13.49501
15.26	13.49531
15.28	13.49339
15.3	13.49205
15.32	13.49303
15.34	13.50282
15.36	13.51147
15.38	13.51167
15.4	13.51006
15.42	13.508
15.44	13.50576
15.46	13.50341
15.48	13.50098
15.5	13.49847
15.52	13.49331
15.54	13.49068
15.56	13.48804
15.58	13.48542
15.6	13.48282
15.62	13.48028
15.64	13.47779
15.66	13.4754
15.68	13.47312
15.7	13.47098
15.72	13.46899
15.74	13.46558
15.76	13.40556
15.78	13.37659
15.8	13.35407
15.82	13.33332
15.84	13.31365
15.86	13.29518
15.88	13.27822
15.9	13.51943
15.92	13.30182
15.94	13.54971
15.96	13.32133
15.98	13.56052
16	13.3386
16.02	13.56867
16.04	13.35419
16.06	13.5