0.02	4.952378
0.04	5.078809
0.06	6.566215
0.08	6.594986
0.1	6.603482
0.12	6.613197
0.14	6.618449
0.16	6.624325
0.18	6.630856
0.2	6.63805
0.22	6.645907
0.24	6.654433
0.26	6.663632
0.28	6.67351
0.3	6.684065
0.32	6.695305
0.34	6.707237
0.36	6.719859
0.38	7.045751
0.4	7.383028
0.42	7.729437
0.44	8.207109
0.46	8.325863
0.48	8.320067
0.5	8.312206
0.52	8.361144
0.54	8.406612
0.56	8.448551
0.58	8.4869
0.6	8.521605
0.62	8.552611
0.64	8.061493
0.66	7.606212
0.68	7.584879
0.7	7.538801
0.72	7.514286
0.74	7.488951
0.76	7.46293
0.78	7.492954
0.8	7.536626
0.82	7.565762
0.84	7.592408
0.86	7.61897
0.88	7.645943
0.9	7.673419
0.92	7.701427
0.94	7.729968
0.96	7.759052
0.98	7.788676
1	7.818851
1.02	7.849573
1.04	7.880852
1.06	7.94508
1.08	7.978035
1.1	8.011561
1.12	8.045653
1.14	8.080321
1.16	8.115561
1.18	8.151383
1.2	8.187789
1.22	8.224778
1.24	8.262356
1.26	8.300525
1.28	8.339287
1.3	8.378645
1.32	8.418602
1.34	8.459162
1.36	8.500325
1.38	8.542096
1.4	8.584476
1.42	8.627469
1.44	8.671076
1.46	8.760144
1.48	8.80561
1.5	8.851699
1.52	8.898415
1.54	8.945759
1.56	8.993733
1.58	9.042339
1.6	9.091581
1.62	9.097304
1.64	9.169134
1.66	9.262832
1.68	9.369879
1.7	9.691284
1.72	9.651257
1.74	9.969863
1.76	9.907937
1.78	10.22297
1.8	10.44946
1.82	10.36752
1.84	10.67187
1.86	10.53259
1.88	10.7378
1.9	10.5789
1.92	10.7621
1.94	10.60376
1.96	10.81361
1.98	10.55368
2	10.77369
2.02	10.48059
2.04	10.70868
2.06	10.41006
2.08	10.64556
2.1	10.35034
2.12	10.59274
2.14	10.30279
2.16	10.55158
2.18	10.26623
2.2	10.25375
2.22	10.23284
2.24	10.22382
2.26	10.21549
2.28	10.20776
2.3	10.20061
2.32	10.19399
2.34	10.18788
2.36	10.18224
2.38	10.17706
2.4	10.1723
2.42	10.16794
2.44	10.43144
2.46	10.15968
2.48	10.42329
2.5	10.41622
2.52	10.14664
2.54	10.41005
2.56	10.14146
2.58	10.40477
2.6	10.13723
2.62	10.40043
2.64	10.134
2.66	10.39707
2.68	10.13182
2.7	10.39476
2.72	10.13074
2.74	10.39353
2.76	10.37836
2.78	10.36237
2.8	10.34454
2.82	10.32489
2.84	10.30345
2.86	10.28025
2.88	10.25532
2.9	10.22871
2.92	10.20046
2.94	10.13921
2.96	10.10632
2.98	10.07201
3	10.03633
3.02	9.999364
3.04	10.00172
3.06	10.01125
3.08	10.01252
3.1	10.01224
3.12	10.01171
3.14	10.0113
3.16	10.01099
3.18	10.01087
3.2	10.01105
3.22	10.01135
3.24	10.01188
3.26	10.01252
3.28	10.01299
3.3	10.01195
3.32	10.00896
3.34	10.006
3.36	10.00325
3.38	10.00041
3.4	9.997564
3.42	9.994703
3.44	9.948583
3.46	9.897917
3.48	9.846094
3.5	9.794424
3.52	9.743223
3.54	9.692611
3.56	9.642653
3.58	9.593421
3.6	9.544972
3.62	9.500044
3.64	9.47977
3.66	9.458113
3.68	9.435122
3.7	9.410852
3.72	9.358722
3.74	9.330995
3.76	9.302258
3.78	9.309871
3.8	9.316049
3.82	9.320811
3.84	9.325146
3.86	9.399782
3.88	9.474168
3.9	9.528015
3.92	9.535985
3.94	9.524501
3.96	9.518919
3.98	9.503206
4	9.493145
4.02	9.481668
4.04	9.468823
4.06	9.454659
4.08	9.439233
4.1	9.422604
4.12	9.435134
4.14	9.438002
4.16	9.43924
4.18	9.480331
4.2	9.491883
4.22	9.509169
4.24	9.521273
4.26	9.547015
4.28	9.559812
4.3	9.573065
4.32	9.58638
4.34	9.600217
4.36	9.669912
4.38	9.672685
4.4	9.694413
4.42	9.668578
4.44	9.683135
4.46	9.673528
4.48	9.654373
4.5	9.666791
4.52	9.651458
4.54	9.507388
4.56	9.370794
4.58	9.269541
4.6	9.36972
4.62	9.403638
4.64	9.424273
4.66	9.442469
4.68	9.460412
4.7	9.478538
4.72	9.496923
4.74	9.515597
4.76	9.534562
4.78	9.55381
4.8	9.573352
4.82	9.593186
4.84	9.633718
4.86	9.654427
4.88	9.67542
4.9	9.696712
4.92	9.71829
4.94	9.74017
4.96	9.762333
4.98	9.784801
5	9.80756
5.02	9.830616
5.04	9.853966
5.06	9.877614
5.08	9.901554
5.1	9.925795
5.12	9.950329
5.14	10.00029
5.16	10.02572
5.18	10.05145
5.2	10.06234
5.22	10.04608
5.24	10.04047
5.26	10.0521
5.28	10.05268
5.3	10.0937
5.32	10.08752
5.34	10.09116
5.36	10.09351
5.38	10.0946
5.4	10.10412
5.42	10.07701
5.44	10.14001
5.46	10.06898
5.48	10.12767
5.5	10.13859
5.52	10.1674
5.54	10.1517
5.56	10.17643
5.58	10.1606
5.6	10.18106
5.62	10.17043
5.64	10.18214
5.66	10.0728
5.68	9.993417
5.7	10.05847
5.72	10.17366
5.74	10.11826
5.76	10.13992
5.78	10.15691
5.8	10.17323
5.82	10.1897
5.84	10.20652
5.86	10.22368
5.88	10.24119
5.9	10.25909
5.92	10.27733
5.94	10.29594
5.96	10.31492
5.98	10.33426
6	10.37403
6.02	10.39445
6.04	10.41526
6.06	10.43642
6.08	10.45796
6.1	10.47985
6.12	10.5021
6.14	10.52472
6.16	10.54746
6.18	10.55735
6.2	10.5726
6.22	10.57971
6.24	10.58696
6.26	10.59439
6.28	10.60147
6.3	10.6085
6.32	10.61574
6.34	10.62338
6.36	10.63083
6.38	10.63804
6.4	10.6455
6.42	10.65336
6.44	10.66104
6.46	10.66843
6.48	10.67609
6.5	10.68418
6.52	10.69163
6.54	10.69914
6.56	10.70681
6.58	10.72295
6.6	10.73074
6.62	10.73875
6.64	10.74716
6.66	10.75511
6.68	10.763
6.7	10.77116
6.72	10.77975
6.74	10.78815
6.76	10.7962
6.78	10.80461
6.8	10.81329
6.82	10.82211
6.84	10.83026
6.86	10.83884
6.88	10.84774
6.9	10.85676
6.92	10.86504
6.94	10.87381
6.96	10.8829
6.98	10.89211
7	10.90948
7.02	10.91876
7.04	10.92815
7.06	10.93674
7.08	10.94584
7.1	10.9553
7.12	10.96488
7.14	10.97361
7.16	10.98288
7.18	10.99251
7.2	11.00226
7.22	11.01115
7.24	11.02057
7.26	11.03037
7.28	11.04029
7.3	11.04932
7.32	11.06887
7.34	11.07894
7.36	11.08811
7.38	11.09785
7.4	11.10797
7.42	11.11821
7.44	11.12752
7.46	11.1374
7.48	11.15806
7.5	11.16751
7.52	11.17753
7.54	11.18796
7.56	11.19849
7.58	11.20807
7.6	11.21823
7.62	11.2288
7.64	11.23948
7.66	11.24918
7.68	11.25948
7.7	11.27019
7.72	11.281
7.74	11.29083
7.76	11.30126
7.78	11.3121
7.8	11.333
7.82	11.34356
7.84	11.35453
7.86	11.36562
7.88	11.37568
7.9	11.38671
7.92	11.39763
7.94	11.4081
7.96	11.41927
7.98	11.43039
8	11.4411
8.02	11.45244
8.04	11.46374
8.06	11.48616
8.08	11.49763
8.1	11.50871
8.12	11.5204
8.14	11.53206
8.16	11.5433
8.18	11.55517
8.2	11.567
8.22	11.57841
8.24	11.59046
8.26	11.60246
8.28	11.61403
8.3	11.62625
8.32	11.63842
8.34	11.65016
8.36	11.66255
8.38	11.67489
8.4	11.68678
8.42	11.69934
8.44	11.71185
8.46	11.72391
8.48	11.73664
8.5	11.76152
8.52	11.77442
8.54	11.78726
8.56	11.79962
8.58	11.81269
8.6	11.81028
8.62	11.82604
8.64	11.80957
8.66	11.79524
8.68	11.77995
8.7	11.76353
8.72	11.74593
8.74	11.72716
8.76	11.71736
8.78	11.70685
8.8	11.69644
8.82	11.68634
8.84	11.67664
8.86	11.66726
8.88	11.65822
8.9	11.64959
8.92	11.63331
8.94	11.62576
8.96	11.75109
8.98	11.78022
9	11.76783
9.02	11.7693
9.04	11.73817
9.06	11.72184
9.08	11.70395
9.1	11.68448
9.12	11.64083
9.14	11.61669
9.16	11.59102
9.18	11.56385
9.2	11.53521
9.22	11.50514
9.24	11.47365
9.26	11.44081
9.28	11.40664
9.3	11.3712
9.32	11.33454
9.34	11.2967
9.36	11.25776
9.38	11.2338
9.4	11.22967
9.42	11.26873
9.44	11.24335
9.46	11.28176
9.48	11.25261
9.5	11.29022
9.52	11.25713
9.54	11.29382
9.56	11.25667
9.58	11.29236
9.6	11.25103
9.62	11.30142
9.64	11.27898
9.66	11.30197
9.68	11.35279
9.7	11.31961
9.72	11.3704
9.74	11.33158
9.76	11.38222
9.78	11.33761
9.8	11.28785
9.82	11.18444
9.84	11.1324
9.86	11.06913
9.88	11.09588
9.9	11.09264
9.92	11.08366
9.94	11.07557
9.96	11.06427
9.98	11.0989
10	11.08399
10.02	11.12401
10.04	11.10563
10.06	11.14446
10.08	11.12241
10.1	11.15991
10.12	11.13404
10.14	11.17009
10.16	11.14025
10.18	11.37432
10.2	11.52502
10.22	11.62075
10.24	11.75103
10.26	11.77822
10.28	11.73628
10.3	11.69262
10.32	11.64728
10.34	11.6003
10.36	11.55174
10.38	11.50165
10.4	11.45008
10.42	11.39711
10.44	11.34279
10.46	11.28721
10.48	11.17257
10.5	11.11368
10.52	11.05387
10.54	10.99323
10.56	10.93189
10.58	10.86994
10.6	10.80752
10.62	10.80094
10.64	10.79352
10.66	10.784
10.68	10.77299
10.7	10.7605
10.72	10.7489
10.74	10.73772
10.76	10.72668
10.78	10.71575
10.8	10.70507
10.82	10.69446
10.84	10.68398
10.86	10.67374
10.88	10.65354
10.9	10.64375
10.92	10.63404
10.94	10.62446
10.96	10.61513
10.98	10.60588
11	10.59675
11.02	10.58789
11.04	10.57911
11.06	10.56207
11.08	10.55376
11.1	10.54558
11.12	10.53768
11.14	10.52986
11.16	10.52217
11.18	10.51478
11.2	10.50745
11.22	10.50026
11.24	10.48656
11.26	10.47987
11.28	10.47351
11.3	10.46721
11.32	10.46105
11.34	10.45522
11.36	10.44946
11.38	10.44383
11.4	10.43854
11.42	10.42825
11.44	10.42352
11.46	10.41887
11.48	10.41435
11.5	10.4102
11.52	10.40611
11.54	10.40218
11.56	10.39861
11.58	10.39512
11.6	10.39177
11.62	10.38881
11.64	10.38587
11.66	10.38331
11.68	10.37864
11.7	10.37653
11.72	10.37482
11.74	10.37313
11.76	10.37169
11.78	10.37043
11.8	10.36942
11.82	10.3686
11.84	10.36804
11.86	10.36767
11.88	10.36756
11.9	10.36764
11.92	10.35412
11.94	10.34593
11.96	10.33775
11.98	10.32935
12	10.32116
12.02	10.31281
12.04	10.30465
12.06	10.29633
12.08	10.28819
12.1	10.27997
12.12	10.27182
12.14	10.26364
12.16	10.24739
12.18	10.23931
12.2	10.23123
12.22	10.2232
12.24	10.21516
12.26	10.20719
12.28	10.1992
12.3	10.19128
12.32	10.18336
12.34	10.17549
12.36	10.16763
12.38	10.15983
12.4	10.15203
12.42	10.13657
12.44	10.12891
12.46	10.12126
12.48	10.11368
12.5	10.1061
12.52	10.0986
12.54	10.0911
12.56	10.08368
12.58	10.07627
12.6	10.06895
12.62	10.06163
12.64	10.0544
12.66	10.04717
12.68	10.04004
12.7	10.03291
12.72	10.02588
12.74	10.01193
12.76	10.00502
12.78	9.998205
12.8	9.991405
12.82	9.984707
12.84	9.978025
12.86	9.971447
12.88	9.964888
12.9	9.958434
12.92	9.952002
12.94	9.945678
12.96	9.939377
12.98	9.933187
13	9.927021
13.02	9.914948
13.04	9.90904
13.06	9.903162
13.08	9.897404
13.1	9.891675
13.12	9.88607
13.14	9.880497
13.16	9.87505
13.18	9.869637
13.2	9.859103
13.22	9.853987
13.24	9.848907
13.26	9.843964
13.28	9.839058
13.3	9.834292
13.32	9.829565
13.34	9.824982
13.36	9.820439
13.38	9.816043
13.4	9.811689
13.42	9.807485
13.44	9.803325
13.46	9.799316
13.48	9.79155
13.5	9.787791
13.52	9.784193
13.54	9.780643
13.56	9.777256
13.58	9.773919
13.6	9.770748
13.62	9.76763
13.64	9.76468
13.66	9.759062
13.68	9.756394
13.7	9.753902
13.72	9.751468
13.74	9.74921
13.76	9.747013
13.78	9.744998
13.8	9.743043
13.82	9.741272
13.84	9.739564
13.86	9.738045
13.88	9.736588
13.9	9.735323
13.92	9.733118
13.94	9.73218
13.96	9.731438
13.98	9.730766
14	9.730294
14.02	9.729893
14.04	9.729693
14.06	9.729568
14.08	9.7298
14.1	9.730162
14.12	9.730598
14.14	9.731249
14.16	9.731974
14.18	9.732915
14.2	9.733933
14.22	9.735171
14.24	9.736487
14.26	9.738024
14.28	9.739642
14.3	9.741483
14.32	9.743406
14.34	9.745557
14.36	9.74779
14.38	9.750254
14.4	9.752802
14.42	9.755581
14.44	9.758447
14.46	9.764734
14.48	9.768161
14.5	9.771673
14.52	9.775429
14.54	9.779271
14.56	9.783358
14.58	9.787534
14.6	9.791956
14.62	9.79647
14.64	9.801232
14.66	9.806086
14.68	9.811191
14.7	9.816388
14.72	9.82184
14.74	9.833186
14.76	9.839083
14.78	9.845237
14.8	9.851486
14.82	9.857996
14.84	9.864602
14.86	9.871472
14.88	9.878439
14.9	9.885671
14.92	9.893
14.94	9.900596
14.96	9.90829
14.98	9.916255
15	9.924317
15.02	9.932652
15.04	9.949792
15.06	9.958599
15.08	9.967682
15.1	9.976864
15.12	9.986323
15.14	9.995883
15.16	10.00572
15.18	10.01566
15.2	10.02588
15.22	10.0362
15.24	10.04681
15.26	10.17263
15.28	10.21613
15.3	10.33626
15.32	10.37817
15.34	10.49964
15.36	10.46696
15.38	10.51611
15.4	10.48015
15.42	10.5264
15.44	10.48723
15.46	10.5307
15.48	10.48844
15.5	10.52928
15.52	10.48403
15.54	10.52241
15.56	10.47031
15.58	10.53257
15.6	10.47723
15.62	10.53756
15.64	10.4791
15.66	10.53768
15.68	10.47626
15.7	10.43298
15.72	10.48852
15.74	10.3178
15.76	10.37449
15.78	10.38915
15.8	10.40459
15.82	10.42155
15.84	10.44013
15.86	10.46034
15.88	10.48215
15.9	10.50553
15.92	10.62208
15.94	10.74085
15.96	10.86163
15.98	10.9842
16	11.0317
16.02	11.15565
16.04	11.20004
16.06	11.36585
16.08	11.49123
16.1	11.64336
16.12	11.74387
16.14	11.69986
16.16	11.68034
16.18	11.66352
16.2	11.6453
16.22	11.62572
16.24	11.60486
16.26	11.58277
16.28	11.55953
16.3	11.53522
16.32	11.5099
16.34	11.48365
16.36	11.45658
16.38	11.42876
16.4	11.4003
16.42	11.34184
16.44	11.31206
16.46	11.28207
16.48	11.25199
16.5	11.22195
16.52	11.19207
16.54	11.1625
16.56	11.13338
16.58	11.10486
16.6	11.0771
16.62	11.11016
16.64	11.17079
16.66	11.23513
16.68	11.26413
16.7	11.25847
16.72	11.31228
16.74	11.34548
16.76	11.35412
16.78	11.40495
16.8	11.42301
16.82	11.47074
16.84	11.49425
16.86	11.62451
16.88	11.66389
16.9	11.70071
16.92	11.68664
16.94	11.68531
16.96	11.6828
16.98	11.67912
17	11.67432
17.02	11.6615
17.04	11.65357
17.06	11.64469
17.08	11.63492
17.1	11.6483
17.12	11.66602
17.14	11.67875
17.16	11.69082
17.18	11.70288
17.2	11.71514
17.22	11.72777
17.24	11.74059
17.26	11.74782
17.28	11.74637
17.3	11.74354
17.32	11.74127
17.34	11.73853
17.36	11.73307
17.38	11.73044
17.4	11.7279
17.42	11.72546
17.44	11.72312
17.46	11.72089
17.48	11.71876
17.5	11.71681
17.52	11.7149
17.54	11.71299
17.56	11.71107
17.58	11.70933
17.6	11.70771
17.62	11.70473
17.64	11.70338
17.66	11.70212
17.68	11.70094
17.7	11.69987
17.72	11.69886
17.74	11.69798
17.76	11.69719
17.78	11.6965
17.8	11.69591
17.82	11.69542
17.84	11.69504
17.86	11.69476
17.88	11.69458
17.9	11.70493
17.92	11.77099
17.94	11.67207
17.96	11.45509
17.98	11.60499
18	11.53762
18.02	11.40219
18.04	11.49253
18.06	11.42182
18.08	11.50938
18.1	11.43606
18.12	11.52089
18.14	11.44535
18.16	11.52753
18.18	11.01598
18.2	11.04385
18.22	11.05373
18.24	11.06024
18.26	11.06631
18.28	11.07254
18.3	11.07904
18.32	11.08583
18.34	11.09293
18.36	11.10033
18.38	11.10804
18.4	11.11604
18.42	11.13297
18.44	11.14188
18.46	11.1508
18.48	11.15448
18.5	11.15713
18.52	11.15957
18.54	11.16215
18.56	11.16484
18.58	11.16757
18.6	11.17036
18.62	11.1732
18.64	11.17621
18.66	11.18233
18.68	11.18541
18.7	11.18861
18.72	11.1919
18.74	11.19524
18.76	11.19864
18.78	11.20218
18.8	11.20575
18.82	11.20937
18.84	11.21305
18.86	11.21686
18.88	11.2207
18.9	11.22459
18.92	11.22867
18.94	11.23278
18.96	11.23689
18.98	11.24101
19	11.24527
19.02	11.25406
19.04	11.25853
19.06	11.26307
19.08	11.2677
19.1	11.27239
19.12	11.27715
19.14	11.58807
19.16	11.71395
19.18	11.7074
19.2	11.70383
19.22	11.69888
19.24	11.69256
19.26	11.68489
19.28	11.6759
19.3	11.66562
19.32	11.65409
19.34	11.64133
19.36	11.62739
19.38	11.61232
19.4	11.59615
19.42	11.57885
19.44	11.55982
19.46	11.53959
19.48	11.51825
19.5	11.57724
19.52	11.3439
19.54	11.28852
19.56	11.27406
19.58	11.27748
19.6	11.28468
19.62	11.29532
19.64	11.30933
19.66	11.32662
19.68	11.34715
19.7	11.62003
19.72	11.6681
19.74	11.61789
19.76	11.60665
19.78	11.59918
19.8	11.58994
19.82	11.57895
19.84	11.56625
19.86	11.55186
19.88	11.5358
19.9	11.51811
19.92	11.49883
19.94	11.45568
19.96	11.43189
19.98	11.4067
20	11.38016
20.02	11.35234
20.04	11.3233
20.06	11.2931
20.08	11.26183
20.1	11.22956
20.12	11.23688
20.14	11.24342
20.16	11.24769
20.18	11.25156
20.2	11.2554
20.22	11.26321
20.24	11.2672
20.26	11.27123
20.28	11.27534
20.3	11.2795
20.32	11.28371
20.34	11.28798
20.36	11.29231
20.38	11.29669
20.4	11.30114
20.42	11.30563
20.44	11.31019
20.46	11.3148
20.48	11.31947
20.5	11.3242
20.52	11.32898
20.54	11.33872
20.56	11.34367
20.58	11.34869
20.6	11.35375
20.62	11.35887
20.64	11.36405
20.66	11.36929
20.68	11.37458
20.7	11.37993
20.72	11.38533
20.74	11.39079
20.76	11.39631
20.78	11.40189
20.8	11.40751
20.82	11.4132
20.84	11.41894
20.86	11.42474
20.88	11.4365
20.9	11.44247
20.92	11.44849
20.94	11.45457
20.96	11.4607
20.98	11.46689
21	11.47314
21.02	11.47944
21.04	11.48579
21.06	11.49221
21.08	11.5052
21.1	11.51178
21.12	11.51841
21.14	11.5251
21.16	11.53185
21.18	11.53865
21.2	11.5455
21.22	11.55242
21.24	11.55939
21.26	11.56641
21.28	11.57348
21.3	11.58061
21.32	11.5878
21.34	11.59505
21.36	11.60234
21.38	11.6097
21.4	11.6171
21.42	11.62457
21.44	11.63209
21.46	11.63966
21.48	11.64729
21.5	11.66199
21.52	11.66332
21.54	11.64532
21.56	11.60064
21.58	11.57294
21.6	11.53871
21.62	11.57196
21.64	11.53349
21.66	11.61316
21.68	11.56738
21.7	11.69181
21.72	11.24659
21.74	11.62798
21.76	11.18057
21.78	10.63735
21.8	10.41803
21.82	10.53243
21.84	10.55929
21.86	10.5682
21.88	10.57366
21.9	10.5786
21.92	10.58359
21.94	10.58876
21.96	10.59413
21.98	10.5997
22	10.60548
22.02	10.61147
22.04	10.61766
22.06	10.62406
22.08	10.63066
22.1	10.63747
22.12	10.6517
22.14	10.65913
22.16	10.66677
22.18	10.6746
22.2	10.68265
22.22	10.6909
22.24	10.69936
22.26	10.70802
22.28	10.71689
22.3	10.72597
22.32	10.73525
22.34	10.74474
22.36	10.75444
22.38	10.76434
22.4	10.78477
22.42	10.79529
22.44	10.80602
22.46	10.81696
22.48	10.82811
22.5	10.83946
22.52	10.85102
22.54	10.86279
22.56	10.87476
22.58	10.90424
22.6	10.931
22.62	10.903
22.64	10.92698
22.66	10.93123
22.68	10.93438
22.7	10.93657
22.72	10.93961
22.74	10.94291
22.76	10.94629
22.78	10.95294
22.8	10.9564
22.82	10.95988
22.84	10.96332
22.86	10.96674
22.88	10.97025
22.9	10.97378
22.92	10.97733
22.94	10.98105
22.96	10.98468
22.98	10.98835
23	10.99206
23.02	10.99582
23.04	10.99959
23.06	11.00349
23.08	11.0074
23.1	11.01534
23.12	11.01923
23.14	11.02314
23.16	11.02721
23.18	11.03132
23.2	11.03543
23.22	11.03952
23.24	11.04367
23.26	11.04785
23.28	11.05218
23.3	11.05645
23.32	11.06075
23.34	11.06511
23.36	11.06949
23.38	11.0739
23.4	11.08305
23.42	11.08758
23.44	11.18217
23.46	11.26182
23.48	11.24194
23.5	11.3201
23.52	11.29668
23.54	11.37316
23.56	11.34611
23.58	11.42083
23.6	11.39005
23.62	11.46295
23.64	11.42839
23.66	11.33599
23.68	11.24396
23.7	11.15242
23.72	11.08381
23.74	11.12261
23.76	11.12598
23.78	11.12903
23.8	11.13256
23.82	11.13667
23.84	11.15479
23.86	11.16257
23.88	11.16648
23.9	11.16784
23.92	11.16694
23.94	11.16388
23.96	11.15872
23.98	11.15686
24	11.16794
24.02	11.17509
24.04	11.18892
24.06	11.20092
24.08	11.20482
24.1	11.21831
24.12	11.23608
24.14	11.23532
24.16	11.25454
24.18	11.25158
24.2	11.27366
24.22	11.2725
24.24	11.29311
24.26	11.29197
24.28	11.31596
24.3	11.31248
24.32	11.33345
24.34	11.36319
24.36	11.35476
24.38	11.38731
24.4	11.44796
24.42	11.48758
24.44	11.54912
24.46	11.58397
24.48	11.6292
24.5	11.65904
24.52	11.65695
24.54	11.65336
24.56	11.64829
24.58	11.64178
24.6	11.63386
24.62	11.62457
24.64	11.59525
24.66	11.73105
24.68	11.76888
24.7	11.76108
24.72	11.77948
24.74	11.78989
24.76	11.82034
24.78	11.5384
24.8	11.27193
24.82	11.02299
24.84	10.82787
24.86	10.95223
24.88	10.98428
24.9	10.98612
24.92	10.98727
24.94	10.98838
24.96	10.98959
24.98	10.99091
25	10.99236
25.02	10.99394
25.04	10.99564
25.06	10.99942
25.08	11.0015
25.1	11.0037
25.12	11.00602
25.14	11.00846
25.16	11.01103
25.18	11.01372
25.2	11.01653
25.22	11.01946
25.24	11.02251
25.26	11.02568
25.28	11.02898
25.3	11.03239
25.32	11.03592
25.34	11.03958
25.36	11.04335
25.38	11.04724
25.4	11.05125
25.42	11.05963
25.44	11.064
25.46	11.06849
25.48	11.07129
25.5	11.07267
25.52	11.07359
25.54	11.07451
25.56	11.07537
25.58	11.07616
25.6	11.0769
25.62	11.07758
25.64	11.07876
25.66	11.07928
25.68	11.07973
25.7	11.08012
25.72	11.08045
25.74	11.44349
25.76	11.74136
25.78	11.73596
25.8	11.72863
25.82	11.71938
25.84	11.70822
25.86	11.69517
25.88	11.68025
25.9	11.66348
25.92	11.64487
25.94	11.62446
25.96	11.60228
25.98	11.55273
26	11.52543
26.02	11.49651
26.04	11.46601
26.06	11.43397
26.08	11.40045
26.1	11.36551
26.12	11.3292
26.14	11.29158
26.16	11.25273
26.18	11.21272
26.2	11.17161
26.22	11.1295
26.24	11.01204
26.26	11.04165
26.28	11.03919
26.3	11.03588
26.32	11.03252
26.34	11.02928
26.36	11.02619
26.38	11.02324
26.4	11.02045
26.42	11.01782
26.44	11.01534
26.46	11.01302
26.48	11.01085
26.5	11.00883
26.52	11.00527
26.54	11.00371
26.56	11.00232
26.58	11.00107
26.6	10.99998
26.62	10.99905
26.64	10.99827
26.66	10.99764
26.68	10.99717
26.7	10.99685
26.72	10.99669
26.74	10.99683
26.76	10.99713
26.78	10.99759
26.8	10.9982
26.82	10.99896
26.84	10.99988
26.86	11.00096
26.88	11.00219
26.9	11.00358
26.92	11.00512
26.94	11.00681
26.96	11.00866
26.98	11.01066
27	11.01282
27.02	11.01514
27.04	11.01567
27.06	11.01458
27.08	11.0135
27.1	11.01238
27.12	11.01123
27.14	11.01007
27.16	11.00888
27.18	11.00649
27.2	11.00527
27.22	11.00403
27.24	11.00278
27.26	11.00149
27.28	11.0002
27.3	10.99889
27.32	10.99751
27.34	10.99615
27.36	10.99477
27.38	10.99339
27.4	10.99057
27.42	10.98914
27.44	10.98769
27.46	10.98623
27.48	10.98484
27.5	10.98338
27.52	10.9819
27.54	10.98041
27.56	10.97883
27.58	10.97727
27.6	10.9757
27.62	10.97411
27.64	10.97253
27.66	10.97092
27.68	10.96929
27.7	10.96765
27.72	10.966
27.74	10.96435
27.76	10.96279
27.78	10.95939
27.8	10.95768
27.82	10.95595
27.84	10.9542
27.86	10.95243
27.88	10.95067
27.9	10.94889
27.92	10.9471
27.94	10.94529
27.96	10.94347
27.98	10.94167
28	10.93995
28.02	10.93814
28.04	10.93445
28.06	10.93259
28.08	10.93072
28.1	10.92876
28.12	10.92675
28.14	10.92479
28.16	10.92282
28.18	10.92085
28.2	10.91886
28.22	10.91696
28.24	10.91296
28.26	10.91088
28.28	10.90881
28.3	10.90673
28.32	10.90466
28.34	10.90257
28.36	10.90045
28.38	10.89833
28.4	10.89621
28.42	10.89414
28.44	10.89201
28.46	10.88985
28.48	10.88767
28.5	10.88547
28.52	10.88326
28.54	10.88109
28.56	10.87666
28.58	10.87443
28.6	10.87227
28.62	10.87005
28.64	10.86782
28.66	10.86552
28.68	10.86315
28.7	10.86083
28.72	10.8585
28.74	10.85615
28.76	10.85379
28.78	10.85151
28.8	10.84675
28.82	10.84434
28.84	10.84191
28.86	10.8395
28.88	10.83705
28.9	10.8346
28.92	10.83215
28.94	10.82975
28.96	10.82728
28.98	10.82479
29	10.82228
29.02	10.81728
29.04	10.81476
29.06	10.81222
29.08	10.80967
29.1	10.80723
29.12	10.80472
29.14	10.80214
29.16	10.79949
29.18	10.79686
29.2	10.79426
29.22	10.79163
29.24	10.78899
29.26	10.78644
29.28	10.78378
29.3	10.7811
29.32	10.77842
29.34	10.77571
29.36	10.77303
29.38	10.76764
29.4	10.76502
29.42	10.76234
29.44	10.75964
29.46	10.75687
29.48	10.75405
29.5	10.75126
29.52	10.74846
29.54	10.74565
29.56	10.74295
29.58	10.74013
29.6	10.7373
29.62	10.73445
29.64	10.73162
29.66	10.72877
29.68	10.72591
29.7	10.7231
29.72	10.72023
29.74	10.71734
29.76	10.71443
29.78	10.70866
29.8	10.70574
29.82	10.70291
29.84	10.70003
29.86	10.69708
29.88	10.69406
29.9	10.69109
29.92	10.68811
29.94	10.68511
29.96	10.6792
29.98	10.67619
30	10.67315
30.02	10.67014
30.04	10.66711
30.06	10.66408
30.08	10.66115
30.1	10.65816
30.12	10.65516
30.14	10.65207
30.16	10.64891
30.18	10.6458
30.2	10.6427
30.22	10.63971
30.24	10.63663
30.26	10.63347
30.28	10.63032
30.3	10.6272
30.32	10.62405
30.34	10.621
30.36	10.61784
30.38	10.61467
30.4	10.60832
30.42	10.60515
30.44	10.60203
30.46	10.59884
30.48	10.59563
30.5	10.5924
30.52	10.58925
30.54	10.58605
30.56	10.57976
30.58	10.5766
30.6	10.57334
30.62	10.57001
30.64	10.56674
30.66	10.56356
30.68	10.56037
30.7	10.5571
30.72	10.55376
30.74	10.55046
30.76	10.54395
30.78	10.54064
30.8	10.53732
30.82	10.53402
30.84	10.5307
30.86	10.52739
30.88	10.52418
30.9	10.52093
30.92	10.51759
30.94	10.51419
30.96	10.51082
30.98	10.50744
31	10.50418
31.02	10.50082
31.04	10.49744
31.06	10.49408
31.08	10.4907
31.1	10.48733
31.12	10.48408
31.14	10.48077
31.16	10.47392
31.18	10.4705
31.2	10.46708
31.22	10.46375
31.24	10.46034
31.26	10.45692
31.28	10.45354
31.3	10.45014
31.32	10.44681
31.34	10.44346
31.36	10.44004
31.38	10.43654
31.4	10.52792
31.42	10.62096
31.44	10.61278
31.46	10.60302
31.48	10.59171
31.5	10.5632
31.52	10.54576
31.54	10.52659
31.56	10.50575
31.58	10.48325
31.6	10.45914
31.62	10.43641
31.64	10.41218
31.66	10.35339
31.68	10.35754
31.7	10.35502
31.72	10.35136
31.74	10.34766
31.76	10.34411
31.78	10.3408
31.8	10.33768
31.82	10.33481
31.84	10.33218
31.86	10.32976
31.88	10.32758
31.9	10.32561
31.92	10.32388
31.94	10.3224
31.96	10.32027
31.98	10.40101
32	10.40326
32.02	10.48733
32.04	10.48538
32.06	10.50706
32.08	10.47389
32.1	10.49231
32.12	10.45538
32.14	10.47057
32.16	10.42988
32.18	10.4419
32.2	10.39749
32.22	10.35835
32.24	10.21498
32.26	10.22635
32.28	10.25048
32.3	10.24998
32.32	10.24469
32.34	10.23859
32.36	10.23243
32.38	10.22639
32.4	10.21495
32.42	10.20954
32.44	10.20423
32.46	10.19915
32.48	10.19419
32.5	10.18945
32.52	10.18492
32.54	10.1806
32.56	10.17638
32.58	10.17239
32.6	10.16852
32.62	10.16487
32.64	10.16143
32.66	10.15822
32.68	10.15219
32.7	10.14951
32.72	10.1469
32.74	10.14453
32.76	10.14238
32.78	10.14044
32.8	10.13859
32.82	10.13698
32.84	10.13558
32.86	10.13425
32.88	10.13316
32.9	10.13229
32.92	10.13165
32.94	10.13108
32.96	10.13052
32.98	10.13054
33	10.13078
33.02	10.13178
33.04	10.13256
33.06	10.13344
33.08	10.13456
33.1	10.13592
33.12	10.13738
33.14	10.13908
33.16	10.14102
33.18	10.14301
33.2	10.14457
33.22	10.1424
33.24	10.16352
33.26	10.18289
33.28	10.14236
33.3	10.15871
33.32	10.14283
33.34	10.1622
33.36	10.18314
33.38	10.19971
33.4	10.21788
33.42	10.23152
33.44	10.24568
33.46	10.25336
33.48	10.26279
33.5	10.26682
33.52	10.27281
33.54	10.0439
33.56	10.03574
33.58	10.03389
33.6	10.03276
33.62	10.03079
33.64	10.06767
33.66	10.06292
33.68	10.05575
33.7	10.0485
33.72	10.04132
33.74	10.03437
33.76	10.02763
33.78	10.02109
33.8	10.01468
33.82	10.00852
33.84	10.00258
33.86	9.996762
33.88	9.991206
33.9	9.985876
33.92	9.975737
33.94	9.971029
33.96	9.966453
33.98	9.962145
34	9.958074
34.02	9.954134
34.04	9.950469
34.06	9.947045
34.08	9.943756
34.1	9.940747
34.12	9.935361
34.14	9.933022
34.16	9.930936
34.18	9.928989
34.2	9.92736
34.22	9.924767
34.24	9.921067
34.26	9.917587
34.28	9.914174
34.3	9.910694
34.32	9.903863
34.34	9.900524
34.36	9.897246
34.38	9.894041
34.4	9.890861
34.42	9.887694
34.44	9.884574
34.46	9.881487
34.48	9.878332
34.5	9.875254
34.52	9.872257
34.54	9.869093
34.56	9.86602
34.58	9.859914
34.6	9.856907
34.62	9.85399
34.64	9.850905
34.66	9.847925
34.68	9.844994
34.7	9.84201
34.72	9.839104
34.74	9.836292
34.76	9.83332
34.78	9.830458
34.8	9.827648
34.82	9.824787
34.84	9.822013
34.86	9.819337
34.88	9.816502
34.9	9.813787
34.92	9.811129
34.94	9.805805
34.96	9.803294
34.98	9.800628
35	9.79809
35.02	9.795611
35.04	9.793087
35.06	9.790661
35.08	9.788344
35.1	9.785874
35.12	9.783544
35.14	9.781275
35.16	9.778964
35.18	9.776756
35.2	9.774666
35.22	9.772422
35.24	9.770329
35.26	9.768301
35.28	9.766235
35.3	9.764277
35.32	9.762444
35.34	9.760458
35.36	9.758709
35.38	9.755174
35.4	9.753386
35.42	9.751831
35.44	9.750143
35.46	9.748691
35.48	9.747105
35.5	9.74576
35.52	9.744281
35.54	9.743045
35.56	9.741677
35.58	9.740557
35.6	9.738284
35.62	9.737223
35.64	9.736267
35.66	9.735334
35.68	9.734502
35.7	9.733698
35.72	9.732994
35.74	9.732322
35.76	9.731752
35.78	9.731215
35.8	9.730783
35.82	9.730387
35.84	9.730098
35.86	9.729844
35.88	9.729701
35.9	9.729596
35.92	9.729603
35.94	9.72965
35.96	9.730015
35.98	9.730336
36	9.7307
36.02	9.731185
36.04	9.731712
36.06	9.732364
36.08	9.733061
36.1	9.733884
36.12	9.734754
36.14	9.735752
36.16	9.737977
36.18	9.739205
36.2	9.740568
36.22	9.741982
36.24	9.743533
36.26	9.745136
36.28	9.74688
36.3	9.748676
36.32	9.750617
36.34	9.752611
36.36	9.754753
36.38	9.75695
36.4	9.759297
36.42	9.7617
36.44	9.764255
36.46	9.766869
36.48	9.769637
36.5	9.772466
36.52	9.775451
36.54	9.778498
36.56	9.781705
36.58	9.784974
36.6	9.788407
36.62	9.795566
36.64	9.799292
36.66	9.803187
36.68	9.807149
36.7	9.811281
36.72	9.815482
36.74	9.819856
36.76	9.824299
36.78	9.828918
36.8	9.833608
36.82	9.838476
36.84	9.843415
36.86	9.848537
36.88	9.85373
36.9	9.859109
36.92	9.86456
36.94	9.870199
36.96	9.875912
36.98	9.881815
37	9.887794
37.02	9.893964
37.04	9.90021
37.06	9.906652
37.08	9.919888
37.1	9.926684
37.12	9.93368
37.14	9.940754
37.16	9.948031
37.18	9.955389
37.2	9.962952
37.22	9.970594
37.24	9.978445
37.26	9.986378
37.28	9.99452
37.3	10.00275
37.32	10.01118
37.34	10.0197
37.36	10.03726
37.38	10.0463
37.4	10.05542
37.42	10.06476
37.44	10.07418
37.46	10.08383
37.48	10.09357
37.5	10.10352
37.52	10.11357
37.54	10.12384
37.56	10.1342
37.58	10.14478
37.6	10.15545
37.62	10.16636
37.64	10.17735
37.66	10.18857
37.68	10.19988
37.7	10.21143
37.72	10.22307
37.74	10.2469
37.76	10.2591
37.78	10.27139
37.8	10.28391
37.82	10.29653
37.84	10.30939
37.86	10.32234
37.88	10.33554
37.9	10.34882
37.92	10.36235
37.94	10.37597
37.96	10.38984
37.98	10.4038
38	10.418
38.02	10.4323
38.04	10.44685
38.06	10.47638
38.08	10.49136
38.1	10.5066
38.12	10.52192
38.14	10.5375
38.16	10.55317
38.18	10.5691
38.2	10.58512
38.22	10.60139
38.24	10.61776
38.26	10.63438
38.28	10.6511
38.3	10.66807
38.32	10.68514
38.34	10.70246
38.36	10.73756
38.38	10.75532
38.4	10.77336
38.42	10.79148
38.44	10.80986
38.46	10.82833
38.48	10.84707
38.5	10.8659
38.52	10.885
38.54	10.90418
38.56	10.92363
38.58	10.89261
38.6	10.89173
38.62	11.1533
38.64	10.96656
38.66	11.23162
38.68	11.03444
38.7	11.3004
38.72	11.15704
38.74	11.4224
38.76	11.21172
38.78	11.48568
38.8	11.25996
38.82	11.52637
38.84	11.30403
38.86	11.56222
38.88	11.34412
38.9	11.58535
38.92	11.37426
38.94	11.61341
38.96	11.42392
38.98	11.63851
39	11.48741
39.02	11.68927
39.04	11.54706
39.06	11.7468
39.08	11.6091
39.1	11.78519
39.12	11.75902
39.14	11.74434
39.16	11.72826
39.18	11.71081
39.2	11.69202
39.22	11.67193
39.24	11.65057
39.26	11.62799
39.28	11.62745
39.3	11.62554
39.32	11.62224
39.34	11.61756
39.36	11.61151
39.38	11.60743
39.4	11.60542
39.42	11.60371
39.44	11.601
39.46	11.59761
39.48	11.58944
39.5	11.58029
39.52	11.57101
39.54	11.56168
39.56	11.55231
39.58	11.54288
39.6	11.53351
39.62	11.52421
39.64	11.51512
39.66	11.5056
39.68	11.49628
39.7	11.48709
39.72	11.47817
39.74	11.46871
39.76	11.45949
39.78	11.45041
39.8	11.43227
39.82	11.42317
39.84	11.41421
39.86	11.40555
39.88	11.3963
39.9	11.38732
39.92	11.37848
39.94	11.36993
39.96	11.3608
39.98	11.3432
40	11.33476
40.02	11.32575
40.04	11.31699
40.06	11.30837
40.08	11.30003
40.1	11.29113
40.12	11.28254
40.14	11.274
40.16	11.26574
40.18	11.24848
40.2	11.24005
40.22	11.2319
40.24	11.22323
40.26	11.21486
40.28	11.20654
40.3	11.19849
40.32	11.18993
40.34	11.18166
40.36	11.17344
40.38	11.16549
40.4	11.14887
40.42	11.14075
40.44	11.1329
40.46	11.12455
40.48	11.11648
40.5	11.10845
40.52	11.10069
40.54	11.09244
40.56	11.08446
40.58	11.07653
40.6	11.06886
40.62	11.0607
40.64	11.05282
40.66	11.03739
40.68	11.02933
40.7	11.02154
40.72	11.01378
40.74	11.00628
40.76	10.99831
40.78	10.9906
40.8	10.98293
40.82	10.97551
40.84	10.96812
40.86	10.96011
40.88	10.95245
40.9	10.94499
40.92	10.93777
40.94	10.93055
40.96	10.92265
40.98	10.91514
41	10.90783
41.02	10.90078
41.04	10.89373
41.06	10.88597
41.08	10.87147
41.1	10.86457
41.12	10.85766
41.14	10.85007
41.16	10.84287
41.18	10.83586
41.2	10.82911
41.22	10.82234
41.24	10.8149
41.26	10.80784
41.28	10.80097
41.3	10.79435
41.32	10.78771
41.34	10.78042
41.36	10.7735
41.38	10.76026
41.4	10.75375
41.42	10.7466
41.44	10.73981
41.46	10.73319
41.48	10.72682
41.5	10.72046
41.52	10.71341
41.54	10.70674
41.56	10.70025
41.58	10.69397
41.6	10.68768
41.62	10.6808
41.64	10.67442
41.66	10.66823
41.68	10.66216
41.7	10.65603
41.72	10.64915
41.74	10.6427
41.76	10.63042
41.78	10.62419
41.8	10.61751
41.82	10.6112
41.84	10.60501
41.86	10.59909
41.88	10.59316
41.9	10.58666
41.92	10.58048
41.94	10.57444
41.96	10.56861
41.98	10.56276
42	10.55636
42.02	10.55027
42.04	10.53858
42.06	10.53281
42.08	10.52651
42.1	10.5205
42.12	10.51464
42.14	10.50897
42.16	10.50329
42.18	10.49707
42.2	10.49115
42.22	10.48537
42.24	10.47416
42.26	10.46803
42.28	10.46219
42.3	10.45649
42.32	10.45097
42.34	10.44543
42.36	10.43938
42.38	10.43362
42.4	10.42799
42.42	10.42241
42.44	10.41713
42.46	10.41179
42.48	10.40576
42.5	10.39462
42.52	10.3892
42.54	10.38409
42.56	10.3789
42.58	10.37299
42.6	10.36749
42.62	10.36214
42.64	10.35686
42.66	10.35189
42.68	10.34108
42.7	10.33572
42.72	10.33051
42.74	10.32537
42.76	10.32052
42.78	10.3156
42.8	10.30998
42.82	10.30476
42.84	10.29968
42.86	10.29466
42.88	10.28993
42.9	10.28512
42.92	10.27459
42.94	10.26958
42.96	10.26469
42.98	10.26004
43	10.25532
43.02	10.25
43.04	10.24506
43.06	10.24017
43.08	10.23539
43.1	10.23083
43.12	10.22621
43.14	10.22102
43.16	10.21619
43.18	10.2114
43.2	10.20672
43.22	10.20225
43.24	10.19772
43.26	10.19264
43.28	10.18322
43.3	10.17863
43.32	10.17425
43.34	10.1698
43.36	10.16482
43.38	10.16018
43.4	10.15558
43.42	10.15107
43.44	10.14677
43.46	10.14241
43.48	10.13752
43.5	10.13297
43.52	10.12845
43.54	10.12402
43.56	10.11964
43.58	10.09251
43.6	10.0453
43.62	9.997347
43.64	9.952524
43.66	9.913586
43.68	9.898268
43.7	9.886611
43.72	9.878628
43.74	9.874273
43.76	9.873485
43.78	9.876201
43.8	9.88236
43.82	9.8919
43.84	9.861275
43.86	9.853836
43.88	9.850489
43.9	9.84799
43.92	9.843014
43.94	9.835558
43.96	9.825623
43.98	9.813214
44	9.798341
44.02	9.781012
44.04	9.297301
44.06	8.8535