0.02	12.76531
0.04	12.80032
0.06	12.86099
0.08	12.91093
0.1	12.95819
0.12	13.00552
0.14	13.05358
0.16	13.10253
0.18	13.15239
0.2	13.20317
0.22	13.30753
0.24	13.44406
0.26	13.54157
0.28	13.63223
0.3	13.72394
0.32	13.81826
0.34	13.91545
0.36	14.11835
0.38	14.22347
0.4	14.32637
0.42	14.41185
0.44	14.44724
0.46	14.46201
0.48	14.45663
0.5	14.46632
0.52	14.46758
0.54	14.46848
0.56	14.46771
0.58	14.46746
0.6	14.58589
0.62	14.60806
0.64	14.59451
0.66	14.58586
0.68	14.58185
0.7	14.58039
0.72	14.58043
0.74	14.58429
0.76	14.57962
0.78	14.57355
0.8	14.56796
0.82	14.56353
0.84	14.55817
0.86	14.36576
0.88	14.51286
0.9	14.33824
0.92	14.44612
0.94	14.27838
0.96	13.70457
0.98	12.93869
1	13.17004
1.02	12.43619
1.04	12.67384
1.06	11.97923
1.08	12.2233
1.1	11.82648
1.12	11.23541
1.14	11.49191
1.16	10.96635
1.18	11.22826
1.2	10.77747
1.22	11.04385
1.24	10.79715
1.26	11.20973
1.28	11.38296
1.3	11.53803
1.32	11.30353
1.34	11.59824
1.36	11.2471
1.38	11.40411
1.4	11.32023
1.42	10.97744
1.44	11.25423
1.46	10.9044
1.48	10.92704
1.5	10.84842
1.52	10.87183
1.54	10.8003
1.56	10.82739
1.58	10.78004
1.6	10.70476
1.62	10.73114
1.64	10.65493
1.66	10.85952
1.68	10.63852
1.7	10.85059
1.72	10.59407
1.74	10.80711
1.76	10.75559
1.78	10.48742
1.8	10.70144
1.82	10.43124
1.84	10.60036
1.86	10.37371
1.88	10.54315
1.9	10.31489
1.92	10.25477
1.94	10.42494
1.96	10.19338
1.98	10.36396
2	10.13072
2.02	10.44984
2.04	10.0668
2.06	10.38717
2.08	10.32331
2.1	9.935221
2.12	10.25827
2.14	9.867585
2.16	10.19207
2.18	9.79873
2.2	10.13003
2.22	9.728669
2.24	10.06151
2.26	9.99187
2.28	9.58498
2.3	9.921119
2.32	9.511377
2.34	9.849275
2.36	9.436622
2.38	9.777843
2.4	9.703852
2.42	9.283716
2.44	9.62882
2.46	9.205598
2.48	9.552766
2.5	9.126392
2.52	9.475708
2.54	9.046121
2.56	8.964801
2.58	9.318675
2.6	8.882455
2.62	9.238745
2.64	8.799104
2.66	9.157905
2.68	8.714773
2.7	9.076182
2.72	8.993606
2.74	8.543273
2.76	8.910203
2.78	8.456159
2.8	8.826007
2.82	8.368174
2.84	8.74105
2.86	8.27935
2.88	8.18972
2.9	8.568994
2.92	8.099322
2.94	8.481972
2.96	8.008193
2.98	8.394341
3	7.916373
3.02	8.306145
3.04	8.217429
3.06	7.730836
3.08	8.128245
3.1	7.637214
3.12	8.038645
3.14	7.54309
3.16	7.948681
3.18	7.448522
3.2	7.353567
3.22	7.767907
3.24	7.258288
3.26	7.677224
3.28	7.162755
3.3	7.586436
3.32	7.067037
3.34	7.495617
3.36	6.971213
3.38	6.875363
3.4	7.314205
3.42	6.779576
3.44	7.223785
3.46	6.683947
3.48	7.133679
3.5	6.588574
3.52	7.043988
3.54	6.493566
3.56	6.399036
3.58	6.866279
3.6	6.305107
3.62	6.778492
3.64	6.21191
3.66	6.691584
3.68	6.119585
3.7	6.605687
3.72	6.520942
3.74	5.938152
3.76	6.437499
3.78	5.849372
3.8	6.355513
3.82	5.76212
3.84	6.275151
3.86	5.676584
3.88	5.592968
3.9	6.120001
3.92	5.511486
3.94	6.045587
3.96	5.43236
3.98	5.973541
4	5.35583
4.02	5.904073
4.04	5.282143
4.06	5.211558
4.08	5.773735
4.1	5.144344
4.12	5.713316
4.14	5.08078
4.16	5.656374
4.18	5.603147
4.2	4.965749
4.22	5.553878
4.24	4.914872
4.26	5.508811
4.28	4.868816
4.3	5.468189
4.32	4.82788
4.34	5.432253
4.36	5.401242
4.38	4.762526
4.4	5.375384
4.42	4.738667
4.44	5.354903
4.46	4.719359
4.48	5.337017
4.5	4.702285
4.52	4.693033
4.54	5.313151
4.56	4.695641
4.58	5.318495
4.6	4.710027
4.62	5.334551
4.64	4.731809
4.66	5.35517
4.68	5.375231
4.7	4.785979
4.72	5.403117
4.74	4.824
4.76	5.437897
4.78	4.869471
4.8	5.479403
4.82	4.922321
4.84	4.982483
4.86	5.582467
4.88	5.049865
4.9	5.64396
4.92	5.124354
4.94	5.712018
4.96	5.205816
4.98	5.786566
5	5.294096
5.02	5.389025
5.04	5.95473
5.06	5.490423
5.08	6.048115
5.1	5.598102
5.12	6.147529
5.14	5.711865
5.16	6.252832
5.18	6.363876
5.2	5.956854
5.22	6.48051
5.24	6.087682
5.26	6.602579
5.28	6.223805
5.3	6.729927
5.32	6.365031
5.34	6.511175
5.36	6.999842
5.38	6.662055
5.4	7.142101
5.42	6.817502
5.44	7.289027
5.46	6.977345
5.48	7.440475
5.5	7.596304
5.52	7.3096
5.54	7.756376
5.56	7.481717
5.58	7.920558
5.6	7.657641
5.62	8.088725
5.64	7.837245
5.66	8.020407
5.68	8.436525
5.7	8.207011
5.72	8.615932
5.74	8.39695
5.76	8.798866
5.78	8.590121
5.8	8.985227
5.82	9.174916
5.84	8.985781
5.86	9.367845
5.88	9.188094
5.9	9.563924
5.92	9.393289
5.94	9.763073
5.96	9.965213
5.98	9.812023
6	10.17027
6.02	10.02543
6.04	10.37817
6.06	10.24144
6.08	10.58886
6.1	10.46
6.12	10.68105
6.14	11.01832
6.16	10.90454
6.18	11.23698
6.2	11.13042
6.22	11.45819
6.24	11.35865
6.26	11.6819
6.28	11.58918
6.3	11.66954
6.32	11.853
6.34	11.82681
6.36	11.8019
6.38	11.77579
6.4	11.74848
6.42	11.72
6.44	11.69035
6.46	11.62765
6.48	11.59466
6.5	11.56061
6.52	11.52556
6.54	11.51661
6.56	11.50755
6.58	11.49733
6.6	11.48732
6.62	11.46801
6.64	11.45868
6.66	11.44982
6.68	11.44115
6.7	11.43294
6.72	11.42483
6.74	11.41718
6.76	11.40273
6.78	11.39584
6.8	11.38941
6.82	11.38341
6.84	11.3718
6.86	11.36659
6.88	11.3618
6.9	11.3571
6.92	11.35286
6.94	11.34869
6.96	11.345
6.98	11.34173
7	11.33582
7.02	11.33317
7.04	11.33099
7.06	11.32923
7.08	11.32756
7.1	11.32635
7.12	11.32521
7.14	11.32455
7.16	11.32431
7.18	11.32446
7.2	11.32484
7.22	11.32569
7.24	11.32697
7.26	11.32832
7.28	11.33014
7.3	11.33203
7.32	11.3344
7.34	11.33719
7.36	11.34339
7.38	11.3468
7.4	11.35068
7.42	11.35499
7.44	11.35937
7.46	11.36422
7.48	11.36914
7.5	11.37454
7.52	11.37317
7.54	11.3662
7.56	11.35795
7.58	11.34972
7.6	11.34149
7.62	11.33332
7.64	11.32543
7.66	11.31748
7.68	11.30935
7.7	11.29398
7.72	11.28636
7.74	11.27851
7.76	11.27097
7.78	11.26364
7.8	11.25658
7.82	11.2496
7.84	11.24212
7.86	11.23503
7.88	11.22818
7.9	11.21509
7.92	11.20808
7.94	11.20147
7.96	11.19507
7.98	11.18894
8	11.18286
8.02	11.17633
8.04	11.17017
8.06	11.15837
8.08	11.15288
8.1	11.14739
8.12	11.14136
8.14	11.13579
8.16	11.13034
8.18	11.12507
8.2	11.1201
8.22	11.11512
8.24	11.13733
8.26	11.15786
8.28	11.17614
8.3	11.19307
8.32	11.20875
8.34	11.22315
8.36	11.23616
8.38	11.25771
8.4	11.26608
8.42	11.13868
8.44	11.17788
8.46	11.18084
8.48	11.17643
8.5	11.17041
8.52	11.16405
8.54	11.15759
8.56	11.14429
8.58	11.13746
8.6	11.1306
8.62	11.1237
8.64	11.11663
8.66	11.10946
8.68	11.10227
8.7	11.09503
8.72	11.08763
8.74	11.0726
8.76	11.06495
8.78	11.05728
8.8	11.04945
8.82	11.0416
8.84	11.03363
8.86	11.02565
8.88	11.0175
8.9	11.00107
8.92	10.99278
8.94	10.98433
8.96	10.97587
8.98	10.96729
9	10.95861
9.02	10.94994
9.04	10.94114
9.06	10.92336
9.08	10.91435
9.1	10.90525
9.12	10.89616
9.14	10.88694
9.16	10.87764
9.18	10.86835
9.2	10.85894
9.22	10.84943
9.24	10.83996
9.26	10.83035
9.28	10.811
9.3	10.80121
9.32	10.79134
9.34	10.7815
9.36	10.77154
9.38	10.76221
9.4	10.75421
9.42	10.74674
9.44	10.73934
9.46	10.72471
9.48	10.71688
9.5	10.7093
9.52	10.70176
9.54	10.69394
9.56	10.6861
9.58	10.67844
9.6	10.66369
9.62	10.656
9.64	10.64848
9.66	10.64084
9.68	10.63333
9.7	10.62591
9.72	10.61856
9.74	10.61113
9.76	10.60375
9.78	10.59629
9.8	10.5889
9.82	10.57409
9.84	10.56659
9.86	10.55916
9.88	10.55178
9.9	10.5443
9.92	10.53677
9.94	10.52932
9.96	10.52192
9.98	10.50687
10	10.49941
10.02	10.49216
10.04	10.48502
10.06	10.47745
10.08	10.46999
10.1	10.4626
10.12	10.45511
10.14	10.44756
10.16	10.43274
10.18	10.42526
10.2	10.41772
10.22	10.41028
10.24	10.40289
10.26	10.39542
10.28	10.38802
10.3	10.38075
10.32	10.37356
10.34	10.36645
10.36	10.35893
10.38	10.34431
10.4	10.33693
10.42	10.32949
10.44	10.32219
10.46	10.31481
10.48	10.30752
10.5	10.30013
10.52	10.29285
10.54	10.28562
10.56	10.27091
10.58	10.26363
10.6	10.25656
10.62	10.24962
10.64	10.24223
10.66	10.23497
10.68	10.22778
10.7	10.22048
10.72	10.21313
10.74	10.19871
10.76	10.19144
10.78	10.1841
10.8	10.17688
10.82	10.16971
10.84	10.16244
10.86	10.14789
10.88	10.14073
10.9	10.13347
10.92	10.12615
10.94	10.11894
10.96	10.11178
10.98	10.10452
11	10.09721
11.02	10.09001
11.04	10.07561
11.06	10.06831
11.08	10.06111
11.1	10.05397
11.12	10.04674
11.14	10.03944
11.16	10.03226
11.18	10.01791
11.2	10.01062
11.22	10.00345
11.24	9.996343
11.26	9.989133
11.28	9.981865
11.3	9.97471
11.32	9.967615
11.34	9.960423
11.36	9.946035
11.38	9.938959
11.4	9.931786
11.42	9.924551
11.44	9.917436
11.46	9.910255
11.48	9.90314
11.5	9.896347
11.52	9.881638
11.54	9.874445
11.56	9.86747
11.58	9.860024
11.6	9.852777
11.62	9.845622
11.64	9.838336
11.66	9.831152
11.68	9.816716
11.7	9.809826
11.72	9.80265
11.74	9.795003
11.76	9.787748
11.78	9.780704
11.8	9.773194
11.82	9.765886
11.84	9.751329
11.86	9.744092
11.88	9.736792
11.9	9.729557
11.92	9.722642
11.94	9.715427
11.96	9.707714
11.98	9.700422
12	9.693356
12.02	9.678458
12.04	9.671224
12.06	9.66385
12.08	9.656593
12.1	9.649274
12.12	9.642026
12.14	9.635119
12.16	9.627899
12.18	9.620155
12.2	9.605803
12.22	9.598231
12.24	9.583667
12.26	9.576298
12.28	9.569057
12.3	9.561749
12.32	9.554521
12.34	9.547656
12.36	9.540462
12.38	9.532718
12.4	9.518435
12.42	9.510883
12.44	9.503576
12.46	9.496391
12.48	9.489058
12.5	9.481862
12.52	9.474599
12.54	9.467421
12.56	9.460626
12.58	9.445778
12.6	9.438565
12.62	9.431623
12.64	9.424121
12.66	9.416877
12.68	9.409762
12.7	9.402496
12.72	9.395373
12.74	9.381084
12.76	9.374386
12.78	9.367333
12.8	9.359687
12.82	9.35256
12.84	9.345717
12.86	9.338293
12.88	9.331141
12.9	9.324123
12.92	9.309931
12.94	9.302841
12.96	9.295847
12.98	9.289272
13	9.282332
13.02	9.274776
13.04	9.267762
13.06	9.261045
13.08	9.253726
13.1	9.239797
13.12	9.232744
13.14	9.225851
13.16	9.218888
13.18	9.212026
13.2	9.205599
13.22	9.198795
13.24	9.191357
13.26	9.177911
13.28	9.170724
13.3	9.16383
13.32	9.157083
13.34	9.150175
13.36	9.143434
13.38	9.136621
13.4	9.129912
13.42	9.123656
13.44	9.109715
13.46	9.102998
13.48	9.096601
13.5	9.089569
13.52	9.08284
13.54	9.076263
13.56	9.069523
13.58	9.062955
13.6	9.056314
13.62	9.043716
13.64	9.037254
13.66	9.030122
13.68	9.023586
13.7	9.017383
13.72	9.010526
13.74	9.003983
13.76	8.997597
13.78	8.991044
13.8	8.978224
13.82	8.971887
13.84	8.966032
13.86	8.959771
13.88	8.952826
13.9	8.946491
13.92	8.940498
13.94	8.933839
13.96	8.927503
13.98	8.914924
14	8.908642
14.02	8.902586
14.04	8.896127
14.06	8.889883
14.08	8.883849
14.1	8.87743
14.12	8.871218
14.14	8.865212
14.16	8.852647
14.18	8.846677
14.2	8.840322
14.22	8.834178
14.24	8.828244
14.26	8.821923
14.28	8.815816
14.3	8.809921
14.32	8.797567
14.34	8.791717
14.36	8.785469
14.38	8.779442
14.4	8.773635
14.42	8.767427
14.44	8.761443
14.46	8.755684
14.48	8.749519
14.5	8.737871
14.52	8.731751
14.54	8.725862
14.56	8.720203
14.58	8.71413
14.6	8.708291
14.62	8.702687
14.64	8.696664
14.66	8.690877
14.68	8.679358
14.7	8.673627
14.72	8.668139
14.74	8.662221
14.76	8.656547
14.78	8.651119
14.8	8.645258
14.82	8.639643
14.84	8.628476
14.86	8.622924
14.88	8.617624
14.9	8.611883
14.92	8.606394
14.94	8.601163
14.96	8.595485
14.98	8.590062
15	8.5849
15.02	8.573933
15.04	8.568842
15.06	8.563296
15.08	8.558013
15.1	8.552996
15.12	8.547521
15.14	8.542309
15.16	8.531964
15.18	8.526828
15.2	8.521965
15.22	8.516635
15.24	8.511575
15.26	8.506792
15.28	8.501537
15.3	8.496555
15.32	8.486678
15.34	8.481778
15.36	8.47716
15.38	8.472064
15.4	8.467246
15.42	8.462714
15.44	8.457701
15.46	8.452967
15.48	8.448523
15.5	8.438946
15.52	8.434591
15.54	8.429746
15.56	8.425187
15.58	8.420924
15.6	8.416167
15.62	8.411699
15.64	8.407529
15.66	8.402861
15.68	8.39441
15.7	8.389833
15.72	8.385551
15.74	8.381573
15.76	8.37709
15.78	8.372904
15.8	8.369023
15.82	8.364635
15.84	8.356766
15.86	8.352475
15.88	8.348484
15.9	8.344806
15.92	8.340612
15.94	8.336722
15.96	8.333148
15.98	8.329055
16	8.325268
16.02	8.317806
16.04	8.314122
16.06	8.310759
16.08	8.30687
16.1	8.303292
16.12	8.300037
16.14	8.296254
16.16	8.289637
16.18	8.28596
16.2	8.282598
16.22	8.279562
16.24	8.275993
16.26	8.27274
16.28	8.269817
16.3	8.266358
16.32	8.260406
16.34	8.257059
16.36	8.254029
16.38	8.251336
16.4	8.248099
16.42	8.245184
16.44	8.242607
16.46	8.239484
16.48	8.236685
16.5	8.231217
16.52	8.228534
16.54	8.226193
16.56	8.223302
16.58	8.220737
16.6	8.218515
16.62	8.215741
16.64	8.213295
16.66	8.211195
16.68	8.206214
16.7	8.204237
16.72	8.201701
16.74	8.199497
16.76	8.197643
16.78	8.195229
16.8	8.193147
16.82	8.191418
16.84	8.189125
16.86	8.185563
16.88	8.183394
16.9	8.181561
16.92	8.180083
16.94	8.178039
16.96	8.176331
16.98	8.17498
17	8.17306
17.02	8.170259
17.04	8.168465
17.06	8.16701
17.08	8.165917
17.1	8.164252
17.12	8.162927
17.14	8.161963
17.16	8.160426
17.18	8.158398
17.2	8.156989
17.22	8.155923
17.24	8.155223
17.26	8.153944
17.28	8.153008
17.3	8.152439
17.32	8.151292
17.34	8.150052
17.36	8.149035
17.38	8.148363
17.4	8.148062
17.42	8.147177
17.44	8.146637
17.46	8.14647
17.48	8.145718
17.5	8.145312
17.52	8.14466
17.54	8.144389
17.56	8.144492
17.58	8.144007
17.6	8.143869
17.62	8.144108
17.64	8.143758
17.66	8.143756
17.68	8.143915
17.7	8.144049
17.72	8.144561
17.74	8.14475
17.76	8.145398
17.78	8.145454
17.8	8.145861
17.82	8.146647
17.84	8.146839
17.86	8.147383
17.88	8.148307
17.9	8.149316
17.92	8.150377
17.94	8.150844
17.96	8.151661
17.98	8.152863
18	8.153464
18.02	8.15442
18.04	8.15576
18.06	8.1565
18.08	8.159072
18.1	8.15995
18.12	8.161181
18.14	8.162799
18.16	8.163815
18.18	8.165186
18.2	8.166942
18.22	8.168096
18.24	8.171499
18.26	8.172792
18.28	8.174439
18.3	8.176474
18.32	8.177906
18.34	8.179691
18.36	8.181865
18.38	8.183435
18.4	8.187672
18.42	8.189381
18.44	8.191443
18.46	8.193895
18.48	8.195743
18.5	8.197945
18.52	8.200536
18.54	8.202522
18.56	8.204862
18.58	8.209717
18.6	8.212194
18.62	8.215063
18.64	8.217327
18.66	8.219943
18.68	8.222951
18.7	8.225352
18.72	8.228106
18.74	8.231253
18.76	8.233792
18.78	8.23997
18.8	8.242647
18.82	8.245678
18.84	8.249101
18.86	8.251916
18.88	8.255084
18.9	8.258644
18.92	8.261598
18.94	8.264902
18.96	8.27169
18.98	8.275132
19	8.278967
19.02	8.282195
19.04	8.285774
19.06	8.289745
19.08	8.29311
19.1	8.296824
19.12	8.300933
19.14	8.308285
19.16	8.312529
19.18	8.316165
19.2	8.320151
19.22	8.324531
19.24	8.328303
19.26	8.332426
19.28	8.33694
19.3	8.340848
19.32	8.349753
19.34	8.353796
19.36	8.358186
19.38	8.362969
19.4	8.367147
19.42	8.371671
19.44	8.376588
19.46	8.380898
19.48	8.385556
19.5	8.39505
19.52	8.39984
19.54	8.405023
19.56	8.4096
19.58	8.414522
19.6	8.419837
19.62	8.424545
19.64	8.4296
19.66	8.435045
19.68	8.445071
19.7	8.450647
19.72	8.45562
19.74	8.460935
19.76	8.466641
19.78	8.471745
19.8	8.47719
19.82	8.483026
19.84	8.493833
19.86	8.499797
19.88	8.505159
19.9	8.510861
19.92	8.516954
19.94	8.522445
19.96	8.528275
19.98	8.534495
20	8.540114
20.02	8.552419
20.04	8.558164
20.06	8.564247
20.08	8.570721
20.1	8.576593
20.12	8.582802
20.14	8.5894
20.16	8.595398
20.18	8.601732
20.2	8.614578
20.22	8.621037
20.24	8.627881
20.26	8.63413
20.28	8.640712
20.3	8.64768
20.32	8.654051
20.34	8.660756
20.36	8.667846
20.38	8.681167
20.4	8.688377
20.42	8.694995
20.44	8.701942
20.46	8.709274
20.48	8.716011
20.5	8.723079
20.52	8.73739
20.54	8.744576
20.56	8.752147
20.58	8.759125
20.6	8.766431
20.62	8.774118
20.64	8.781216
20.66	8.788639
20.68	8.803658
20.7	8.811199
20.72	8.81912
20.74	8.826453
20.76	8.834109
20.78	8.842146
20.8	8.849594
20.82	8.857366
20.84	8.865517
20.86	8.880966
20.88	8.889231
20.9	8.896911
20.92	8.90491
20.94	8.913286
20.96	8.92108
20.98	8.929192
21	8.937681
21.02	8.953811
21.04	8.96241
21.06	8.970428
21.08	8.978764
21.1	8.987473
21.12	8.995602
21.14	9.004046
21.16	9.012865
21.18	9.021105
21.2	9.038586
21.22	9.046935
21.24	9.055596
21.26	9.064631
21.28	9.073088
21.3	9.081857
21.32	9.090998
21.34	9.099564
21.36	9.108438
21.38	9.126356
21.4	9.135338
21.42	9.144688
21.44	9.153465
21.46	9.162551
21.48	9.172005
21.5	9.180888
21.52	9.190077
21.54	9.199634
21.56	9.217913
21.58	9.227571
21.6	9.23666
21.62	9.246054
21.64	9.255813
21.66	9.265005
21.68	9.2745
21.7	9.293653
21.72	9.303246
21.74	9.313206
21.76	9.322599
21.78	9.332293
21.8	9.342349
21.82	9.351842
21.84	9.361634
21.86	9.371788
21.88	9.39127
21.9	9.401519
21.92	9.411208
21.94	9.421194
21.96	9.431539
21.98	9.441325
22	9.451406
22.02	9.471728
22.04	9.481903
22.06	9.492436
22.08	9.502414
22.1	9.512683
22.12	9.523309
22.14	9.533381
22.16	9.543743
22.18	9.564625
22.2	9.575079
22.22	9.585887
22.24	9.596145
22.26	9.606689
22.28	9.617588
22.3	9.627936
22.32	9.638571
22.34	9.659998
22.36	9.670722
22.38	9.681797
22.4	9.692327
22.42	9.703138
22.44	9.714301
22.46	9.724918
22.48	9.735819
22.5	9.747067
22.52	9.76876
22.54	9.780095
22.56	9.790888
22.58	9.80196
22.6	9.813379
22.62	9.824259
22.64	9.835415
22.66	9.846919
22.68	9.857882
22.7	9.880711
22.72	9.891759
22.74	9.903084
22.76	9.914752
22.78	9.925884
22.8	9.93729
22.82	9.949039
22.84	9.960254
22.86	9.971743
22.88	9.99487
22.9	10.00644
22.92	10.01835
22.94	10.02973
22.96	10.04137
22.98	10.05336
23	10.06482
23.02	10.07655
23.04	10.10015
23.06	10.11196
23.08	10.1241
23.1	10.13572
23.12	10.1476
23.14	10.17151
23.16	10.18347
23.18	10.19577
23.2	10.20754
23.22	10.23194
23.24	10.24379
23.26	10.2559
23.28	10.26834
23.3	10.28027
23.32	10.29245
23.34	10.30497
23.36	10.32922
23.38	10.34181
23.4	10.35388
23.42	10.36621
23.44	10.37887
23.46	10.39102
23.48	10.40342
23.5	10.41615
23.52	10.42836
23.54	10.45364
23.56	10.46593
23.58	10.47847
23.6	10.49134
23.62	10.5037
23.64	10.51631
23.66	10.52925
23.68	10.54168
23.7	10.55436
23.72	10.57986
23.74	10.59261
23.76	10.60572
23.78	10.61824
23.8	10.63104
23.82	10.64417
23.84	10.65681
23.86	10.66969
23.88	10.69515
23.9	10.70768
23.92	10.72069
23.94	10.73374
23.96	10.74681
23.98	10.76009
24	10.77298
24.02	10.78607
24.04	10.79943
24.06	10.82552
24.08	10.83897
24.1	10.85195
24.12	10.86516
24.14	10.87867
24.16	10.89171
24.18	10.90498
24.2	10.93166
24.22	10.94499
24.24	10.95863
24.26	10.97179
24.28	10.98518
24.3	10.99888
24.32	11.0121
24.34	11.02555
24.36	11.05259
24.38	11.06611
24.4	11.07993
24.42	11.09327
24.44	11.10684
24.46	11.12072
24.48	11.13411
24.5	11.14774
24.52	11.16168
24.54	11.18882
24.56	11.20282
24.58	11.21633
24.6	11.23007
24.62	11.24412
24.64	11.25769
24.66	11.27149
24.68	11.29923
24.7	11.31308
24.72	11.32724
24.74	11.34093
24.76	11.35484
24.78	11.36905
24.8	11.38279
24.82	11.39676
24.84	11.41102
24.86	11.43884
24.88	11.45316
24.9	11.46701
24.92	11.48108
24.94	11.49545
24.96	11.50935
24.98	11.52348
25	11.5379
25.02	11.55186
25.04	11.58051
25.06	11.59452
25.08	11.60875
25.1	11.62328
25.12	11.63734
25.14	11.65162
25.16	11.66619
25.18	11.69464
25.2	11.70926
25.22	11.72343
25.24	11.73781
25.26	11.75248
25.28	11.7667
25.3	11.78113
25.32	11.79585
25.34	11.81011
25.36	11.80435
25.38	11.79582
25.4	11.75898
25.42	11.75407
25.44	11.74577
25.46	11.74136
25.48	11.74319
25.5	11.73551
25.52	11.74656
25.54	11.75476
25.56	11.53871
25.58	11.33357
25.6	11.16282
25.62	11.16659
25.64	11.15633
25.66	11.14542
25.68	11.13487
25.7	11.1128
25.72	11.09723
25.74	11.1967
25.76	11.33849
25.78	11.45773
25.8	11.61614
25.82	11.73299
25.84	11.75502
25.86	11.77359
25.88	11.79932
25.9	11.81929
25.92	11.85932
25.94	11.9067
25.96	11.93579
25.98	11.99893
26	11.61639
26.02	11.53811
26.04	11.83707
26.06	11.45164
26.08	11.74325
26.1	11.35663
26.12	10.99473
26.14	10.66085
26.16	10.39776
26.18	10.35962
26.2	10.3495
26.22	10.34057
26.24	10.33249
26.26	10.32407
26.28	10.3677
26.3	10.37298
26.32	10.37075
26.34	10.36718
26.36	10.36
26.38	10.3567
26.4	10.35362
26.42	10.35072
26.44	10.34789
26.46	10.34513
26.48	10.34244
26.5	10.33988
26.52	10.33509
26.54	10.33275
26.56	10.33051
26.58	10.32834
26.6	10.32628
26.62	10.3243
26.64	10.32239
26.66	10.32057
26.68	10.31894
26.7	10.31579
26.72	10.31433
26.74	10.31295
26.76	10.31166
26.78	10.31034
26.8	10.30911
26.82	10.30799
26.84	10.30697
26.86	10.30517
26.88	10.30444
26.9	10.30376
26.92	10.30314
26.94	10.3026
26.96	10.30213
26.98	10.30173
27	10.30138
27.02	10.30091
27.04	10.31927
27.06	10.32432
27.08	10.31944
27.1	10.31307
27.12	10.3052
27.14	10.29583
27.16	10.30144
27.18	10.30341
27.2	10.30423
27.22	10.30533
27.24	10.30669
27.26	10.30756
27.28	10.30842
27.3	10.30933
27.32	10.31031
27.34	10.31136
27.36	10.31248
27.38	10.31493
27.4	10.31625
27.42	10.31765
27.44	10.31911
27.46	10.32073
27.48	10.32238
27.5	10.32409
27.52	10.32589
27.54	10.32963
27.56	10.33156
27.58	10.33359
27.6	10.3357
27.62	10.33799
27.64	10.34032
27.66	10.34267
27.68	10.34503
27.7	10.34752
27.72	10.35271
27.74	10.35553
27.76	10.35832
27.78	10.36119
27.8	10.36412
27.82	10.36719
27.84	10.3703
27.86	10.37357
27.88	10.45609
27.9	10.51922
27.92	10.60275
27.94	10.66165
27.96	10.74885
27.98	10.80299
28	10.89316
28.02	10.94206
28.04	11.07782
28.06	10.9472
28.08	10.81694
28.1	10.69025
28.12	10.56809
28.14	10.47551
28.16	10.47224
28.18	10.4715
28.2	10.46933
28.22	10.46793
28.24	10.46791
28.26	10.46811
28.28	10.46861
28.3	10.46928
28.32	10.47024
28.34	10.47133
28.36	10.47272
28.38	10.47427
28.4	10.47808
28.42	10.48036
28.44	10.4828
28.46	10.48554
28.48	10.4884
28.5	10.49157
28.52	10.4949
28.54	10.49854
28.56	10.5023
28.58	10.51505
28.6	10.51981
28.62	10.52473
28.64	10.52985
28.66	10.53529
28.68	10.5409
28.7	10.54671
28.72	10.55284
28.74	10.56564
28.76	10.57246
28.78	10.57945
28.8	10.58665
28.82	10.59418
28.84	10.60187
28.86	10.60977
28.88	10.618
28.9	10.6264
28.92	10.64394
28.94	10.65304
28.96	10.66236
28.98	10.67201
29	10.68183
29.02	10.69186
29.04	10.70223
29.06	10.71276
29.08	10.72352
29.1	10.74586
29.12	10.75734
29.14	10.76915
29.16	10.78114
29.18	10.79334
29.2	10.80589
29.22	10.81861
29.24	10.83154
29.26	10.84483
29.28	10.87203
29.3	10.88595
29.32	10.90022
29.34	10.91463
29.36	10.9294
29.38	10.94431
29.4	10.95949
29.42	10.9749
29.44	11.00649
29.46	11.02267
29.48	11.03909
29.5	11.05577
29.52	11.07075
29.54	11.08292
29.56	11.09463
29.58	11.11803
29.6	11.12982
29.62	11.14183
29.64	11.1539
29.66	11.16615
29.68	11.1784
29.7	11.19088
29.72	11.20342
29.74	11.21609
29.76	11.24176
29.78	11.25476
29.8	11.2679
29.82	11.28113
29.84	11.2945
29.86	11.30797
29.88	11.32159
29.9	11.3353
29.92	11.34915
29.94	11.3772
29.96	11.39139
29.98	11.40574
30	11.42018
30.02	11.43476
30.04	11.44945
30.06	11.46429
30.08	11.47922
30.1	11.49431
30.12	11.52484
30.14	11.54027
30.16	11.55587
30.18	11.57156
30.2	11.58741
30.22	11.60336
30.24	11.61947
30.26	11.63567
30.28	11.65204
30.3	11.66851
30.32	11.68513
30.34	11.71875
30.36	11.73574
30.38	11.75289
30.4	11.77014
30.42	11.78756
30.44	11.80508
30.46	11.80689
30.48	11.80204
30.5	11.79084
30.52	11.7852
30.54	11.77973
30.56	11.77429
30.58	11.76893
30.6	11.76375
30.62	11.74096
30.64	11.70766
30.66	11.67338
30.68	11.60796
30.7	11.61002
30.72	11.59144
30.74	11.60412
30.76	11.58487
30.78	11.58762
30.8	11.57141
30.82	11.57259
30.84	11.56102
30.86	11.56082
30.88	11.55382
30.9	11.54958
30.92	11.31492
30.94	11.10051
30.96	10.93326
30.98	10.98083
31	10.98567
31.02	10.98071
31.04	10.97615
31.06	11.14443
31.08	11.00469
31.1	11.07646
31.12	11.12883
31.14	11.16875
31.16	11.22395
31.18	11.259
31.2	11.31653
31.22	11.40571
31.24	11.42991
31.26	11.49076
31.28	11.43443
31.3	11.39537
31.32	11.33955
31.34	11.29914
31.36	11.24439
31.38	11.15012
31.4	11.13627
31.42	11.15924
31.44	11.14967
31.46	11.16027
31.48	11.17005
31.5	11.17992
31.52	11.19012
31.54	11.20063
31.56	11.22277
31.58	11.23434
31.6	11.24626
31.62	11.25856
31.64	11.27119
31.66	11.28419
31.68	11.29753
31.7	11.31123
31.72	11.32528
31.74	11.35444
31.76	11.36955
31.78	11.38501
31.8	11.40085
31.82	11.41702
31.84	11.43354
31.86	11.44629
31.88	11.45526
31.9	11.47173
31.92	11.48005
31.94	11.48847
31.96	11.49706
31.98	11.50578
32	11.51456
32.02	11.52352
32.04	11.53261
32.06	11.55107
32.08	11.56059
32.1	11.57018
32.12	11.57976
32.14	11.58962
32.16	11.59945
32.18	11.6095
32.2	11.6197
32.22	11.6404
32.24	11.65104
32.26	11.66164
32.28	11.67244
32.3	11.68341
32.32	11.69444
32.34	11.70564
32.36	11.72841
32.38	11.73999
32.4	11.75173
32.42	11.76354
32.44	11.77551
32.46	11.7877
32.48	11.79985
32.5	11.8117
32.52	11.8101
32.54	11.83326
32.56	11.82522
32.58	11.82368
32.6	11.76553
32.62	11.68509
32.64	11.72153
32.66	11.69442
32.68	11.7049
32.7	11.73142
32.72	11.27764
32.74	11.23231
32.76	10.89865
32.78	10.91086
32.8	10.91344
32.82	10.91598
32.84	10.91865
32.86	10.92149
32.88	10.9245
32.9	10.92769
32.92	10.93106
32.94	10.93832
32.96	10.94221
32.98	10.94628
33	10.95053
33.02	10.95495
33.04	10.95955
33.06	10.96433
33.08	10.96616
33.1	10.96726
33.12	10.96772
33.14	10.96817
33.16	10.96863
33.18	10.9691
33.2	10.96957
33.22	10.97006
33.24	10.97056
33.26	10.97158
33.28	10.9721
33.3	10.97264
33.32	10.97318
33.34	10.97373
33.36	10.97428
33.38	10.97485
33.4	10.97542
33.42	10.97658
33.44	10.97717
33.46	10.97776
33.48	10.97836
33.5	10.97896
33.52	10.97956
33.54	10.98017
33.56	10.98078
33.58	10.98201
33.6	10.98263
33.62	10.98325
33.64	10.98397
33.66	10.98463
33.68	10.98529
33.7	10.98596
33.72	10.98663
33.74	10.98801
33.76	10.98871
33.78	10.98942
33.8	10.99013
33.82	10.99086
33.84	10.99159
33.86	10.99233
33.88	10.99308
33.9	10.99453
33.92	10.99521
33.94	10.99597
33.96	10.99674
33.98	10.99752
34	10.99831
34.02	10.9991
34.04	11.0007
34.06	11.00151
34.08	11.00315
34.1	11.00397
34.12	11.00479
34.14	11.0057
34.16	11.00657
34.18	11.00741
34.2	11.00827
34.22	11.00911
34.24	11.01087
34.26	11.01176
34.28	11.01267
34.3	11.01358
34.32	11.0145
34.34	11.01543
34.36	11.01636
34.38	11.0173
34.4	11.01922
34.42	11.02018
34.44	11.02114
34.46	11.0221
34.48	11.02307
34.5	11.02403
34.52	11.02501
34.54	11.02598
34.56	11.02802
34.58	11.02903
34.6	11.03005
34.62	11.03107
34.64	11.0321
34.66	11.03314
34.68	11.03418
34.7	11.03524
34.72	11.03732
34.74	11.03831
34.76	11.03937
34.78	11.04046
34.8	11.04154
34.82	11.04264
34.84	11.04374
34.86	11.04484
34.88	11.04705
34.9	11.04816
34.92	11.04927
34.94	11.05048
34.96	11.05163
34.98	11.05278
35	11.05394
35.02	11.05506
35.04	11.05738
35.06	11.05857
35.08	11.05975
35.1	11.06095
35.12	11.06215
35.14	11.06338
35.16	11.0646
35.18	11.06582
35.2	11.06826
35.22	11.06949
35.24	11.0707
35.26	11.07193
35.28	11.07326
35.3	11.07452
35.32	11.07579
35.34	11.07707
35.36	11.07964
35.38	11.08095
35.4	11.08226
35.42	11.08358
35.44	11.08483
35.46	11.08607
35.48	11.08738
35.5	11.09003
35.52	11.09136
35.54	11.0927
35.56	11.09404
35.58	11.09547
35.6	11.09686
35.62	11.09823
35.64	11.10097
35.66	11.10236
35.68	11.10377
35.7	11.10518
35.72	11.1066
35.74	11.10804
35.76	11.10948
35.78	11.11092
35.8	11.11236
35.82	11.11524
35.84	11.11668
35.86	11.11822
35.88	11.11966
35.9	11.12113
35.92	11.12261
35.94	11.12409
35.96	11.12559
35.98	11.12859
36	11.1301
36.02	11.13165
36.04	11.13317
36.06	11.1347
36.08	11.13622
36.1	11.13773
36.12	11.13926
36.14	11.14245
36.16	11.14402
36.18	11.14559
36.2	11.14718
36.22	11.14878
36.24	11.15038
36.26	11.15193
36.28	11.15346
36.3	11.15666
36.32	11.15827
36.34	11.15989
36.36	11.16151
36.38	11.16313
36.4	11.16486
36.42	11.16651
36.44	11.16817
36.46	11.1698
36.48	11.17314
36.5	11.17482
36.52	11.17651
36.54	11.17823
36.56	11.17994
36.58	11.18164
36.6	11.18335
36.62	11.18505
36.64	11.18856
36.66	11.19027
36.68	11.192
36.7	11.19374
36.72	11.19549
36.74	11.19724
36.76	11.199
36.78	11.20076
36.8	11.20434
36.82	11.20612
36.84	11.20789
36.86	11.20965
36.88	11.21149
36.9	11.21329
36.92	11.21509
36.94	11.21871
36.96	11.22053
36.98	11.22235
37	11.22422
37.02	11.22606
37.04	11.2279
37.06	11.22975
37.08	11.23159
37.1	11.23538
37.12	11.23728
37.14	11.23918
37.16	11.24108
37.18	11.24295
37.2	11.24479
37.22	11.24668
37.24	11.24861
37.26	11.25245
37.28	11.25438
37.3	11.2563
37.32	11.25823
37.34	11.26026
37.36	11.26219
37.38	11.26415
37.4	11.26612
37.42	11.27007
37.44	11.27205
37.46	11.27407
37.48	11.27607
37.5	11.27807
37.52	11.28006
37.54	11.28206
37.56	11.28416
37.58	11.28826
37.6	11.29032
37.62	11.29239
37.64	11.29447
37.66	11.29649
37.68	11.29848
37.7	11.30053
37.72	11.3026
37.74	11.30676
37.76	11.30893
37.78	11.31108
37.8	11.31318
37.82	11.31526
37.84	11.31738
37.86	11.31951
37.88	11.32165
37.9	11.32598
37.92	11.32814
37.94	11.33029
37.96	11.33254
37.98	11.3347
38	11.33688
38.02	11.33908
38.04	11.34128
38.06	11.34348
38.08	11.34794
38.1	11.35016
38.12	11.35238
38.14	11.35461
38.16	11.35693
38.18	11.35921
38.2	11.36149
38.22	11.36608
38.24	11.36833
38.26	11.37055
38.28	11.37282
38.3	11.37512
38.32	11.37741
38.34	11.37971
38.36	11.38212
38.38	11.3868
38.4	11.3891
38.42	11.39145
38.44	11.3938
38.46	11.39618
38.48	11.39855
38.5	11.40092
38.52	11.40329
38.54	11.40565
38.56	11.4105
38.58	11.4129
38.6	11.41531
38.62	11.41772
38.64	11.42013
38.66	11.4226
38.68	11.42503
38.7	11.4299
38.72	11.43242
38.74	11.43491
38.76	11.4374
38.78	11.43991
38.8	11.44237
38.82	11.44479
38.84	11.44728
38.86	11.45228
38.88	11.45478
38.9	11.45739
38.92	11.45993
38.94	11.46248
38.96	11.46499
38.98	11.46753
39	11.47009
39.02	11.47524
39.04	11.47781
39.06	11.48038
39.08	11.48305
39.1	11.48563
39.12	11.48823
39.14	11.49084
39.16	11.49345
39.18	11.49872
39.2	11.50136
39.22	11.50398
39.24	11.50662
39.26	11.50935
39.28	11.51204
39.3	11.51473
39.32	11.51743
39.34	11.52279
39.36	11.5254
39.38	11.52808
39.4	11.53077
39.42	11.53347
39.44	11.53626
39.46	11.539
39.48	11.54175
39.5	11.54445
39.52	11.54996
39.54	11.55272
39.56	11.55548
39.58	11.55824
39.6	11.56111
39.62	11.56668
39.64	11.56949
39.66	11.5723
39.68	11.57514
39.7	11.57797
39.72	11.5808
39.74	11.58363
39.76	11.58656
39.78	11.59234
39.8	11.59525
39.82	11.59811
39.84	11.60093
39.86	11.60381
39.88	11.6067
39.9	11.6096
39.92	11.6126
39.94	11.61849
39.96	11.62139
39.98	11.62433
40	11.6273
40.02	11.63026
40.04	11.63322
40.06	11.63618
40.08	11.63921
40.1	11.6452
40.12	11.64821
40.14	11.65121
40.16	11.65426
40.18	11.65729
40.2	11.66031
40.22	11.66333
40.24	11.66645
40.26	11.67263
40.28	11.67568
40.3	11.67869
40.32	11.68177
40.34	11.68485
40.36	11.68793
40.38	11.69101
40.4	11.69419
40.42	11.70041
40.44	11.70354
40.46	11.70667
40.48	11.70983
40.5	11.71298
40.52	11.71612
40.54	11.71926
40.56	11.72572
40.58	11.72893
40.6	11.73216
40.62	11.73533
40.64	11.73845
40.66	11.74164
40.68	11.74484
40.7	11.74804
40.72	11.75461
40.74	11.75782
40.76	11.76106
40.78	11.76431
40.8	11.76759
40.82	11.77086
40.84	11.77412
40.86	11.77745
40.88	11.78405
40.9	11.78736
40.92	11.79066
40.94	11.79402
40.96	11.79735
40.98	11.80067
41	11.80409
41.02	11.81088
41.04	11.81413
41.06	11.81383
41.08	11.81299
41.1	11.8124
41.12	11.81163
41.14	11.81096
41.16	11.81034
41.18	11.80916
41.2	11.80861
41.22	11.80811
41.24	11.80768
41.26	11.8073
41.28	11.80698
41.3	11.80673
41.32	11.76875
41.34	11.74211
41.36	11.66772
41.38	11.7308
41.4	11.58169
41.42	11.5947
41.44	11.59776
41.46	11.59891
41.48	11.59976
41.5	11.60159
41.52	11.60264
41.54	11.60327
41.56	11.70893
41.58	11.64693
41.6	11.73458
41.62	11.65077
41.64	11.62807
41.66	11.73668
41.68	11.60585
41.7	11.74427
41.72	11.58924
41.74	11.75847
41.76	11.51825
41.78	11.64414
41.8	11.59227
41.82	11.35444
41.84	11.53417
41.86	11.2971
41.88	11.46655
41.9	11.42862
41.92	11.38915
41.94	11.3482
41.96	10.73178
41.98	10.93072
42	10.96783
42.02	10.97013
42.04	10.9654
42.06	10.95929
42.08	10.95295
42.1	10.94661
42.12	10.93402
42.14	10.9278
42.16	10.92163
42.18	10.9155
42.2	10.90942
42.22	10.90339
42.24	10.89741
42.26	10.88559
42.28	10.87976
42.3	10.87397
42.32	10.86824
42.34	10.86255
42.36	10.85692
42.38	10.85134
42.4	10.8458
42.42	10.8349
42.44	10.82953
42.46	10.82421
42.48	10.81894
42.5	10.81373
42.52	10.80857
42.54	10.80347
42.56	10.79843
42.58	10.79344
42.6	10.78364
42.62	10.77882
42.64	10.77407
42.66	10.76937
42.68	10.76474
42.7	10.76017
42.72	10.75565
42.74	10.7512
42.76	10.7425
42.78	10.73825
42.8	10.73406
42.82	10.93103
42.84	11.13782
42.86	11.12873
42.88	11.11793
42.9	11.09124
42.92	11.07539
42.94	11.05789
42.96	11.03878
42.98	11.01808
43	10.99583
43.02	10.97206
43.04	10.94683
43.06	10.89213
43.08	10.86277
43.1	10.83215
43.12	10.80033
43.14	10.76738
43.16	10.72928
43.18	10.57704
43.2	10.60226
43.22	10.58244
43.24	10.56292
43.26	10.54539
43.28	10.53017
43.3	10.5173
43.32	10.50678
43.34	10.49861
43.36	11.05074
43.38	11.36398
43.4	11.69851
43.42	11.87806
43.44	11.56849
43.46	11.85661
43.48	11.53999
43.5	11.53145
43.52	11.54601
43.54	11.55859
43.56	11.5692
43.58	11.5428
43.6	11.54948
43.62	11.51921
43.64	11.52216
43.66	11.48779
43.68	11.39121
43.7	11.1964
43.72	11.00603
43.74	10.82075
43.76	10.64123
43.78	10.4682
43.8	10.1939
43.82	10.22426
43.84	10.22845
43.86	10.22753
43.88	10.22578
43.9	10.22402
43.92	10.22243
43.94	10.22108
43.96	10.21994
43.98	10.21903
44	10.21789
44.02	10.21765
44.04	10.21766
44.06	10.21788
44.08	10.21835
44.1	10.21605
44.12	10.21075
44.14	10.2049
44.16	10.19914
44.18	10.18794
44.2	10.1824
44.22	10.17679
44.24	10.17127
44.26	10.16582
44.28	10.16022
44.3	10.1547
44.32	10.14372
44.34	10.13828
44.36	10.13293
44.38	10.12742
44.4	10.12201
44.42	10.11664
44.44	10.11123
44.46	10.10589
44.48	10.09524
44.5	10.08994
44.52	10.0847
44.54	10.0794
44.56	10.07418
44.58	10.06906
44.6	10.06378
44.62	10.05861
44.64	10.04832
44.66	10.04325
44.68	10.03827
44.7	10.03312
44.72	10.0281
44.74	10.02313
44.76	10.01811
44.78	10.01318
44.8	10.00337
44.82	9.998505
44.84	9.993698
44.86	9.988842
44.88	9.984082
44.9	9.979427
44.92	9.974612
44.94	9.965298
44.96	9.956047
44.98	9.951579
45	9.946952
45.02	9.942459
45.04	9.933549
45.06	9.929172
45.08	9.924908
45.1	9.920485
45.12	9.916202
45.14	9.911981
45.16	9.907716
45.18	9.903557
45.2	9.899511
45.22	9.89531
45.24	9.887261
45.26	9.883225
45.28	9.879299
45.3	9.875491
45.32	9.871526
45.34	9.867712
45.36	9.863964
45.38	9.860175
45.4	9.852942
45.42	9.849232
45.44	9.845753
45.46	9.842137
45.48	9.838747
45.5	9.835217
45.52	9.831915
45.54	9.828475
45.56	9.825264
45.58	9.818795
45.6	9.815539
45.62	9.812515
45.64	9.809355
45.66	9.806428
45.68	9.803364
45.7	9.800537
45.72	9.797573
45.74	9.791986
45.76	9.789365
45.78	9.786606
45.8	9.784091
45.82	9.781439
45.84	9.779033
45.86	9.776489
45.88	9.77176
45.9	9.769577
45.92	9.767257
45.94	9.765188
45.96	9.763041
45.98	9.761013
46	9.759005
46.02	9.757092
46.04	9.755207
46.06	9.753417
46.08	9.749986
46.1	9.748347
46.12	9.746805
46.14	9.745293
46.16	9.74388
46.18	9.742496
46.2	9.741214
46.22	9.739961
46.24	9.73881
46.26	9.736675
46.28	9.735691
46.3	9.734812
46.32	9.733965
46.34	9.733225
46.36	9.732518
46.38	9.73192
46.4	9.731356
46.42	9.730901
46.44	9.730479
46.46	9.729897
46.48	9.729735
46.5	9.72961
46.52	9.729599
46.54	9.729624
46.56	9.729764
46.58	9.729942
46.6	9.730238
46.62	9.731022
46.64	9.731513
46.66	9.732123
46.68	9.732773
46.7	9.733544
46.72	9.734354
46.74	9.735289
46.76	9.736262
46.78	9.738502
46.8	9.739767
46.82	9.741074
46.84	9.742508
46.86	9.743985
46.88	9.74559
46.9	9.747239
46.92	9.750839
46.94	9.752793
46.96	9.754791
46.98	9.756922
47	9.759097
47.02	9.761406
47.04	9.763762
47.06	9.766252
47.08	9.771461
47.1	9.77418
47.12	9.777037
47.14	9.779942
47.16	9.782986
47.18	9.786077
47.2	9.78931
47.22	9.79259
47.24	9.796012
47.26	9.803098
47.28	9.806761
47.3	9.81057
47.32	9.814427
47.34	9.81843
47.36	9.822484
47.38	9.826684
47.4	9.830935
47.42	9.839785
47.44	9.844384
47.46	9.849035
47.48	9.853837
47.5	9.85869
47.52	9.863695
47.54	9.868753
47.56	9.873963
47.58	9.884644
47.6	9.890113
47.62	9.895738
47.64	9.901418
47.66	9.907252
47.68	9.91314
47.7	9.919186
47.72	9.931543
47.74	9.937857
47.76	9.944328
47.78	9.950855
47.8	9.957541
47.82	9.964284
47.84	9.971188
47.86	9.978147
47.88	9.992444
47.9	9.999784
47.92	10.00718
47.94	10.01474
47.96	10.02236
47.98	10.03014
48	10.03797
48.02	10.04598
48.04	10.06226
48.06	10.07055
48.08	10.079
48.1	10.0875
48.12	10.09618
48.14	10.10491
48.16	10.11381
48.18	10.12277
48.2	10.14109
48.22	10.15045
48.24	10.15986
48.26	10.16945
48.28	10.17909
48.3	10.18891
48.32	10.19878
48.34	10.21893
48.36	10.22921
48.38	10.23954
48.4	10.25005
48.42	10.26062
48.44	10.27136
48.46	10.28216
48.48	10.29313
48.5	10.30417
48.52	10.32664
48.54	10.33808
48.56	10.34958
48.58	10.36126
48.6	10.37299
48.62	10.38491
48.64	10.39688
48.66	10.40902
48.68	10.43361
48.7	10.44605
48.72	10.45867
48.74	10.47135
48.76	10.4842
48.78	10.49712
48.8	10.51021
48.82	10.53669
48.84	10.55007
48.86	10.56364
48.88	10.57726
48.9	10.59107
48.92	10.60493
48.94	10.61897
48.96	10.63306
48.98	10.66168
49	10.67619
49.02	10.69076
49.04	10.70552
49.06	10.72033
49.08	10.73532
49.1	10.75036
49.12	10.76559
49.14	10.79634
49.16	10.81186
49.18	10.82756
49.2	10.84332
49.22	10.85926
49.24	10.87525
49.26	10.89143
49.28	10.90765
49.3	10.94053
49.32	10.95718
49.34	10.97388
49.36	10.99077
49.38	11.0077
49.4	11.02483
49.42	11.042
49.44	11.05935
49.46	11.09435
49.48	11.11199
49.5	11.12982
49.52	11.14769
49.54	11.16575
49.56	11.18386
49.58	11.22049
49.6	11.23902
49.62	11.25759
49.64	11.27635
49.66	11.29516
49.68	11.31415
49.7	11.33318
49.72	11.35241
49.74	11.39113
49.76	11.41062
49.78	11.43031
49.8	11.45003
49.82	11.46995
49.84	11.4899
49.86	11.51004
49.88	11.53023
49.9	11.5506
49.92	11.59161
49.94	11.61225
49.96	11.63307
49.98	11.65393
50	11.67498
50.02	11.69607
50.04	11.71735
50.06	11.73866
50.08	11.76016
50.1	11.80342
50.12	11.80493
50.14	11.80005
50.16	11.7935
50.18	11.78661
50.2	11.78024
50.22	11.77359
50.24	11.7606
50.26	11.75418
50.28	11.7477
50.3	11.7414
50.32	11.73524
50.34	11.72921
50.36	11.72344
50.38	11.71774
50.4	11.7059
50.42	11.69484
50.44	11.68967
50.46	11.68451
50.48	11.68327
50.5	11.66009
50.52	11.66122
50.54	11.63616
50.56	11.61317
50.58	11.62481
50.6	11.49779
50.62	11.47213
50.64	11.45708
50.66	11.46434
50.68	11.4654
50.7	11.46164
50.72	11.46762
50.74	11.46602
50.76	11.4706
50.78	11.49473
50.8	11.58098
50.82	11.5809
50.84	11.58539
50.86	11.58069
50.88	11.56537
50.9	11.56255
50.92	11.5493
50.94	11.55342
50.96	11.46103
50.98	11.4435
51	11.3514