0.02	7.386319
0.04	7.380128
0.06	6.872145
0.08	6.757958
0.1	6.697115
0.12	6.56832
0.14	6.500547
0.16	6.430657
0.18	6.358763
0.2	6.284986
0.22	6.20946
0.24	6.132331
0.26	6.05376
0.28	5.973921
0.3	5.811225
0.32	5.728806
0.34	5.646
0.36	5.563079
0.38	5.480343
0.4	5.398117
0.42	5.316753
0.44	5.158185
0.46	5.081846
0.48	5.008105
0.5	4.93748
0.52	4.870524
0.54	4.807823
0.56	4.749993
0.58	4.697676
0.6	4.651535
0.62	4.612245
0.64	4.580488
0.66	4.54225
0.68	4.537052
0.7	4.541925
0.72	4.557395
0.74	4.583917
0.76	4.621872
0.78	4.671555
0.8	4.733171
0.82	4.879592
0.84	4.958089
0.86	5.042411
0.88	5.132624
0.9	5.228777
0.92	5.330907
0.94	5.439034
0.96	5.673305
0.98	5.799432
1	5.931526
1.02	6.069556
1.04	6.213486
1.06	6.361307
1.08	6.512006
1.1	6.667778
1.12	6.993716
1.14	7.163667
1.16	7.338152
1.18	7.517088
1.2	7.70039
1.22	8.079786
1.24	8.275732
1.26	8.475748
1.28	8.679769
1.3	8.887731
1.32	9.099572
1.34	8.975568
1.36	8.952629
1.38	8.934949
1.4	8.920607
1.42	8.909595
1.44	8.901907
1.46	8.897543
1.48	8.898775
1.5	8.904373
1.52	8.902549
1.54	8.898861
1.56	8.894835
1.58	8.886738
1.6	8.882733
1.62	8.878759
1.64	8.874815
1.66	8.870899
1.68	8.867009
1.7	8.863145
1.72	8.859306
1.74	8.855493
1.76	8.847943
1.78	8.844211
1.8	8.840509
1.82	8.836843
1.84	8.833211
1.86	8.829619
1.88	8.826074
1.9	8.819134
1.92	8.815751
1.94	8.812435
1.96	8.809192
1.98	8.806029
2	8.802956
2.02	8.799977
2.04	8.797105
2.06	8.791714
2.08	8.789214
2.1	8.786861
2.12	8.784665
2.14	8.782637
2.16	8.78079
2.18	8.779138
2.2	8.777692
2.22	8.776467
2.24	8.775477
2.26	8.774265
2.28	8.774073
2.3	8.774179
2.32	8.774598
2.34	8.775349
2.36	8.776449
2.38	8.777916
2.4	8.782025
2.42	8.784706
2.44	8.787831
2.46	8.79142
2.48	8.795492
2.5	8.794653
2.52	8.796938
2.54	8.802855
2.56	8.824314
2.58	8.839142
2.6	8.856615
2.62	8.876061
2.64	8.889482
2.66	8.90186
2.68	8.914304
2.7	8.94018
2.72	8.95372
2.74	8.967536
2.76	8.981635
2.78	8.99602
2.8	9.010692
2.82	9.025647
2.84	9.040887
2.86	9.05641
2.88	9.088301
2.9	9.104666
2.92	9.121309
2.94	9.13823
2.96	9.17356
2.98	9.191525
3	9.209732
3.02	9.228185
3.04	9.246883
3.06	9.265827
3.08	9.285014
3.1	9.32411
3.12	9.344015
3.14	9.364136
3.16	9.384422
3.18	9.405166
3.2	9.426094
3.22	9.447218
3.24	9.46854
3.26	9.511768
3.28	9.533671
3.3	9.555762
3.32	9.578041
3.34	9.600503
3.36	9.623146
3.38	9.645967
3.4	9.668938
3.42	9.715375
3.44	9.73888
3.46	9.762517
3.48	9.786288
3.5	9.81019
3.52	9.834223
3.54	9.858381
3.56	9.882664
3.58	9.931587
3.6	9.956182
3.62	9.980886
3.64	10.00548
3.66	10.03039
3.68	10.08028
3.7	10.10535
3.72	10.13032
3.74	10.15546
3.76	10.18051
3.78	10.20573
3.8	10.23084
3.82	10.28128
3.84	10.3066
3.86	10.33181
3.88	10.35715
3.9	10.38239
3.92	10.40776
3.94	10.45818
3.96	10.48333
3.98	10.50844
4	10.53353
4.02	10.55857
4.04	10.58358
4.06	10.63346
4.08	10.65833
4.1	10.68315
4.12	10.70791
4.14	10.73263
4.16	10.75727
4.18	10.78187
4.2	10.83087
4.22	10.85522
4.24	10.8793
4.26	10.90341
4.28	10.92721
4.3	10.97473
4.32	10.99837
4.34	11.02182
4.36	11.04525
4.38	11.06847
4.4	11.09166
4.42	11.13761
4.44	11.16036
4.46	11.18307
4.48	11.20557
4.5	11.22803
4.52	11.25028
4.54	11.29425
4.56	11.31595
4.58	11.33739
4.6	11.3587
4.62	11.37983
4.64	11.40079
4.66	11.4422
4.68	11.46264
4.7	11.4829
4.72	11.50299
4.74	11.52289
4.76	11.54261
4.78	11.56215
4.8	11.58149
4.82	11.61964
4.84	11.63843
4.86	11.65703
4.88	11.67544
4.9	11.69366
4.92	11.71169
4.94	11.74717
4.96	11.76431
4.98	11.7813
5	11.79807
5.02	11.81465
5.04	11.83096
5.06	11.84707
5.08	11.87846
5.1	11.89383
5.12	11.9089
5.14	11.92373
5.16	11.93836
5.18	11.94851
5.2	11.94943
5.22	11.95061
5.24	11.95086
5.26	11.95051
5.28	11.94993
5.3	11.9491
5.32	11.94803
5.34	11.94671
5.36	11.94515
5.38	11.94335
5.4	11.9413
5.42	11.939
5.44	11.93369
5.46	11.93068
5.48	11.92741
5.5	11.92392
5.52	11.92021
5.54	11.91628
5.56	11.90751
5.58	11.90282
5.6	11.8979
5.62	11.89273
5.64	11.88735
5.66	11.88176
5.68	11.87591
5.7	11.86984
5.72	11.85701
5.74	11.85027
5.76	11.84333
5.78	11.83612
5.8	11.82871
5.82	11.82108
5.84	11.81321
5.86	11.79685
5.88	11.78834
5.9	11.77962
5.92	11.77067
5.94	11.76149
5.96	11.7521
5.98	11.73259
6	11.72267
6.02	11.71248
6.04	11.70203
6.06	11.69156
6.08	11.68067
6.1	11.66971
6.12	11.65861
6.14	11.64741
6.16	11.62425
6.18	11.61246
6.2	11.60044
6.22	11.58827
6.24	11.56341
6.26	11.55072
6.28	11.53789
6.3	11.52483
6.32	11.49829
6.34	11.48472
6.36	11.47102
6.38	11.4572
6.4	11.42896
6.42	11.41466
6.44	11.40012
6.46	11.38547
6.48	11.3707
6.5	11.3557
6.52	11.34059
6.54	11.32538
6.56	11.30993
6.58	11.27873
6.6	11.26282
6.62	11.24681
6.64	11.23066
6.66	11.19801
6.68	11.18151
6.7	11.16488
6.72	11.14815
6.74	11.13129
6.76	11.11433
6.78	11.09725
6.8	11.08007
6.82	11.06278
6.84	11.02787
6.86	11.01027
6.88	10.99256
6.9	10.97475
6.92	10.95684
6.94	10.93884
6.96	10.92073
6.98	10.88425
7	10.86588
7.02	10.84741
7.04	10.82883
7.06	10.81028
7.08	10.79172
7.1	10.77287
7.12	10.73521
7.14	10.71634
7.16	10.69736
7.18	10.67841
7.2	10.65934
7.22	10.6403
7.24	10.60203
7.26	10.5828
7.28	10.5636
7.3	10.5443
7.32	10.52503
7.34	10.50567
7.36	10.46692
7.38	10.44754
7.4	10.42806
7.42	10.40843
7.44	10.36999
7.46	10.35043
7.48	10.33108
7.5	10.31165
7