0.02	8.736262
0.04	8.769406
0.06	8.735995
0.08	8.722168
0.1	8.729792
0.12	8.732228
0.14	8.733766
0.16	8.735553
0.18	8.737386
0.2	8.739188
0.22	8.742764
0.24	8.744503
0.26	8.746145
0.28	8.74774
0.3	8.749213
0.32	8.750609
0.34	8.75186
0.36	8.753008
0.38	8.753988
0.4	8.754843
0.42	8.755511
0.44	8.756033
0.46	8.756353
0.48	8.756507
0.5	8.756446
0.52	8.755632
0.54	8.754935
0.56	8.754052
0.58	8.752839
0.6	8.751479
0.62	8.749918
0.64	8.748028
0.66	8.745975
0.68	8.743713
0.7	8.741131
0.72	8.738376
0.74	8.735408
0.76	8.732131
0.78	8.728678
0.8	8.725015
0.82	8.72106
0.84	8.712601
0.86	8.707999
0.88	8.703233
0.9	8.698279
0.92	8.693124
0.94	8.687788
0.96	8.682265
0.98	8.670724
1	8.664723
1.02	8.658578
1.04	8.652307
1.06	8.645912
1.08	8.639418
1.1	8.632827
1.12	8.626162
1.14	8.619429
1.16	8.61265
1.18	8.605837
1.2	8.599009
1.22	8.585372
1.24	8.578599
1.26	8.569028
1.28	8.562197
1.3	8.558475
1.32	8.55766
1.34	8.559282
1.36	8.563237
1.38	8.569484
1.4	8.572839
1.42	8.573018
1.44	8.572884
1.46	8.572646
1.48	8.572418
1.5	8.572412
1.52	8.572375
1.54	8.572271
1.56	8.572603
1.58	8.572803
1.6	8.573188
1.62	8.573686
1.64	8.574298
1.66	8.575001
1.68	8.575592
1.7	8.576391
1.72	8.577223
1.74	8.578363
1.76	8.580033
1.78	8.58136
1.8	8.582341
1.82	8.583482
1.84	8.584827
1.86	8.586031
1.88	8.587337
1.9	8.588826
1.92	8.590186
1.94	8.59164
1.96	8.593268
1.98	8.594772
2	8.596366
2.02	8.598125
2.04	8.599765
2.06	8.601489
2.08	8.603373
2.1	8.605138
2.12	8.606985
2.14	8.608985
2.16	8.612831
2.18	8.614939
2.2	8.617259
2.22	8.619707
2.24	8.621883
2.26	8.624004
2.28	8.626444
2.3	8.628721
2.32	8.633445
2.34	8.658507
2.36	8.684775
2.38	8.71287
2.4	8.742847
2.42	8.774659
2.44	8.775896
2.46	8.776839
2.48	8.776797
2.5	8.776502
2.52	8.77594
2.54	8.775067
2.56	8.773967
2.58	8.772628
2.6	8.771039
2.62	8.769227
2.64	8.767186
2.66	8.764945
2.68	8.7625
2.7	8.757085
2.72	8.754144
2.74	8.751055
2.76	8.747855
2.78	8.744542
2.8	8.741153
2.82	8.737686
2.84	8.734183
2.86	8.730642
2.88	8.727107
2.9	8.723578
2.92	8.71644
2.94	8.721562
2.96	8.73035
2.98	8.742664
3	8.746903
3.02	8.753889
3.04	8.786133
3.06	8.837336
3.08	8.854406
3.1	8.864097
3.12	8.865369
3.14	8.864749
3.16	8.863528
3.18	8.861937
3.2	8.860094
3.22	8.858006
3.24	8.855674
3.26	8.853123
3.28	8.850356
3.3	8.847401
3.32	8.844262
3.34	8.840969
3.36	8.837525
3.38	8.830297
3.4	8.826553
3.42	8.822739
3.44	8.818897
3.46	8.811913
3.48	8.839472
3.5	8.837875
3.52	8.838889
3.54	8.842513
3.56	8.848749
3.58	8.857603
3.6	8.886484
3.62	8.921161
3.64	8.936319
3.66	8.953884
3.68	8.973878
3.7	8.984643
3.72	8.982354
3.74	8.976002
3.76	8.972358
3.78	8.968453
3.8	8.964316
3.82	8.959956
3.84	8.955401
3.86	8.950663
3.88	8.94577
3.9	8.940737
3.92	8.935595
3.94	8.930359
3.96	8.925064
3.98	8.919726
4	8.90906
4.02	8.898929
4.04	8.82744
4.06	8.8223
4.08	8.817844
4.1	8.815134
4.12	8.814333
4.14	8.815504
4.16	8.818665
4.18	8.823815
4.2	8.830954
4.22	8.84008
4.24	8.851194
4.26	8.864297
4.28	8.887546
4.3	8.859838
4.32	8.844217
4.34	8.892016
4.36	8.895732
4.38	8.896536
4.4	8.896523
4.42	8.896141
4.44	8.895473
4.46	8.894539
4.48	8.893582
4.5	8.89289
4.52	8.892237
4.54	8.891553
4.56	8.89082
4.58	8.889198
4.6	8.888309
4.62	8.887481
4.64	8.886499
4.66	8.88544
4.68	8.88433
4.7	8.883175
4.72	8.881981
4.74	8.880688
4.76	8.879351
4.78	8.878106
4.8	8.876791
4.82	8.875442
4.84	8.874071
4.86	8.871154
4.88	8.869711
4.9	8.868266
4.92	8.866573
4.94	8.864993
4.96	8.863472
4.98	8.861916
5	8.860342
5.02	8.858683
5.04	8.857061
5.06	8.85542
5.08	8.853783
5.1	8.851877
5.12	8.848405
5.14	8.846663
5.16	8.844844
5.18	8.843042
5.2	8.841254
5.22	8.839478
5.24	8.837393
5.26	8.835448
5.28	8.831566
5.3	8.829618
5.32	8.827642
5.34	8.825653
5.36	8.823672
5.38	8.821651
5.4	8.819606
5.42	8.81754
5.44	8.815479
5.46	8.813392
5.48	8.811308
5.5	8.809188
5.52	8.807045
5.54	8.8049
5.56	8.800548
5.58	8.798381
5.6	8.796176
5.62	8.79395
5.64	8.791725
5.66	8.789478
5.68	8.78722
5.7	8.784986
5.72	8.782713
5.74	8.780418
5.76	8.778131
5.78	8.775822
5.8	8.773524
5.82	8.771194
5.84	8.768847
5.86	8.76415
5.88	8.761806
5.9	8.759432
5.92	8.757042
5.94	8.754664
5.96	8.752268
5.98	8.749892
6	8.747484
6.02	8.745063
6.04	8.742658
6.06	8.740236
6.08	8.737839
6.1	8.73541
6.12	8.730548
6.14	8.728113
6.16	8.725705
6.18	8.723268
6.2	8.720803
6.22	8.718399
6.24	8.715981
6.26	8.713538
6.28	8.711497
6.3	8.709354
6.32	8.706792
6.34	8.704438
6.36	8.702218
6.38	8.700062
6.4	8.69543
6.42	8.693258
6.44	8.691158
6.46	8.688859
6.48	8.686651
6.5	8.684539
6.52	8.682499
6.54	8.680259
6.56	8.65566
6.58	8.63661
6.6	8.620776
6.62	8.597269
6.64	8.589469
6.66	8.584284
6.68	8.602526
6.7	8.619734
6.72	8.638414
6.74	8.642526
6.76	8.63355
6.78	8.627943
6.8	8.623079
6.82	8.618501
6.84	8.614091
6.86	8.610108
6.88	8.591118
6.9	8.574322
6.92	8.557465
6.94	8.540379
6.96	8.551512
6.98	8.564892
7	8.580541
7.02	8.595498
7.04	8.602091
7.06	8.581055
7.08	8.658481
7.1	8.67037
7.12	8.670518
7.14	8.756664
7.16	8.860384
7.18	8.850574
7.2	8.844254
7.22	8.837389
7.24	8.830038
7.26	8.822217
7.28	8.813942
7.3	8.805232
7.32	8.796109
7.34	8.786592
7.36	8.776705
7.38	8.766472
7.4	8.755921
7.42	8.733975
7.44	8.722639
7.46	8.711107
7.48	8.699409
7.5	8.68