0.02	8.045409
0.04	8.038338
0.06	7.049912
0.08	6.927195
0.1	6.96115
0.12	6.560816
0.14	6.829839
0.16	6.415909
0.18	6.686127
0.2	6.260108
0.22	6.53047
0.24	6.094066
0.26	6.363432
0.28	5.918578
0.3	6.185696
0.32	5.734498
0.34	6.001603
0.36	5.543029
0.38	5.808442
0.4	5.345757
0.42	5.607499
0.44	5.144493
0.46	5.400372
0.48	4.941476
0.5	5.189049
0.52	4.739477
0.54	4.541924
0.56	4.76438
0.58	4.353022
0.6	4.558005
0.62	4.218014
0.64	4.19521
0.66	4.152291
0.68	4.102747
0.7	4.050964
0.72	3.997396
0.74	3.944847
0.76	3.891389
0.78	3.836992
0.8	3.781653
0.82	3.725811
0.84	3.668713
0.86	3.780315
0.88	4.137739
0.9	3.664197
0.92	4.013721
0.94	3.53166
0.96	3.87852
0.98	3.389111
1	3.731934
1.02	3.23651
1.04	3.573828
1.06	3.073953
1.08	3.404143
1.1	2.901708
1.12	3.222913
1.14	2.720278
1.16	3.030292
1.18	2.565664
1.2	2.920257
1.22	2.442594
1.24	2.807153
1.26	2.314488
1.28	2.693007
1.3	2.58655
1.32	2.064186
1.34	2.478217
1.36	1.942573
1.38	2.376183
1.4	1.824057
1.42	2.278511
1.44	1.709252
1.46	2.185957
1.48	1.601298
1.5	2.106719
1.52	1.503492
1.54	2.031227
1.56	1.406188
1.58	1.949865
1.6	1.305444
1.62	1.862922
1.64	1.20234
1.66	1.771103
1.68	1.099013
1.7	1.675663
1.72	0.9992193
1.74	1.5786
1.76	0.909155
1.78	1.482918
1.8	0.9060908
1.82	0.9727677
1.84	1.005312
1.86	1.030429
1.88	1.052099
1.9	1.070365
1.92	1.085418
1.94	1.102663
1.96	1.136231
1.98	1.151854
2	1.16656
2.02	1.181147
2.04	1.194348
2.06	1.207285
2.08	1.219036
2.1	1.336339
2.12	1.240261
2.14	1.355843
2.16	1.259661
2.18	1.373387
2.2	1.277032
2.22	1.389091
2.24	1.209677
2.26	1.514798
2.28	1.517569
2.3	1.263366
2.32	1.277601
2.34	1.285178
2.36	1.291597
2.38	1.302029
2.4	1.306576
2.42	1.310456
2.44	1.313973
2.46	1.317041
2.48	1.31964
2.5	1.321677
2.52	1.323353
2.54	1.324605
2.56	1.325419
2.58	1.325804
2.6	1.325747
2.62	1.325246
2.64	1.324305
2.66	1.322956
2.68	1.321186
2.7	1.319008
2.72	1.31641
2.74	1.313394
2.76	1.305822
2.78	1.301425
2.8	1.296592
2.82	1.291013
2.84	1.285073
2.86	1.278685
2.88	1.271838
2.9	1.263927
2.92	1.255743
2.94	1.247095
2.96	1.237308
2.98	1.348853
3	1.593018
3.02	1.310973
3.04	1.287531
3.06	1.260535
3.08	1.229983
3.1	1.195878
3.12	1.174729
3.14	1.157122
3.16	1.138621
3.18	1.119888
3.2	1.078297
3.22	1.055121
3.24	1.031702
3.26	1.005664
3.28	0.9785939
3.3	0.9500243
3.32	0.9198088
3.34	0.8881074
3.36	0.8573405
3.38	0.8290095
3.4	0.803438
3.42	0.7806518
3.44	0.7670174
3.46	0.7596236
3.48	0.7604488
3.5	0.7786343
3.52	0.7960126
3.54	0.8106778
3.56	0.9926497
3.58	1.042759
3.6	1.045701
3.62	1.040253
3.64	1.031893
3.66	0.9763875
3.68	1.003272
3.7	0.9837483
3.72	0.9605891
3.74	0.9550875
3.76	0.9501467
3.78	0.9440088
3.8	0.936603
3.82	0.9278315
3.84	0.9170924
3.86	1.224225
3.88	1.530032
3.9	1.508161
3.92	1.482423
3.94	1.452817
3.96	1.419342
3.98	1.382001
4	1.340795
4.02	1.295729
4.04	1.246807
4.06	1.137432
4.08	1.077005
4.1	0.8178
4.12	0.6290611
4.14	0.6667281
4.16	0.6868778
4.18	0.704201
4.2	0.7131351
4.22	0.7114365
4.24	0.724714
4.26	0.7264035
4.28	0.3716417
4.3	0.4631645
4.32	0.5277972
4.34	0.6035754
4.36	0.6580771
4.38	0.6867378
4.4	0.7174988
4.42	0.7343444
4.44	0.7759422
4.46	0.7811788
4.48	0.7825605
4.5	0.7838212
4.52	0.7829237
4.54	0.7800546
4.56	0.7802482
4.58	0.7825536
4.6	0.7845342
4.62	0.7866883
4.64	0.7870684
4.66	0.7855983
4.68	0.7822838
4.7	0.7771236
4.72	0.770142
4.74	0.7613636
4.76	0.7518301
4.78	0.7405195
4.8	0.7309291
4.82	0.731741
4.84	0.7322429
4.86	0.7397215
4.88	0.7440197
4.9	0.7473361
4.92	0.7500035
4.94	0.7520509
4.96	0.7555714
4.98	0.7566066
5	0.7564517
5.02	1.054379
5.04	1.046354
5.06	1.034425
5.08	1.018591
5.1	0.8457698
5.12	0.8221647
5.14	0.7946713
5.16	0.7533944
5.18	0.7437508
5.2	0.6140251
5.22	0.7840226
5.24	0.7872026
5.26	0.7835207
5.28	0.7788098
5.3	0.7721313
5.32	0.763424
5.34	0.7528575
5.36	0.8946378
5.38	1.032582
5.4	1.010501
5.42	0.9846347
5.44	0.9550086
5.46	0.9216533
5.48	0.8846092
5.5	0.820579
5.52	0.8010131
5.54	0.7802545
5.56	0.7585735
5.58	0.7372836
5.6	0.7383906
5.62	0.7415864
5.64	0.7453728
5.66	0.7515559
5.68	0.7560211
5.7	0.7592016
5.72	0.7612252
5.74	0.7621049
5.76	0.7618409
5.78	0.3112598
5.8	0.3800803
5.82	0.4197474
5.84	0.4891702
5.86	0.5470069
5.88	0.612282
5.9	0.6544233
5.92	0.6959456
5.94	0.7204283
5.96	0.7364944
5.98	0.8633762
6	0.986366
6.02	0.9903159
6.04	0.9904271
6.06	0.9867016
6.08	0.9791437
6.1	0.9677598
6.12	1.334066
6.14	1.696756
6.16	1.67384
6.18	1.647087
6.2	1.616505
6.22	1.543909
6.24	1.501928
6.26	1.456186
6.28	1.406711
6.3	1.353537
6.32	1.29671
6.34	1.000283
6.36	0.7515097
6.38	0.7848261
6.4	0.7747769
6.42	0.7543879
6.44	0.7317475
6.46	0.7349235
6.48	0.7371421
6.5	0.7409664
6.52	0.7463175
6.54	0.750851
6.56	0.7545641
6.58	0.7587686
6.6	0.7592223
6.62	0.9932593
6.64	0.9858626
6.66	0.9745451
6.68	0.9593068
6.7	1.019363
6.72	0.9962801
6.74	0.9692767
6.76	0.9383528
6.78	0.9035091
6.8	0.8647461
6.82	0.822065
6.84	0.7754669
6.86	0.7486051
6.88	0.7429984
6.9	0.7381147
6.92	0.7378813
6.94	0.7387444
6.96	0.7394535
6.98	0.741219
7	0.7439055
7.02	0.7481417
7.04	0.7495159
7.06	0.7503762
7.08	0.7507198
7.1	1.01271
7.12	1.005162
7.14	0.9937042
7.16	0.978339
7.18	1.118723
7.2	1.095549
7.22	1.068474
7.24	1.037502
7.26	1.002637
7.28	0.963886
7.3	0.9212567
7.32	0.8747597
7.34	0.8244098
7.36	0.7702277
7.38	0.7327311
7.4	0.7272642
7.42	0.7184947
7.44	0.7313622
7.46	0.7395998
7.48	0.7518314
7.5	0.7582321
7.52	0.762601
7.54	0.7657627
7.56	0.7679546
7.58	0.768467
7.6	0.7676993
7.62	0.2184041
7.64	0.1909981
7.66	0.1826881
7.68	0.1989918
7.7	0.1806084
7.72	0.1784886
7.74	0.1403934
7.76	0.1472501
7.78	0.1598918
7.8	0.09848858
7.82	0.1488619
7.84	0.1425065
7.86	0.1842078
7.88	0.268516
7.9	0.2929306
7.92	0.2956883
7.94	0.2968592
7.96	0.287662
7.98	0.2739621
8	0.2638427
8.02	0.2552624
8.04	0.272916
8.06	0.2681594
8.08	0.2659437
8.1	0.257285
8.12	0.2677591
8.14	0.2594185
8.16	0.2590601
8.18	0.2674151
8.2	0.2634582
8.22	0.2637074
8.24	0.2556928
8.26	0.273232
8.28	0.2688684
8.3	0.2689494
8.32	0.259421
8.34	0.2577561
8.36	0.2573961
8.38	0.2698146
8.4	0.2586144
8.42	0.2583815
8.44	0.2514825
8.46	0.2758385
8.48	0.255549
8.5	0.2839654
8.52	0.2647008
8.54	0.2658721
8.56	0.2553286
8.58	0.2655681
8.6	0.2631915
8.62	0.2750653
8.64	0.2715285
8.66	0.2555312
8.68	0.2738229
8.7	0.2560952
8.72	0.2692142
8.74	0.2669416
8.76	0.2709177
8.78	0.2630705
8.8	0.2623781
8.82	0.2522265
8.84	0.2684665
8.86	0.2640061
8.88	0.2654586
8.9	0.2574334
8.92	0.2724607
8.94	0.2641806
8.96	0.2623149
8.98	0.2526321
9	0.2688775
9.02	0.2651824
9.04	0.2562319
9.06	0.2633832
9.08	0.2579291
9.1	0.2595382
9.12	0.2502114
9.14	0.2685215
9.16	0.2633244
9.18	0.2666462
9.2	0.2571511
9.22	0.2741323
9.24	0.252444
9.26	0.2581277
9.28	0.2614906
9.3	0.2516746
9.32	0.2692294
9.34	0.2649197
9.36	0.2690269
9.38	0.2588817
9.4	0.2591767
9.42	0.250437
9.44	0.2681668
9.46	0.2640934
9.48	0.2680553
9.5	0.2591294
9.52	0.2597122
9.54	0.2506318
9.56	0.276879
9.58	0.2597725
9.6	0.2620594
9.62	0.2521171
9.64	0.2695659
9.66	0.2662093
9.68	0.270621
9.7	0.2628582
9.72	0.2536001
9.74	0.2684465
9.76	0.2650042
9.78	0.2670807
9.8	0.2587662
9.82	0.2590334
9.84	0.2504827
9.86	0.267751
9.88	0.2640778
9.9	0.2670455
9.92	0.2585892
9.94	0.2576785
9.96	0.2555279
9.98	0.2829961
10	0.2621285
10.02	0.2609748
10.04	0.2513886
10.06	0.2687342
10.08	0.2643753
10.1	0.2652915
10.12	0.2560506
10.14	0.266893
10.16	0.2666025
10.18	0.2560823
10.2	0.2640035
10.22	0.2625684
10.24	0.2742205
10.26	0.2501913
10.28	0.2696731
10.3	0.2660097
10.32	0.2687077
10.34	0.2603382
10.36	0.2598871
10.38	0.2692398
10.4	0.2653629
10.42	0.2675519
10.44	0.2605935
10.46	0.2595668
10.48	0.2510231
10.5	0.2689212
10.52	0.2657887
10.54	0.2675307
10.56	0.2604148
10.58	0.2592171
10.6	0.2507934
10.62	0.2690188
10.64	0.2673728
10.66	0.2603868
10.68	0.2589944
10.7	0.2507305
10.72	0.2691261
10.74	0.2657702
10.76	0.2671537
10.78	0.2602395
10.8	0.2586805
10.82	0.2505997
10.84	0.269224
10.86	0.2660163
10.88	0.2671728
10.9	0.2603594
10.92	0.2586065
10.94	0.2506156
10.96	0.2662112
10.98	0.2671592
11	0.2603946
11.02	0.2584901
11.04	0.2505882
11.06	0.2693144
11.08	0.2663359
11.1	0.2671292
11.12	0.2603885
11.14	0.2584166
11.16	0.250567
11.18	0.2693256
11.2	0.2664146
11.22	0.2603586
11.24	0.2583544
11.26	0.2505421
11.28	0.2693384
11.3	0.266476
11.32	0.2670653
11.34	0.260343
11.36	0.25