0.02	6.772671
0.04	8.687252
0.06	7.07722
0.08	6.933672
0.1	6.862437
0.12	8.18908
0.14	6.782031
0.16	8.086501
0.18	6.693034
0.2	7.972894
0.22	6.596131
0.24	7.848696
0.26	6.492133
0.28	7.714423
0.3	6.381991
0.32	7.55071
0.34	6.266824
0.36	7.39771
0.38	6.14794
0.4	7.236755
0.42	6.026863
0.44	5.905364
0.46	6.895144
0.48	5.785488
0.5	6.717057
0.52	5.669586
0.54	6.536225
0.56	5.560327
0.58	6.354592
0.6	5.460715
0.62	6.174449
0.64	5.374067
0.66	5.998483
0.68	5.314056
0.7	5.299684
0.72	5.278677
0.74	5.255092
0.76	5.204431
0.78	5.179109
0.8	5.153435
0.82	5.127411
0.84	5.10106
0.86	5.074811
0.88	5.048356
0.9	5.02173
0.92	4.968072
0.94	4.941073
0.96	4.913976
0.98	4.886808
1	4.859578
1.02	4.832314
1.04	4.805025
1.06	4.777741
1.08	4.750474
1.1	4.723248
1.12	4.696088
1.14	4.669016
1.16	4.642623
1.18	4.61648
1.2	4.590618
1.22	4.565059
1.24	4.53983
1.26	4.514954
1.28	4.490456
1.3	4.466363
1.32	4.442701
1.34	4.39678
1.36	4.374578
1.38	4.3531
1.4	4.332135
1.42	4.312726
1.44	4.293942
1.46	4.275894
1.48	4.258624
1.5	4.242162
1.52	4.226535
1.54	4.211771
1.56	4.197895
1.58	4.184933
1.6	4.172911
1.62	4.161856
1.64	4.152221
1.66	4.143084
1.68	4.136523
1.7	4.130777
1.72	4.126113
1.74	4.122597
1.76	4.120253
1.78	4.13993
1.8	4.137967
1.82	4.136246
1.84	4.136422
1.86	4.138936
1.88	4.156796
1.9	4.165651
1.92	4.187389
1.94	4.198396
1.96	4.2229
1.98	4.23628
2	4.253622
2.02	4.268628
2.04	4.283922
2.06	4.300025
2.08	4.335176
2.1	4.35435
2.12	4.375302
2.14	4.396442
2.16	4.419173
2.18	4.442402
2.2	4.466178
2.22	4.490657
2.24	4.51616
2.26	4.542463
2.28	4.569508
2.3	4.597269
2.32	4.625725
2.34	4.655174
2.36	4.685127
2.38	4.716263
2.4	4.747833
2.42	4.780077
2.44	4.812891
2.46	4.846238
2.48	4.880095
2.5	4.949256
2.52	4.984523
2.54	5.02025
2.56	5.056366
2.58	5.093103
2.6	5.129966
2.62	5.167434
2.64	5.205411
2.66	5.243711
2.68	5.282281
2.7	5.321099
2.72	5.360146
2.74	5.399405
2.76	5.438861
2.78	5.478499
2.8	5.518304
2.82	5.59836
2.84	5.638583
2.86	5.67892
2.88	5.719358
2.9	5.760101
2.92	5.800936
2.94	5.841793
2.96	5.882648
2.98	5.923488
3	5.964299
3.02	6.005073
3.04	6.045797
3.06	6.086473
3.08	6.12707
3.1	6.1676
3.12	6.208035
3.14	6.248385
3.16	6.328764
3.18	6.36878
3.2	6.408581
3.22	6.448311
3.24	6.487806
3.26	6.52723
3.28	6.566716
3.3	6.605899
3.32	6.644835
3.34	6.683545
3.36	6.722015
3.38	6.760252
3.4	6.798242
3.42	6.83599
3.44	6.873484
3.46	6.910729
3.48	6.947714
3.5	6.984443
3.52	7.020907
3.54	7.093044
3.56	7.128714
3.58	7.164111
3.6	7.19924
3.62	7.234095
3.64	7.268678
3.66	7.302987
3.68	7.337023
3.7	7.370784
3.72	7.404271
3.74	7.437483
3.76	7.470422
3.78	7.503088
3.8	7.53548
3.82	7.567601
3.84	7.599449
3.86	7.631029
3.88	7.662338
3.9	7.693383
3.92	7.724159
3.94	7.754674
3.96	7.784925
3.98	7.844652
4	7.874134
4.02	7.903359
4.04	7.932339
4.06	7.961066
4.08	7.989554
4.1	8.017796
4.12	8.045805
4.14	8.073574
4.16	8.101118
4.18	8.128428
4.2	8.15552
4.22	8.182385
4.24	8.209042
4.26	8.235478
4.28	8.261716
4.3	8.287741
4.32	8.313577
4.34	8.339208
4.36	8.364659
4.38	8.389915
4.4	8.415002
4.42	8.464645
4.44	8.489211
4.46	8.51363
4.48	8.537883
4.5	8.561999
4.52	8.585961
4.54	8.6098
4.56	8.633496
4.58	8.65708
4.6	8.680532
4.62	8.703886
4.64	8.727118
4.66	8.773309
4.68	8.79628
4.7	8.819156
4.72	8.841975
4.74	8.864714
4.76	8.887409
4.78	8.910038
4.8	8.932639
4.82	8.955186
4.84	8.977722
4.86	8.980517
4.88	8.97682
4.9	8.971443
4.92	8.965246
4.94	8.958317
4.96	8.951636
4.98	8.944998
5	8.938452
5.02	8.931918
5.04	8.918571
5.06	8.911798
5.08	8.904989
5.1	8.898136
5.12	8.891257
5.14	8.884345
5.16	8.877418
5.18	8.870468
5.2	8.863515
5.22	8.856551
5.24	8.849594
5.26	8.842639
5.28	8.835702
5.3	8.828779
5.32	8.821888
5.34	8.815023
5.36	8.808203
5.38	8.801543
5.4	8.794883
5.42	8.78177
5.44	8.775356
5.46	8.769123
5.48	8.762963
5.5	8.756997
5.52	8.751117
5.54	8.745442
5.56	8.739864
5.58	8.734506
5.6	8.729254
5.62	8.724236
5.64	8.719338
5.66	8.714686
5.68	8.710165
5.7	8.705614
5.72	8.701461
5.74	8.69745
5.76	8.693521
5.78	8.690081
5.8	8.683481
5.82	8.680535
5.84	8.677992
5.86	8.675653
5.88	8.673631
5.9	8.671802
5.92	8.670294
5.94	8.668986
5.96	8.667937
5.98	8.667151
6	8.666759
6.02	8.666656
6.04	8.666762
6.06	8.667212
6.08	8.667884
6.1	8.668905
6.12	8.670154
6.14	8.671754
6.16	8.673585
6.18	8.675772
6.2	8.678193
6.22	8.681258
6.24	8.684279
6.26	8.687659
6.28	8.69128
6.3	8.695332
6.32	8.704209
6.34	8.709101
6.36	8.714218
6.38	8.719681
6.4	8.725368
6.42	8.731399
6.44	8.737653
6.46	8.744262
6.48	8.751143
6.5	8.758694
6.52	8.766068
6.54	8.773358
6.56	8.781154
6.58	8.789429
6.6	8.797899
6.62	8.80653
6.64	8.815443
6.66	8.824361
6.68	8.833368
6.7	8.842552
6.72	8.851891
6.74	8.861413
6.76	8.880941
6.78	8.890939
6.8	8.901107
6.82	8.911411
6.84	8.921879
6.86	8.932475
6.88	8.943336
6.9	8.954225
6.92	8.965158
6.94	8.97626
6.96	8.987426
6.98	8.998758
7	9.010145
7.02	9.021686
7.04	9.033275
7.06	9.045006
7.08	9.056777
7.1	9.06868
7.12	9.080613
7.14	9.092669
7.16	9.104748
7.18	9.129141
7.2	9.141329
7.22	9.1535
7.24	9.165607
7.26	9.177744
7.28	9.189819
7.3	9.201913
7.32	9.213937
7.34	9.225967
7.36	9.237919
7.38	9.249865
7.4	9.261723
7.42	9.273564
7.44	9.285149
7.46	9.296472
7.48	9.307666
7.5	9.318718
7.52	9.329662
7.54	9.340466
7.56	9.351153
7.58	9.361694
7.6	9.37211
7.62	9.382371
7.64	9.392282
7.66	9.402312
7.68	9.411854
7.7	9.421392
7.72	9.430623
7.74	9.43962
7.76	9.448591
7.78	9.465673
7.8	9.474043
7.82	9.482102
7.84	9.489914
7.86	9.497651
7.88	9.505078
7.9	9.512255
7.92	9.519332
7.94	9.526056
7.96	9.532493
7.98	9.538599
8	9.54455
8.02	9.550208
8.04	9.555634
8.06	9.560736
8.08	9.565676
8.1	9.57035
8.12	9.578867
8.14	9.582708
8.16	9.586336
8.18	9.590451
8.2	9.572936
8.22	9.574903
8.24	9.576277
8.26	9.577621
8.28	9.57702
8.3	9.582634
8.32	9.580945
8.34	9.579619
8.36	9.582327
8.38	9.578992
8.4	9.57601
8.42	9.571592
8.44	9.574378
8.46	9.574489
8.48	9.568745
8.5	9.621713
8.52	9.679733
8.54	9.794918
8.56	10.02185
8.58	10.11302
8.6	10.29498
8.62	10.39815
8.64	10.60693
8.66	10.71928
8.68	10.6198
8.7	10.52059
8.72	10.42192
8.74	10.3241
8.76	10.22744
8.78	10.13226
8.8	10.03893
8.82	9.947797
8.84	9.773698
8.86	9.596712
8.88	9.449821
8.9	9.344241
8.92	9.330114
8.94	9.314037
8.96	9.297248
8.98	9.279927
9	9.262301
9.02	9.244339
9.04	9.225906
9.06	9.207234
9.08	9.188194
9.1	9.168828
9.12	9.149101
9.14	9.12906
9.16	9.108664
9.18	9.087962
9.2	9.066916
9.22	9.045575
9.24	9.023898
9.26	8.98073
9.28	8.958766
9.3	8.936543
9.32	8.914124
9.34	8.891456
9.36	8.868603
9.38	8.845511
9.4	8.822248
9.42	8.798755
9.44	8.775101
9.46	8.751229
9.48	8.727209
9.5	8.702983
9.52	8.678622
9.54	8.654067
9.56	8.629393
9.58	8.579575
9.6	8.555045
9.62	8.530404
9.64	8.505736
9.66	8.480968
9.68	8.456186
9.7	8.431316
9.72	8.406446
9.74	8.381501
9.76	8.356568
9.78	8.331573
9.8	8.306606
9.82	8.28159
9.84	8.256616
9.86	8.231606
9.88	8.206811
9.9	8.181828
9.92	8.157646
9.94	8.133502
9.96	8.109434
9.98	8.085456
10	8.061575
10.02	8.037796
10.04	7.990574
10.06	7.967143
10.08	7.943839
10.1	7.92067
10.12	7.897642
10.14	7.874762
10.16	7.852036
10.18	7.829473
10.2	7.808109
10.22	7.786692
10.24	7.765429
10.26	7.744366
10.28	7.723516
10.3	7.702885
10.32	7.682477
10.34	7.662839
10.36	7.642743
10.38	7.62297
10.4	7.603454
10.42	7.584803
10.44	7.565737
10.46	7.547849
10.48	7.512654
10.5	7.49544
10.52	7.479063
10.54	7.46255
10.56	7.445908
10.58	7.430212
10.6	7.414082
10.62	7.398828
10.64	7.383166
10.66	7.368274
10.68	7.353487
10.7	7.339421
10.72	7.325356
10.74	7.311715
10.76	7.298357
10.78	7.285253
10.8	7.272395
10.82	7.25978
10.84	7.247406
10.86	7.23527
10.88	7.223385
10.9	7.200338
10.92	7.189137
10.94	7.178176
10.96	7.167923
10.98	7.157994
11	7.14809
11.02	7.138111
11.04	7.128808
11.06	7.119629
11.08	7.110675
11.1	7.101834
11.12	7.093206
11.14	7.084682
11.16	7.076361
11.18	7.068132
11.2	7.060095
11.22	7.052142
11.24	7.044369
11.26	7.037236
11.28	7.02958
11.3	7.022066
11.32	7.015527
11.34	7.008807
11.36	6.995473
11.38	6.988881
11.4	6.982268
11.42	6.975723
11.44	6.969146
11.46	6.96262
11.48	6.956049
11.5	6.949514
11.52	6.942923
11.54	6.936352
11.56	6.929712
11.58	6.923079
11.6	6.916365
11.62	6.909689
11.64	6.902864
11.66	6.896028
11.68	6.88961
11.7	6.882981
11.72	6.876243
11.74	6.869316
11.76	6.855026
11.78	6.847648
11.8	6.840055
11.82	6.832313
11.84	6.824345
11.86	6.816212
11.88	6.80784
11.9	6.799289
11.92	6.790488
11.94	6.781494
11.96	6.772238
11.98	6.762775
12	6.75304
12.02	6.743086
12.04	6.732849
12.06	6.722381
12.08	6.71162
12.1	6.700616
12.12	6.68931
12.14	6.665878
12.16	6.653741
12.18	6.641285
12.2	6.628553
12.22	6.615379
12.24	6.602034
12.26	6.588244
12.28	6.574234
12.3	6.559938
12.32	6.545197
12.34	6.530215
12.36	6.514933
12.38	6.499204
12.4	6.483515
12.42	6.467247
12.44	6.450622
12.46	6.433593
12.48	6.416034
12.5	6.398109
12.52	6.360901
12.54	6.341649
12.56	6.321967
12.58	6.301762
12.6	6.281155
12.62	6.260107
12.64	6.23854
12.66	6.216556
12.68	6.194121
12.7	6.171174
12.72	6.147794
12.74	6.123955
12.76	6.099606
12.78	6.074831
12.8	6.049664
12.82	6.024102
12.84	5.99815
12.86	5.971805
12.88	5.945068
12.9	5.917939
12.92	5.890417
12.94	5.834195
12.96	5.805498
12.98	5.776406
13	5.746926
13.02	5.717052
13.04	5.686792
13.06	5.656139
13.08	5.625104
13.1	5.593677
13.12	5.561871
13.14	5.529675
13.16	5.497106
13.18	5.464149
13.2	5.430822
13.22	5.397112
13.24	5.363039
13.26	5.328587
13.28	5.293778
13.3	5.258595
13.32	5.223063
13.34	5.187163
13.36	5.150923
13.38	5.114321
13.4	5.07739
13.42	5.002501
13.44	4.964828
13.46	4.926894
13.48	4.888671
13.5	4.850263
13.52	4.811637
13.54	4.772819
13.56	4.73377
13.58	4.694531
13.6	4.655072
13.62	4.615437
13.64	4.575596
13.66	4.535595
13.68	4.495403
13.7	4.45507
13.72	4.414562
13.74	4.373933
13.76	4.333148
13.78	4.292264
13.8	4.251245
13.82	4.21015
13.84	4.128786
13.86	4.088071
13.88	4.047383
13.9	4.006727
13.92	3.966116
13.94	3.925565
13.96	3.885088
13.98	3.844699
14	3.804414
14.02	3.76425
14.04	3.724224
14.06	3.644659
14.08	3.605157
14.1	3.565872
14.12	3.526823
14.14	3.489186
14.16	3.451857
14.18	3.414239
14.2	3.377284
14.22	3.340898
14.24	3.30473
14.26	3.268693
14.28	3.233552
14.3	3.198667
14.32	3.130279
14.34	3.097075
14.36	3.064451
14.38	3.032303
14.4	3.000878
14.42	2.971225
14.44	2.942153
14.46	2.913786
14.48	2.886171
14.5	2.859338
14.52	2.833608
14.54	2.783853
14.56	2.760397
14.58	2.737861
14.6	2.716321
14.62	2.695692
14.64	2.676055
14.66	2.657436
14.68	2.639861
14.7	2.624452
14.72	2.610036
14.74	2.596677
14.76	2.584396
14.78	2.573207
14.8	2.563122
14.82	2.554148
14.84	2.539568
14.86	2.533973
14.88	2.529514
14.9	2.526192
14.92	2.524008
14.94	2.522962
14.96	2.523051
14.98	2.524271
15	2.528077
15.02	2.532468
15.04	2.537771
15.06	2.544036
15.08	2.55126
15.1	2.559426
15.12	2.568514
15.14	2.578505
15.16	2.589376
15.18	2.601108
15.2	2.613678
15.22	2.627064
15.24	2.641243
15.26	2.656194
15.28	2.671894
15.3	2.688319
15.32	2.705449
15.34	2.743562
15.36	2.763033
15.38	2.782946
15.4	2.803292
15.42	2.824052
15.44	2.845202
15.46	2.866721
15.48	2.888587
15.5	2.910781
15.52	2.933281
15.54	2.956069
15.56	2.979126
15.58	3.002434
15.6	3.025977
15.62	3.049737
15.64	3.073699
15.66	3.097848
15.68	3.122174
15.7	3.147012
15.72	3.171797
15.74	3.196549
15.76	3.245919
15.78	3.270517
15.8	3.295043
15.82	3.319487
15.84	3.343839
15.86	3.368091
15.88	3.392236
15.9	3.416264
15.92	3.44017
15.94	3.463945
15.96	3.487586
15.98	3.511085
16	3.534437
16.02	3.557637
16.04	3.580682
16.06	3.603565
16.08	3.626285
16.1	3.648838
16.12	3.67122
16.14	3.693429
16.16	3.737317
16.18	3.758993
16.2	3.780488
16.22	3.801801
16.24	3.82293
16.26	3.843875
16.28	3.864635
16.3	3.88519
16.32	3.905395
16.34	3.925271
16.36	3.944812
16.38	3.964029
16.4	3.982914
16.42	4.001482
16.44	4.019723
16.46	4.037652
16.48	4.072564
16.5	4.089555
16.52	4.106248
16.54	4.122637
16.56	4.138737
16.58	4.154542
16.6	4.170068
16.62	4.185309
16.64	4.200283
16.66	4.214983
16.68	4.229427
16.7	4.24361
16.72	4.257549
16.74	4.271239
16.76	4.2847
16.78	4.297927
16.8	4.310939
16.82	4.323731
16.84	4.336325
16.86	4.348714
16.88	4.372941
16.9	4.384796
16.92	4.396482
16.94	4.408021
16.96	4.41941
16.98	4.431001
17	4.442544
17.02	4.454087
17.04	4.465645
17.06	4.477228
17.08	4.488844
17.1	4.500502
17.12	4.512209
17.14	4.523976
17.16	4.535809
17.18	4.547718
17.2	4.559711
17.22	4.571799
17.24	4.583988
17.26	4.596291
17.28	4.608713
17.3	4.621267
17.32	4.646805
17.34	4.659808
17.36	4.67298
17.38	4.686331
17.4	4.69987
17.42	4.713608
17.44	4.727555
17.46	4.74172
17.48	4.756114
17.5	4.770748
17.52	4.78563
17.54	4.800772
17.56	4.816222
17.58	4.831691
17.6	4.847819
17.62	4.86439
17.64	4.881366
17.66	4.89874
17.68	4.916519
17.7	4.934708
17.72	4.953313
17.74	4.97234
17.76	4.991793
17.78	5.032006
17.8	5.052775
17.82	5.073996
17.84	5.09567
17.86	5.117805
17.88	5.140405
17.9	5.163475
17.92	5.18702
17.94	5.211045
17.96	5.235555
17.98	5.26105
18	5.287252
18.02	5.313727
18.04	5.340883
18.06	5.368609
18.08	5.396882
18.1	5.425696
18.12	5.45505
18.14	5.484943
18.16	5.546344
18.18	5.577848
18.2	5.609888
18.22	5.64246
18.24	5.675564
18.26	5.709198
18.28	5.743361
18.3	5.778051
18.32	5.814064
18.34	5.84117
18.36	5.87407
18.38	5.902038
18.4	5.937532
18.42	5.976052
18.44	6.074925
18.46	6.171542
18.48	6.158677
18.5	6.260732
18.52	6.246691
18.54	6.34833
18.56	6.387408
18.58	6.425925
18.6	6.463912
18.62	6.501402
18.64	6.53844
18.66	6.575072
18.68	6.611354
18.7	6.647345
18.72	6.683109
18.74	6.718718
18.76	6.763813
18.78	6.809852
18.8	6.854778
18.82	6.899631
18.84	6.989758
18.86	7.035067
18.88	7.080534
18.9	7.126152
18.92	7.172282
18.94	7.217972
18.96	7.263599
18.98	7.309462
19	7.355447
19.02	7.401528
19.04	7.447695
19.06	7.493938
19.08	7.54025
19.1	7.586625
19.12	7.633055
19.14	7.726056
19.16	7.772613
19.18	7.819201
19.2	7.865813
19.22	7.912294
19.24	7.958879
19.26	8.005752
19.28	8.052487
19.3	8.099171
19.32	8.145813
19.34	8.192411
19.36	8.23896
19.38	8.285455
19.4	8.331889
19.42	8.378258
19.44	8.424557
19.46	8.516923
19.48	8.562981
19.5	8.60895
19.52	8.654825
19.54	8.700604
19.56	8.701775
19.58	8.700014
19.6	8.699876
19.62	8.699061
19.64	8.697569
19.66	8.697961
19.68	8.701241
19.7	8.704809
19.72	8.708138
19.74	8.711287
19.76	8.714506
19.78	8.71771
19.8	8.720223
19.82	8.722753
19.84	8.725004
19.86	8.729095
19.88	8.730859
19.9	8.732413
19.92	8.733941
19.94	8.735191
19.96	8.736394
19.98	8.737251
20	8.738051
20.02	8.738578
20.04	8.739028
20.06	8.739147
20.08	8.739181
20.1	8.739089
20.12	8.73867
20.14	8.738143
20.16	8.737293
20.18	8.735204
20.2	8.73378
20.22	8.732217
20.24	8.730489
20.26	8.728421
20.28	8.726198
20.3	8.7238
20.32	8.721221
20.34	8.718457
20.36	8.715371
20.38	8.712104
20.4	8.70864
20.42	8.704978
20.44	8.701115
20.46	8.697047
20.48	8.692665
20.5	8.688073
20.52	8.683269
20.54	8.678246
20.56	8.667543
20.58	8.661881
20.6	8.655989
20.62	8.649867
20.64	8.643577
20.66	8.637046
20.68	8.63028
20.7	8.62328
20.72	8.616141
20.74	8.60875
20.76	8.601222
20.78	8.593435
20.8	8.585406
20.82	8.577253
20.84	8.568838
20.86	8.560316
20.88	8.551525
20.9	8.542598
20.92	8.5334
20.94	8.514559
20.96	8.504885
20.98	8.494935
21	8.484929
21.02	8.474644
21.04	8.464264
21.06	8.453746
21.08	8.442944
21.1	8.432067
21.12	8.421064
21.14	8.409778
21.16	8.398433
21.18	8.386978
21.2	8.375238
21.22	8.363461
21.24	8.351587
21.26	8.340227
21.28	8.328499
21.3	8.316812
21.32	8.305005
21.34	8.29314
21.36	8.281166
21.38	8.269142
21.4	8.257016
21.42	8.232585
21.44	8.220289
21.46	8.207905
21.48	8.195498
21.5	8.183008
21.52	8.170505
21.54	8.157928
21.56	8.145348
21.58	8.132701
21.6	8.12006
21.62	8.09468
21.64	8.081949
21.66	8.069247
21.68	8.056505
21.7	8.043801
21.72	8.019724
21.74	8.007673
21.76	7.995615
21.78	7.983636
21.8	7.971663
21.82	7.959776
21.84	7.947901
21.86	7.936122
21.88	7.912707
21.9	7.901078
21.92	7.889954
21.94	7.878625
21.96	7.867202
21.98	7.85598
22	7.844681
22.02	7.822834
22.04	7.812482
22.06	7.802285
22.08	7.792174
22.1	7.782216
22.12	7.762585
22.14	7.752915
22.16	7.743403
22.18	7.733964
22.2	7.724688
22.22	7.715488
22.24	7.706456
22.26	7.697506
22.28	7.688728
22.3	7.680035
22.32	7.663095
22.34	7.655274
22.36	7.64785
22.38	7.640405
22.4	7.632966
22.42	7.6257
22.44	7.618621
22.46	7.611621
22.48	7.604788
22.5	7.598032
22.52	7.584927
22.54	7.578578
22.56	7.572305
22.58	7.566197
22.6	7.560165
22.62	7.548507
22.64	7.54288
22.66	7.537329
22.68	7.531941
22.7	7.52663
22.72	7.522128
22.74	7.51758
22.76	7.51314
22.78	7.508734
22.8	7.500196
22.82	7.49606
22.84	7.491952
22.86	7.487957
22.88	7.483985
22.9	7.480119
22.92	7.476274
22.94	7.472529
22.96	7.468801
22.98	7.465217
23	7.461442
23.02	7.457935
23.04	7.454429
23.06	7.450994
23.08	7.444768
23.1	7.441845
23.12	7.438931
23.14	7.435956
23.16	7.432996
23.18	7.429969
23.2	7.426949
23.22	7.423855
23.24	7.420759
23.26	7.417583
23.28	7.414397
23.3	7.411123
23.32	7.40783
23.34	7.404444
23.36	7.401031
23.38	7.397518
23.4	7.39397
23.42	7.390315
23.44	7.382809
23.46	7.358803
23.48	7.35458
23.5	7.350152
23.52	7.340789
23.54	7.335843
23.56	7.330678
23.58	7.325347
23.6	7.319788
23.62	7.314054
23.64	7.307952
23.66	7.301799
23.68	7.295278
23.7	7.281844
23.72	7.274665
23.74	7.267365
23.76	7.259871
23.78	7.252006
23.8	7.235793
23.82	7.22721
23.84	7.218474
23.86	7.209523
23.88	7.200197
23.9	7.190703
23.92	7.170888
23.94	7.160612
23.96	7.150099
23.98	7.139212
24	7.12813
24.02	7.116802
24.04	7.1051
24.06	7.093192
24.08	7.068492
24.1	7.055737
24.12	7.042719
24.14	7.029329
24.16	7.01571
24.18	7.00182
24.2	6.987561
24.22	6.973061
24.24	6.958282
24.26	6.927742
24.28	6.91206
24.3	6.896015
24.32	6.87971
24.34	6.863114
24.36	6.846157
24.38	6.82893
24.4	6.793527
24.42	6.775369
24.44	6.756909
24.46	6.738096
24.48	6.718997
24.5	6.699592
24.52	6.659792
24.54	6.639434
24.56	6.618733
24.58	6.597733
24.6	6.576419
24.62	6.554766
24.64	6.532807
24.66	6.510531
24.68	6.487923
24.7	6.441764
24.72	6.4182
24.74	6.394318
24.76	6.370115
24.78	6.345593
24.8	6.320752
24.82	6.270103
24.84	6.244297
24.86	6.218175
24.88	6.191731
24.9	6.164974
24.92	6.137895
24.94	6.082793
24.96	6.054773
24.98	6.026433
25	5.997788
25.02	5.968825
25.04	5.93956
25.06	5.909979
25.08	5.849907
25.1	5.81942
25.12	5.788623
25.14	5.757536
25.16	5.694677
25.18	5.662922
25.2	5.630931
25.22	5.59874
25.24	5.566332
25.26	5.533732
25.28	5.467921
25.3	5.434714
25.32	5.401326
25.34	5.367733
25.36	5.333966
25.38	5.3
25.4	5.265864
25.42	5.197044
25.44	5.162365
25.46	5.127531
25.48	5.092516
25.5	5.057354
25.52	5.022018
25.54	4.986543
25.56	4.915132
25.58	4.879203
25.6	4.843666
25.62	4.807833
25.64	4.736022
25.66	4.700091
25.68	4.6641
25.7	4.628086
25.72	4.592021
25.74	4.519819
25.76	4.483692
25.78	4.447531
25.8	4.411377
25.82	4.3752
25.84	4.33904
25.86	4.302868
25.88	4.266726
25.9	4.194485
25.92	4.158398
25.94	4.122885
25.96	4.087438
25.98	4.052047
26	4.0168
26.02	3.98166
26.04	3.911779
26.06	3.876976
26.08	3.842474
26.1	3.807986
26.12	3.773616
26.14	3.739502
26.16	3.671799
26.18	3.638209
26.2	3.604825
26.22	3.57162
26.24	3.538784
26.26	3.473337
26.28	3.442039
26.3	3.410712
26.32	3.379585
26.34	3.348748
26.36	3.318166
26.38	3.287896
26.4	3.228353
26.42	3.199007
26.44	3.169764
26.46	3.141
26.48	3.112715
26.5	3.084618
26.52	3.056719
26.54	3.002229
26.56	2.975544
26.58	2.949162
26.6	2.923393
26.62	2.897945
26.64	2.873386
26.66	2.84922
26.68	2.825471
26.7	2.802297
26.72	2.756544
26.74	2.734349
26.76	2.712593
26.78	2.691322
26.8	2.670354
26.82	2.6498
26.84	2.629646
26.86	2.609918
26.88	2.571708
26.9	2.55323
26.92	2.53519
26.94	2.517566
26.96	2.483626
26.98	2.467314
27	2.451429
27.02	2.436018
27.04	2.420934
27.06	2.407426
27.08	2.380713
27.1	2.367867
27.12	2.355376
27.14	2.343256
27.16	2.331487
27.18	2.309013
27.2	2.298299
27.22	2.287919
27.24	2.277882
27.26	2.26817
27.28	2.249732
27.3	2.240996
27.32	2.232568
27.34	2.224457
27.36	2.216644
27.38	2.201928
27.4	2.195016
27.42	2.188386
27.44	2.18205
27.46	2.170212
27.48	2.164704
27.5	2.159474
27.52	2.154505
27.54	2.149808
27.56	2.145366
27.58	2.141189
27.6	2.133594
27.62	2.13017
27.64	2.127001
27.66	2.124071
27.68	2.121692
27.7	2.119315
27.72	2.11482
27.74	2.112716
27.76	2.11071
27.78	2.108794
27.8	2.106971
27.82	2.105234
27.84	2.102026
27.86	2.100554
27.88	2.099166
27.9	2.097869
27.92	2.096658
27.94	2.095541
27.96	2.093585
27.98	2.09275
28	2.09202
28.02	2.090878
28.04	2.090475
28.06	2.090194
28.08	2.090036
28.1	2.090011
28.12	2.090122
28.14	2.090379
28.16	2.090786
28.18	2.09209
28.2	2.093004
28.22	2.0941
28.24	2.095393
28.26	2.096889
28.28	2.098601
28.3	2.102708
28.32	2.105125
28.34	2.107802
28.36	2.111464
28.38	2.11533
28.4	2.119564
28.42	2.124217
28.44	2.134817
28.46	2.140781
28.48	2.147205
28.5	2.154088
28.52	2.161446
28.54	2.169278
28.56	2.177601
28.58	2.186411
28.6	2.195725
28.62	2.215876
28.64	2.226723
28.66	2.238101
28.68	2.250004
28.7	2.262448
28.72	2.275428
28.74	2.288958
28.76	2.317669
28.78	2.332858
28.8	2.348614
28.82	2.364932
28.84	2.381822
28.86	2.417315
28.88	2.435923
28.9	2.455114
28.92	2.474881
28.94	2.495233
28.96	2.516164
28.98	2.559782
29	2.58337
29.02	2.607413
29.04	2.632032
29.06	2.683087
29.08	2.70969
29.1	2.736564
29.12	2.764145
29.14	2.792307
29.16	2.821269
29.18	2.850486
29.2	2.910648
29.22	2.941781
29.24	2.973113
29.26	3.005286
29.28	3.037637
29.3	3.070647
29.32	3.104186
29.34	3.172751
29.36	3.20776
29.38	3.243244
29.4	3.279199
29.42	3.316291
29.44	3.353749
29.46	3.391628
29.48	3.429931
29.5	3.468652
29.52	3.547315
29.54	3.58724
29.56	3.627551
29.58	3.668293
29.6	3.709437
29.62	3.750745
29.64	3.834652
29.66	3.877139
29.68	3.919776
29.7	3.962358
29.72	4.00543
29.74	4.048875
29.76	4.136503
29.78	4.180741
29.8	4.22607
29.82	4.271344
29.84	4.31681
29.86	4.362502
29.88	4.40842
29.9	4.500914
29.92	4.547479
29.94	4.594247
29.96	4.641215
29.98	4.688375
30	4.735724
30.02	4.83101
30.04	4.878858
30.06	4.926969
30.08	4.975187
30.1	5.023567
30.12	5.120794
30.14	5.169635
30.16	5.218979
30.18	5.268292
30.2	5.317667
30.22	5.367118
30.24	5.466244
30.26	5.515911
30.28	5.565644
30.3	5.615438
30.32	5.715197
30.34	5.765156
30.36	5.815164
30.38	5.865217
30.4	5.915313
30.42	5.96545
30.44	6.015625
30.46	6.116079
30.48	6.166354
30.5	6.216658
30.52	6.266988
30.54	6.317344
30.56	6.367786
30.58	6.418162
30.6	6.518779
30.62	6.569021
30.64	6.619216
30.66	6.669363
30.68	6.71946
30.7	6.769506
30.72	6.8195
30.74	6.86944
30.76	6.969153
30.78	7.018925
30.8	7.068638
30.82	7.118292
30.84	7.167887
30.86	7.217421
30.88	7.266893
30.9	7.316305
30.92	7.414939
30.94	7.464162
30.96	7.513322
30.98	7.562418
31	7.61145
31.02	7.660419
31.04	7.709322
31.06	7.80692
31.08	7.855628
31.1	7.904276
31.12	7.952754
31.14	8.001077
31.16	8.049266
31.18	8.097336
31.2	8.193105
31.22	8.240804
31.24	8.28839
31.26	8.335851
31.28	8.383201
31.3	8.430426
31.32	8.477544
31.34	8.571427
31.36	8.618196
31.38	8.664863
31.4	8.71141
31.42	8.757859
31.44	8.804192
31.46	8.85043
31.48	8.896553
31.5	8.988508
31.52	9.034344
31.54	9.080069
31.56	9.125713
31.58	9.17125
31.6	9.216711
31.62	9.215044
31.64	9.210317
31.66	9.207213
31.68	9.203614
31.7	9.199526
31.72	9.199718
31.74	9.200273
31.76	9.200769
31.78	9.20149
31.8	9.201697
31.82	9.201801
31.84	9.2018
31.86	9.201694
31.88	9.201485
31.9	9.20117
31.92	9.200224
31.94	9.199594
31.96	9.19889
31.98	9.198078
32	9.197163
32.02	9.196143
32.04	9.195062
32.06	9.192586
32.08	9.191195
32.1	9.189746
32.12	9.188191
32.14	9.186154
32.16	9.183428
32.18	9.177466
32.2	9.174254
32.22	9.170921
32.24	9.167447
32.26	9.163855
32.28	9.160151
32.3	9.152369
32.32	9.148293
32.34	9.144108
32.36	9.134527
32.38	9.12631
32.4	9.119111
32.42	9.113084
32.44	9.098901
32.46	9.092792
32.48	9.084861
32.5	9.075814
32.52	9.066411
32.54	9.056803
32.56	9.037077
32.58	9.02697
32.6	9.016704
32.62	9.006278
32.64	8.996774
32.66	8.976433
32.68	8.966028
32.7	8.955412
32.72	8.944615
32.74	8.933732
32.76	8.922642
32.78	8.900034
32.8	8.888488
32.82	8.876771
32.84	8.864988
32.86	8.853005
32.88	8.828653
32.9	8.816253
32.92	8.803694
32.94	8.791088
32.96	8.765341
32.98	8.752282
33	8.73919
33.02	8.725987
33.04	8.71268
33.06	8.685842
33.08	8.672316
33.1	8.658699
33.12	8.645026
33.14	8.631267
33.16	8.617454
33.18	8.58961
33.2	8.575583
33.22	8.56151
33.24	8.533168
33.26	8.518902
33.28	8.504597
33.3	8.490222
33.32	8.475813
33.34	8.446832
33.36	8.432263
33.38	8.417668
33.4	8.403015
33.42	8.38834
33.44	8.373763
33.46	8.359155
33.48	8.344514
33.5	8.329879
33.52	8.300568
33.54	8.285893
33.56	8.27123
33.58	8.256543
33.6	8.24187
33.62	8.227072
33.64	8.212383
33.66	8.182926
33.68	8.168205
33.7	8.153505
33.72	8.138789
33.74	8.124092
33.76	8.109379
33.78	8.094686
33.8	8.079979
33.82	8.050595
33.84	8.03592
33.86	8.021458
33.88	8.006956
33.9	7.99238
33.92	7.977963
33.94	7.948781
33.96	7.934288
33.98	7.919673
34	7.905286
34.02	7.890663
34.04	7.876095
34.06	7.861461
34.08	7.847027
34.1	7.81775
34.12	7.803073
34.14	7.788471
34.16	7.773744
34.18	7.7591
34.2	7.744453
34.22	7.729817
34.24	7.700512
34.26	7.685842
34.28	7.671272
34.3	7.656587
34.32	7.641902
34.34	7.62762
34.36	7.59846
34.38	7.583818
34.4	7.569141
34.42	7.554524
34.44	7.539795
34.46	7.525045
34.48	7.495518
34.5	7.480658
34.52	7.46577
34.54	7.450832
34.56	7.435863
34.58	7.420898
34.6	7.405946
34.62	7.390833
34.64	7.375679
34.66	7.360466
34.68	7.345208
34.7	7.314519
34.72	7.299143
34.74	7.283759
34.76	7.268205
34.78	7.252621
34.8	7.236977
34.82	7.221492
34.84	7.205758
34.86	7.174154
34.88	7.158337
34.9	7.142417
34.92	7.126416
34.94	7.110313
34.96	7.094126
34.98	7.07787
35	7.061449
35.02	7.0449
35.04	7.028265
35.06	7.011493
35.08	6.994592
35.1	6.977597
35.12	6.943186
35.14	6.92581
35.16	6.908286
35.18	6.890622
35.2	6.872847
35.22	6.854919
35.24	6.836846
35.26	6.800307
35.28	6.781808
35.3	6.763185
35.32	6.744401
35.34	6.725463
35.36	6.706392
35.38	6.667768
35.4	6.648239
35.42	6.628543
35.44	6.608687
35.46	6.588686
35.48	6.568519
35.5	6.548187
35.52	6.527706
35.54	6.486239
35.56	6.46527
35.58	6.44413
35.6	6.401356
35.62	6.37972
35.64	6.357914
35.66	6.335949
35.68	6.313813
35.7	6.291506
35.72	6.269037
35.74	6.246397
35.76	6.200613
35.78	6.17747
35.8	6.154156
35.82	6.130677
35.84	6.083216
35.86	6.059235
35.88	6.035089
35.9	6.010776
35.92	5.986298
35.94	5.961656
35.96	5.936852
35.98	5.911885
36	5.886757
36.02	5.861469
36.04	5.836023
36.06	5.784658
36.08	5.758744
36.1	5.732677
36.12	5.706458
36.14	5.680089
36.16	5.631292
36.18	5.619544
36.2	5.584308
36.22	5.650887
36.24	5.550679
36.26	5.633754
36.28	5.586209
36.3	5.745808
36.32	5.949221
36.34	6.19094
36.36	6.465528
36.38	6.767888
36.4	7.093417
36.42	7.798362
36.44	8.171305
36.46	8.554379
36.48	8.495948
36.5	7.55708
36.52	6.666945
36.54	5.854369
36.56	4.711273
36.58	5.069899
36.6	4.724443
36.62	5.143178
36.64	4.695387
36.66	4.699805
36.68	4.705025
36.7	4.717029
36.72	4.723421
36.74	4.72983
36.76	4.736085
36.78	4.747509
36.8	4.75239
36.82	5.281496
36.84	4.688057
36.86	5.197838
36.88	4.621271
36.9	5.107999
36.92	4.553038
36.94	4.48459
36.96	4.912987
36.98	4.417398
37	4.375718
37.02	4.795717
37.04	4.364928
37.06	4.792375
37.08	4.34732
37.1	4.777324
37.12	4.329961
37.14	4.314068
37.16	4.550323
37.18	4.30334
37.2	4.539581
37.22	4.295527
37.24	4.532193
37.26	4.528039
37.28	4.285653
37.3	4.523116
37.32	4.283529
37.34	4.594937
37.36	4.582419
37.38	4.280537
37.4	4.564936
37.42	4.267895
37.44	4.54278
37.46	4.516402
37.48	4.250822
37.5	4.437208
37.52	4.269999
37.54	4.453015
37.56	4.294667
37.58	4.320982
37.6	4.501598
37.62	4.347922
37.64	4.5274
37.66	4.387552
37.68	4.399284
37.7	4.410151
37.72	4.420094
37.74	4.429068
37.76	4.437037
37.78	4.443977
37.8	4.44987
37.82	4.45471
37.84	4.458501
37.86	4.430946
37.88	4.63617
37.9	4.415339
37.92	4.640023
37.94	4.392288
37.96	4.612714
37.98	4.580145
38	4.336383
38.02	4.542632
38.04	4.339592
38.06	4.35424
38.08	4.384117
38.1	4.399656
38.12	4.41546
38.14	4.43148
38.16	4.447762
38.18	4.464252
38.2	4.480994
38.22	4.513317
38.24	4.775103
38.26	4.543077
38.28	4.802748
38.3	4.572709
38.32	4.829479
38.34	4.867946
38.36	4.782816
38.38	4.724175
38.4	4.812726
38.42	4.754368
38.44	4.839074
38.46	4.781957
38.48	4.862302
38.5	4.882986
38.52	4.840647
38.54	4.935445
38.56	4.884032
38.58	4.929889
38.6	5.02155
38.62	4.97633
38.64	5.067356
38.66	5.022722
38.68	5.068845
38.7	5.251224
38.72	5.108903
38.74	5.290747
38.76	5.145804
38.78	5.325737
38.8	5.179842
38.82	5.356575
38.84	5.211438
38.86	5.247768
38.88	5.406799
38.9	5.301219
38.92	5.455038
38.94	5.358267
38.96	5.508953
38.98	5.562562
39	5.469292
39.02	5.614501
39.04	5.5097
39.06	5.535713
39.08	5.564704
39.1	5.610271
39.12	5.62494
39.14	5.650733
39.16	5.661834
39.18	5.68581
39.2	5.693246
39.22	5.733767
39.24	5.751387
39.26	5.768262
39.28	5.784465
39.3	5.800071
39.32	5.829848
39.34	5.844217
39.36	5.858383
39.38	5.872469
39.4	5.582516
39.42	5.638061
39.44	5.68148
39.46	6.116898
39.48	5.714436
39.5	6.151495
39.52	6.180877
39.54	5.775103
39.56	5.984023
39.58	6.222381
39.6	6.765435
39.62	7.060974
39.64	7.561054
39.66	7.903232
39.68	7.888958
39.7	7.871902
39.72	7.852103
39.74	7.829598
39.76	7.804434
39.78	7.746315
39.8	7.713469
39.82	7.678176
39.84	7.640501
39.86	7.600515
39.88	7.558292
39.9	7.467468
39.92	7.419048
39.94	7.368754
39.96	7.316697
39.98	7.262991
40	7.151148
40.02	7.09329
40.04	7.034345
40.06	6.974479
40.08	6.913871
40.1	6.852712
40.12	6.791207
40.14	6.668054
40.16	6.606889
40.18	6.546348
40.2	6.486715
40.22	6.428289
40.24	6.371391
40.26	6.316355
40.28	6.213305
40.3	6.166049
40.32	6.157129
40.34	6.157978
40.36	6.148558
40.38	6.136362
40.4	6.108377
40.42	6.094563
40.44	6.06651
40.46	6.052051
40.48	6.037259
40.5	6.022205
40.52	6.00684
40.54	5.99124
40.56	5.975353
40.58	5.943985
40.6	5.927885
40.62	5.911662
40.64	5.895269
40.66	5.878788
40.68	5.862165
40.7	5.845479
40.72	5.828678
40.74	5.811808
40.76	5.794883
40.78	5.760746
40.8	5.743737
40.82	5.727341
40.84	5.710928
40.86	5.694571
40.88	5.678296
40.9	5.662115
40.92	5.630394
40.94	5.614384
40.96	5.598745
40.98	5.583313
41	5.568067
41.02	5.553249
41.04	5.538269
41.06	5.510473
41.08	5.496837
41.1	5.470249
41.12	5.457496
41.14	5.445044
41.16	5.432898
41.18	5.421071
41.2	5.409573
41.22	5.398203
41.24	5.377478
41.26	5.367916
41.28	5.358776
41.3	5.350085
41.32	5.341729
41.34	5.333769
41.36	5.326221
41.38	5.319072
41.4	5.306115
41.42	5.300564
41.44	5.295058
41.46	5.290299
41.48	5.286206
41.5	5.282582
41.52	5.279389
41.54	5.276624
41.56	5.274284
41.58	5.272373
41.6	5.270892
41.62	5.269842
41.64	5.269226
41.66	5.268887
41.68	5.269129
41.7	5.269952
41.72	5.271298
41.74	5.273043
41.76	5.277637
41.78	5.280473
41.8	5.283664
41.82	5.287206
41.84	5.291095
41.86	5.295328
41.88	5.299902
41.9	5.304867
41.92	5.310113
41.94	5.316488
41.96	5.322788
41.98	5.329263
42	5.335958
42.02	5.342875
42.04	5.35001
42.06	5.357357
42.08	5.364907
42.1	5.372654
42.12	5.388715
42.14	5.397015
42.16	5.405679
42.18	5.41447
42.2	5.423331
42.22	5.432244
42.24	5.441196
42.26	5.450181
42.28	5.459187
42.3	5.468208
42.32	5.477235
42.34	5.48626
42.36	5.495275
42.38	5.504275
42.4	5.51325
42.42	5.522195
42.44	5.530987
42.46	5.539579
42.48	5.557042
42.5	5.56542
42.52	5.573604
42.54	5.581588
42.56	5.589371
42.58	5.596938
42.6	5.604286
42.62	5.611408
42.64	5.618298
42.66	5.62495
42.68	5.631358
42.7	5.637516
42.72	5.64342
42.74	5.649064
42.76	5.654443
42.78	5.659554
42.8	5.664398
42.82	5.668957
42.84	5.677133
42.86	5.680557
42.88	5.683558
42.9	5.686132
42.92	5.688276
42.94	5.689985
42.96	5.691257
42.98	5.692085
43	5.69247
43.02	5.692406
43.04	5.691892
43.06	5.690924
43.08	5.689502
43.1	5.687621
43.12	5.685283
43.14	5.682483
43.16	5.679224
43.18	5.671317
43.2	5.666667
43.22	5.661557
43.24	5.65598
43.26	5.649943
43.28	5.643443
43.3	5.636482
43.32	5.62906
43.34	5.621181
43.36	5.604052
43.38	5.594807
43.4	5.585114
43.42	5.574971
43.44	5.564385
43.46	5.553358
43.48	5.541894
43.5	5.529996
43.52	5.517669
43.54	5.504917
43.56	5.491747
43.58	5.478162
43.6	5.464168
43.62	5.44977
43.64	5.434976
43.66	5.419792
43.68	5.388281
43.7	5.371971
43.72	5.355299
43.74	5.338277
43.76	5.320913
43.78	5.303216
43.8	5.285195
43.82	5.266863
43.84	5.248228
43.86	5.229302
43.88	5.210097
43.9	5.190626
43.92	5.170901
43.94	5.150936
43.96	5.130744
43.98	5.110339
44	5.089738
44.02	5.068956
44.04	5.04801
44.06	5.005691
44.08	4.984355
44.1	4.962928
44.12	4.941427
44.14	4.919874
44.16	4.898291
44.18	4.876699
44.2	4.855122
44.22	4.833583
44.24	4.555935
44.26	4.287723
44.28	4.021719
44.3	3.79492
44.32	3.570794
44.34	3.35003
44.36	3.171079
44.38	3.170623
44.4	3.52397
44.42	3.148968
44.44	3.517664
44.46	3.120651
44.48	3.492303
44.5	3.092072
44.52	3.464871
44.54	3.065771
44.56	3.042403
44.58	3.417585
44.6	3.024167
44.62	3.398831
44.64	3.010103
44.66	3.384548
44.68	3.000206
44.7	3.373971
44.72	2.994465
44.74	3.367028
44.76	2.992961
44.78	3.363784
44.8	2.995786
44.82	3.364325
44.84	3.37051
44.86	3.015316
44.88	3.377896
44.9	3.034707
44.92	3.396029
44.94	3.05883
44.96	3.416821
44.98	3.087432
45	3.441525
45.02	3.120628
45.04	3.470363
45.06	3.158371
45.08	3.503339
45.1	3.54041
45.12	3.249611
45.14	3.586564
45.16	3.303151
45.18	3.635379
45.2	3.360575
45.22	3.687754
45.24	3.42184
45.26	3.743747
45.28	3.486788
45.3	3.803252
45.32	3.556315
45.34	3.869977
45.36	3.62983
45.38	3.937786
45.4	3.706481
45.42	3.785999
45.44	4.084043
45.46	3.867424
45.48	4.160951
45.5	3.950586
45.52	4.239247
45.54	4.036321
45.56	4.320863
45.58	4.12483
45.6	4.405212
45.62	4.215031
45.64	4.491331
45.66	4.306645
45.68	4.578908
45.7	4.399493
45.72	4.493452
45.74	4.759472
45.76	4.588416
45.78	4.850357
45.8	4.684315
45.82	4.943019
45.84	4.780716
45.86	5.036261
45.88	4.877356
45.9	5.129803
45.92	4.974102
45.94	5.223508
45.96	5.070738
45.98	5.11863
46	5.215379
46.02	5.263526
46.04	5.311511
46.06	5.359323
46.08	5.406952
46.1	5.45439
46.12	5.54865
46.14	5.595457
46.16	5.642036
46.18	5.688346
46.2	5.734391
46.22	5.780234
46.24	5.825753
46.26	5.870919
46.28	5.91572
46.3	5.960147
46.32	6.004194
46.34	6.047853
46.36	6.091119
46.38	6.133985
46.4	6.176444
46.42	6.218493
46.44	6.260124
46.46	6.301143
46.48	6.381901
46.5	6.421536
46.52	6.460653
46.54	6.499208
46.56	6.53723
46.58	6.611591
46.6	6.647921
46.62	6.683698
46.64	6.718889
46.66	6.753518
46.68	6.787554
46.7	6.821022
46.72	6.885894
46.74	6.917394
46.76	6.948352
46.78	6.978644
46.8	7.00822
46.82	7.06523
46.84	7.092665
46.86	7.119399
46.88	7.145405
46.9	7.170704
46.92	7.19527
46.94	7.242239
46.96	7.264638
46.98	7.286295
47	7.307231
47.02	7.327421
47.04	7.346925
47.06	7.365655
47.08	7.383631
47.1	7.417416
47.12	7.433162
47.14	7.448205
47.16	7.462471
47.18	7.49565
47.2	7.528895
47.22	7.539549
47.24	7.548905
47.26	7.554167
47.28	7.561052
47.3	7.570737
47.32	7.573557
47.34	7.575963
47.36	7.580647
47.38	7.584475
47.4	7.587557
47.42	7.590029
47.44	7.591689
47.46	7.592516
47.48	7.591671
47.5	7.589997
47.52	7.587485
47.54	7.584135
47.56	7.579946
47.58	7.574916
47.6	7.569046
47.62	7.562295
47.64	7.554701
47.66	7.546264
47.68	7.526867
47.7	7.515906
47.72	7.559754
47.74	7.608936
47.76	7.593715
47.78	7.577075
47.8	7.559033
47.82	7.53961
47.84	7.518835
47.86	7.496739
47.88	7.473362
47.9	7.448749
47.92	7.396025
47.94	7.377496
47.96	7.355416
47.98	7.33442
48	7.309776
48.02	7.295295
48.04	7.270399
48.06	7.244231
48.08	7.1882
48.1	7.160393
48.12	7.131925
48.14	7.102736
48.16	7.072811
48.18	7.042159
48.2	7.010774
48.22	6.978668
48.24	6.945835
48.26	6.87802
48.28	6.843047
48.3	6.807361
48.32	6.770977
48.34	6.73389
48.36	6.696372
48.38	6.658627
48.4	6.620328
48.42	6.581311
48.44	6.541767
48.46	6.460999
48.48	6.419772
48.5	6.37798
48.52	6.335643
48.54	6.292751
48.56	6.249326
48.58	6.205366
48.6	6.115867
48.62	6.070501
48.64	6.02492
48.66	5.979017
48.68	5.932795
48.7	5.886199
48.72	5.839225
48.74	5.791877
48.76	5.744163
48.78	5.696091
48.8	5.598908
48.82	5.549817
48.84	5.500404
48.86	5.450682
48.88	5.40066
48.9	5.35035
48.92	5.300922
48.94	5.2009
48.96	5.150618
48.98	5.100197
49	5.049652
49.02	4.998997
49.04	4.921071
49.06	4.849048
49.08	4.776672
49.1	4.8119
49.12	4.678371
49.14	4.717164
49.16	4.6185
49.18	4.472698
49.2	4.463645
49.22	4.457823
49.24	4.352354
49.26	4.344416
49.28	4.239039
49.3	4.228805
49.32	4.124663
49.34	4.112029
49.36	4.030854
49.38	4.040569
49.4	3.964096
49.42	3.925071
49.44	3.885529
49.46	3.845495
49.48	3.805002
49.5	3.722857
49.52	3.690589
49.54	3.661057
49.56	3.632822
49.58	3.605617
49.6	3.579401
49.62	3.554174
49.64	3.529947
49.66	3.506731
49.68	3.463381
49.7	3.444076
49.72	3.425309
49.74	3.40831
49.76	3.393042
49.78	3.377893
49.8	3.364048
49.82	3.351351
49.84	3.339696
49.86	3.319457
49.88	3.310857
49.9	3.30326
49.92	3.296658
49.94	3.291614
49.96	3.286535
49.98	3.28256
50	3.281603
50.02	3.281466
50.04	3.28214
50.06	3.283605
50.08	3.285837
50.1	3.288815
50.12	3.292516
50.14	3.296916
50.16	3.307721
50.18	3.314357
50.2	3.321103
50.22	3.329605
50.24	3.338386
50.26	3.347526
50.28	3.357087
50.3	3.377258
50.32	3.387817
50.34	3.398694
50.36	3.409809
50.38	3.421191
50.4	3.432763
50.42	3.444553
50.44	3.456487
50.46	3.468593
50.48	3.480801
50.5	3.493136
50.52	3.505532
50.54	3.531501
50.56	3.544331
50.58	3.557015
50.6	3.569579
50.62	3.58196
50.64	3.594183
50.66	3.606187
50.68	3.617997
50.7	3.629555
50.72	3.651932
50.74	3.66272
50.76	3.673198
50.78	3.683387
50.8	3.69324
50.82	3.661328
50.84	3.675228
50.86	3.685035
50.88	3.693756
50.9	3.701957
50.92	3.789911
50.94	3.794756
50.96	3.799517
50.98	3.799487
51	3.7979
51.02	3.79481
51.04	3.790278
51.06	3.784378
51.08	3.784564
51.1	3.783431
51.12	3.784184
51.14	3.786881
51.16	3.787099
51.18	3.787354
51.2	3.787181
51.22	3.786388
51.24	3.785051
51.26	3.783062
51.28	3.777227
51.3	3.773364
51.32	3.768918
51.34	3.763806
51.36	3.758037
51.38	3.751667
51.4	3.744627
51.42	3.736926
51.44	3.728622
51.46	3.710014
51.48	3.648369
51.5	3.716371
51.52	3.630759
51.54	3.762276
51.56	3.606499
51.58	3.737429
51.6	3.579424
51.62	3.710021
51.64	3.550178
51.66	3.680322
51.68	3.518833
51.7	3.64855
51.72	3.485439
51.74	3.582862
51.76	3.452143
51.78	3.416171
51.8	3.396802
51.82	3.376879
51.84	3.356444
51.86	3.335546
51.88	3.314143
51.9	3.292249
51.92	3.26992
51.94	3.247089
51.96	3.223808
51.98	3.20007
52	3.175901
52.02	3.151292
52.04	3.126272
52.06	3.100833
52.08	3.075007
52.1	3.048786
52.12	3.022205
52.14	2.995255
52.16	2.967975
52.18	2.914292
52.2	2.887096
52.22	2.859772
52.24	2.83232
52.26	2.804788
52.28	2.777169
52.3	2.749516
52.32	2.721822
52.34	2.694145
52.36	2.66648
52.38	2.638888
52.4	2.611366
52.42	2.58398
52.44	2.55673
52.46	2.502852
52.48	2.476303
52.5	2.451629
52.52	2.427116
52.54	2.403031
52.56	2.379512
52.58	2.356573
52.6	2.312707
52.62	2.291877
52.64	2.27182
52.66	2.252631
52.68	2.234317
52.7	2.216955
52.72	2.200599
52.74	2.185303
52.76	2.171123
52.78	2.160426
52.8	2.15038
52.82	2.141538
52.84	2.134046
52.86	2.127961
52.88	2.123324
52.9	2.119343
52.92	2.118575
52.94	2.119931
52.96	2.123785
52.98	2.12767
53	2.134455
53.02	2.143355
53.04	2.154259
53.06	2.166814
53.08	2.180937
53.1	2.196599
53.12	2.213777
53.14	2.23245
53.16	2.252594
53.18	2.297191
53.2	2.321588
53.22	2.347882
53.24	2.375212
53.26	2.404225
53.28	2.43418
53.3	2.465759
53.32	2.498509
53.34	2.532309
53.36	2.567106
53.38	2.602859
53.4	2.639532
53.42	2.67709
53.44	2.7155
53.46	2.754729
53.48	2.794595
53.5	2.83521
53.52	2.877687
53.54	2.920641
53.56	2.964123
53.58	3.008121
53.6	3.097567
53.62	3.142965
53.64	3.188783
53.66	3.234998
53.68	3.28159
53.7	3.328539
53.72	3.375827
53.74	3.423435
53.76	3.471348
53.78	3.520561
53.8	3.569561
53.82	3.618622
53.84	3.667788
53.86	3.717056
53.88	3.766417
53.9	3.815858
53.92	3.865368
53.94	3.914937
53.96	3.964556
53.98	4.063905
54	4.113437
54.02	4.163025
54.04	4.213039
54.06	4.262849
54.08	4.312512
54.1	4.362037
54.12	4.41142
54.14	4.460657
54.16	4.509742
54.18	4.558672
54.2	4.607443
54.22	4.656051
54.24	4.704492
54.26	4.752764
54.28	4.800864
54.3	4.848791
54.32	4.896539
54.34	4.94411
54.36	5.038855
54.38	5.085805
54.4	5.132431
54.42	5.178746
54.44	5.224755
54.46	5.270456
54.48	5.315853
54.5	5.360941
54.52	5.405726
54.54	5.450202
54.56	5.494377
54.58	5.538245
54.6	5.581814
54.62	5.625185
54.64	5.668085
54.66	5.710575
54.68	5.752807
54.7	5.794759
54.72	5.836412
54.74	5.918853
54.76	5.959645
54.78	6
54.8	6.039942
54.82	6.079501
54.84	6.118659
54.86	6.157443
54.88	6.195832
54.9	6.233856
54.92	6.271492
54.94	6.308771
54.96	6.345671
54.98	6.382223
55	6.418404
55.02	6.454248
55.04	6.489728
55.06	6.524883
55.08	6.559684
55.1	6.594169
55.12	6.628311
55.14	6.695653
55.16	6.728866
55.18	6.761755
55.2	6.794368
55.22	6.826667
55.24	6.858703
55.26	6.890436
55.28	6.92192
55.3	6.953115
55.32	6.984074
55.34	7.014756
55.36	7.045217
55.38	7.075414
55.4	7.105406
55.42	7.135148
55.44	7.1647
55.46	7.223158
55.48	7.252079
55.5	7.280844
55.52	7.309402
55.54	7.33782
55.56	7.366046
55.58	7.394152
55.6	7.422082
55.62	7.449908
55.64	7.477576
55.66	7.505158
55.68	7.532598
55.7	7.559973
55.72	7.587223
55.74	7.614425
55.76	7.641521
55.78	7.66859
55.8	7.69557
55.82	7.722544
55.84	7.749485
55.86	7.776402
55.88	7.803307
55.9	7.857119
55.92	7.884046
55.94	7.911
55.96	7.937994
55.98	7.965036
56	7.992493
56.02	8.020082
56.04	8.047827
56.06	8.07574
56.08	8.10383
56.1	8.132107
56.12	8.160578
56.14	8.189252
56.16	8.218139
56.18	8.247245
56.2	8.276574
56.22	8.306149
56.24	8.335968
56.26	8.366042
56.28	8.426991
56.3	8.457884
56.32	8.489065
56.34	8.520545
56.36	8.561967
56.38	8.602799
56.4	8.625859
56.42	8.669359
56.44	8.696703
56.46	8.765689
56.48	8.766466
56.5	8.835882
56.52	8.835956
56.54	8.905427
56.56	8.906308
56.58	8.975764
56.6	8.977764
56.62	9.047194
56.64	9.122578
56.66	9.071564
56.68	9.074726
56.7	9.03193
56.72	9.037258
56.74	8.999052
56.76	9.010817
56.78	8.972391
56.8	8.98882
56.82	8.950125
56.84	8.941764
56.86	8.930513
56.88	8.918551
56.9	8.906415
56.92	8.894006
56.94	8.881528
56.96	8.868804
56.98	8.843004
57	8.829935
57.02	8.816632
57.04	8.803288
57.06	8.789715
57.08	8.776109
57.1	8.76228
57.12	8.748032
57.14	8.733557
57.16	8.71903
57.18	8.704537
57.2	8.689872
57.22	8.675229
57.24	8.660417
57.26	8.64563
57.28	8.630676
57.3	8.615755
57.32	8.600671
57.34	8.585624
57.36	8.570417
57.38	8.555253
57.4	8.539934
57.42	8.509241
57.44	8.493872
57.46	8.478356
57.48	8.462547
57.5	8.446754
57.52	8.430835
57.54	8.414997
57.56	8.399045
57.58	8.383178
57.6	8.367197
57.62	8.350801
57.64	8.334757
57.66	8.318648
57.68	8.286614
57.7	8.270639
57.72	8.254557
57.74	8.238565
57.76	8.222468
57.78	8.205807
57.8	8.189754
57.82	8.173577
57.84	8.157667
57.86	8.141442
57.88	8.125071
57.9	8.108788
57.92	8.092412
57.94	8.076128
57.96	8.059415
57.98	8.0429
58	8.026427
58.02	8.010056
58.04	7.99362
58.06	7.977113
58.08	7.944198
58.1	7.927717
58.12	7.911314
58.14	7.89467
58.16	7.877985
58.18	7.861003
58.2	7.844688
58.22	7.827853
58.24	7.811072
58.26	7.794003
58.28	7.77722
58.3	7.760228
58.32	7.743295
58.34	7.726249
58.36	7.709726
58.38	7.675491
58.4	7.658259
58.42	7.641046
58.44	7.623705
58.46	7.606376
58.48	7.588916
58.5	7.571462
58.52	7.553873
58.54	7.536284
58.56	7.518557
58.58	7.500823
58.6	7.482582
58.62	7.464358
58.64	7.446012
58.66	7.427628
58.68	7.409074
58.7	7.390466
58.72	7.371681
58.74	7.352833
58.76	7.333801
58.78	7.295405
58.8	7.276087
58.82	7.256566
58.84	7.236932
58.86	7.217124
58.88	7.197224
58.9	7.177119
58.92	7.156909
58.94	7.136487
58.96	7.115952
58.98	7.095201
59	7.074328
59.02	7.053234
59.04	7.032011
59.06	7.010562
59.08	6.988976
59.1	6.967161
59.12	6.945202
59.14	6.923008
59.16	6.878081
59.18	6.85534
59.2	6.832358
59.22	6.809211
59.24	6.785817
59.26	6.762253
59.28	6.738095
59.3	6.713713
59.32	6.689036
59.34	6.664131
59.36	6.638927
59.38	6.613486
59.4	6.58774
59.42	6.56175
59.44	6.535451
59.46	6.508901
59.48	6.482037
59.5	6.454914
59.52	6.427474
59.54	6.399766
59.56	6.37174
59.58	6.314816
59.6	6.285914
59.62	6.256685
59.64	6.227171
59.66	6.197329
59.68	6.167195
59.7	6.136731
59.72	6.105971
59.74	6.074879
59.76	6.043486
59.78	6.01176
59.8	5.979729
59.82	5.947364
59.84	5.91469
59.86	5.88168
59.88	5.84836
59.9	5.814703
59.92	5.746426
59.94	5.711803
59.96	5.676846
59.98	5.64157
60	5.60596
60.02	5.57003
60.04	5.53377
60.06	5.497189
60.08	5.460673
60.1	5.424021
60.12	5.387098
60.14	5.349907
60.16	5.312448
60.18	5.27472
60.2	5.236727
60.22	5.159945
60.24	5.121158
60.26	5.082114
60.28	5.042808
60.3	5.00325
60.32	4.963432
60.34	4.923368
60.36	4.883049
60.38	4.842489
60.4	4.801678
60.42	4.760635
60.44	4.719347
60.46	4.677833
60.48	4.636078
60.5	4.594109
60.52	4.551906
60.54	4.509497
60.56	4.466863
60.58	4.424033
60.6	4.380988
60.62	4.294325
60.64	4.250722
60.66	4.206924
60.68	4.162972
60.7	4.118839
60.72	4.07457
60.74	4.030134
60.76	3.98558
60.78	3.94204
60.8	3.898206
60.82	3.854254
60.84	3.81024
60.86	3.766179
60.88	3.722085
60.9	3.677968
60.92	3.633841
60.94	3.589716
60.96	3.545605
60.98	3.501522
61	3.457483
61.02	3.369596
61.04	3.325781
61.06	3.282611
61.08	3.239316
61.1	3.195709
61.12	3.152516
61.14	3.109275
61.16	3.066434
61.18	3.024627
61.2	2.983079
61.22	2.942115
61.24	2.901542
61.26	2.861343
61.28	2.821536
61.3	2.782149
61.32	2.743212
61.34	2.704589
61.36	2.66665
61.38	2.629264
61.4	2.556301
61.42	2.520804
61.44	2.48602
61.46	2.451994
61.48	2.418773
61.5	2.386406
61.52	2.354943
61.54	2.324435
61.56	2.294939
61.58	2.267766
61.6	2.609723
61.62	2.230516
61.64	2.605051
61.66	2.188389
61.68	2.573143
61.7	2.14602
61.72	2.53906
61.74	2.508222
61.76	2.074695
61.78	2.48197
61.8	2.047549
61.82	2.4608
61.84	2.026701
61.86	2.445019
61.88	2.012512
61.9	2.43487
61.92	2.005288
61.94	2.431718
61.96	2.005678
61.98	2.432588
62	2.014169
62.02	2.443326
62.04	2.459128
62.06	2.05298
62.08	2.480424
62.1	2.082317
62.12	2.507248
62.14	2.118104
62.16	2.539533
62.18	2.160129
62.2	2.577165
62.22	2.208143
62.24	2.620006
62.26	2.26187
62.28	2.667896
62.3	2.321019
62.32	2.720658
62.34	2.385292
62.36	2.778796
62.38	2.454157
62.4	2.527886
62.42	2.907158
62.44	2.605508
62.46	2.977611
62.48	2.686382
62.5	3.051248
62.52	2.77032
62.54	3.127949
62.56	2.857123
62.58	3.207561
62.6	2.946604
62.62	3.289936
62.64	3.038594
62.66	3.374933
62.68	3.132938
62.7	3.46242
62.72	3.552276
62.74	3.32815
62.76	3.64439
62.78	3.428781
62.8	3.73866
62.82	3.531292
62.84	3.834991
62.86	3.635595
62.88	3.933589
62.9	3.741045
62.92	4.032927
62.94	3.848052
62.96	4.134387
62.98	3.956018
63	4.23701
63.02	4.065
63.04	4.340819
63.06	4.445798
63.08	4.285944
63.1	4.551923
63.12	4.397877
63.14	4.659176
63.16	4.510769
63.18	4.767541
63.2	4.624614
63.22	4.877006
63.24	4.739408
63.26	4.987561
63.28	4.806402
63.3	4.86996
63.32	5.099122
63.34	4.992193
63.36	5.217116
63.38	5.109481
63.4	5.330406
63.42	5.445238
63.44	5.331435
63.46	5.581523
63.48	5.4535
63.5	5.702136
63.52	5.574389
63.54	5.820294
63.56	5.695712
63.58	5.938707
63.6	5.817791
63.62	6.057912
63.64	5.942903
63.66	6.173498
63.68	6.062938
63.7	6.286817
63.72	6.398329
63.74	6.307033
63.76	6.524759
63.78	6.434122
63.8	6.649708
63.82	6.609168
63.84	6.771162
63.86	6.733039
63.88	6.890934
63.9	6.85617
63.92	7.009446
63.94	6.978991
63.96	7.127196
63.98	7.251487
64	7.220267
64.02	7.393104
64.04	7.357003
64.06	7.530229
64.08	7.492614
64.1	7.664733
64.12	7.628884
64.14	7.799665
64.16	7.766211
64.18	7.935644
64.2	7.912354
64.22	8.069674
64.24	8.049281
64.26	8.202888
64.28	8.189009
64.3	8.331195
64.32	8.4842
64.34	8.47458
64.36	8.626616
64.38	8.653144
64.4	8.767537
64.42	8.795496
64.44	8.908001
64.46	8.93794
64.48	9.048321
64.5	9.080801
64.52	9.188872
64.54	9.142162
64.56	9.167793
64.58	9.147098
64.6	9.132199
64.62	9.12162
64.64	9.110817
64.66	9.099881
64.68	9.089237
64.7	9.068875
64.72	9.058985
64.74	9.049236
64.76	9.047774
64.78	9.042536
64.8	9.073319
64.82	9.061852
64.84	9.101584
64.86	9.08606
64.88	9.133881
64.9	9.113648
64.92	9.168739
64.94	9.143198
64.96	9.228571
64.98	9.268796
65	9.372179
65.02	9.536752
65.04	9.585787
65.06	9.718655
65.08	9.769946
65.1	9.9145
65.12	9.966791
65.14	9.634159
65.16	9.334878
65.18	9.073398
65.2	8.854229
65.22	8.681744
65.24	8.572926
65.26	8.56811
65.28	8.549514
65.3	8.527481
65.32	8.504485
65.34	8.458195
65.36	8.434466
65.38	8.410452
65.4	8.386171
65.42	8.361616
65.44	8.336802
65.46	8.311718
65.48	8.260775
65.5	8.234921
65.52	8.208808
65.54	8.182448
65.56	8.155834
65.58	8.128981
65.6	8.074541
65.62	8.046961
65.64	8.019151
65.66	7.991104
65.68	7.962834
65.7	7.934334
65.72	7.905617
65.74	7.876675
65.76	7.81905
65.78	7.789906
65.8	7.760571
65.82	7.731066
65.84	7.701378
65.86	7.671525
65.88	7.641493
65.9	7.611301
65.92	7.580935
65.94	7.550415
65.96	7.488885
65.98	7.457881
66	7.426734
66.02	7.395535
66.04	7.364181
66.06	7.332541
66.08	7.300766
66.1	7.268968
66.12	7.23697
66.14	7.173436
66.16	7.141597
66.18	7.109635
66.2	7.077572
66.22	7.04539
66.24	7.013113
66.26	6.980721
66.28	6.948237
66.3	6.882961
66.32	6.850183
66.34	6.817298
66.36	6.784334
66.38	6.751266
66.4	6.718122
66.42	6.684881
66.44	6.651568
66.46	6.618163
66.48	6.55113
66.5	6.517963
66.52	6.484705
66.54	6.451716
66.56	6.418523
66.58	6.385163
66.6	6.351805
66.62	6.318408
66.64	6.284927
66.66	6.251392
66.68	6.184099
66.7	6.150343
66.72	6.116536
66.74	6.082647
66.76	6.048709
66.78	6.014693
66.8	5.980629
66.82	5.94649
66.84	5.912307
66.86	5.878253
66.88	5.84401
66.9	5.809507
66.92	5.741157
66.94	5.707069
66.96	5.672883
66.98	5.638613
67	5.604263
67.02	5.569834
67.04	5.535325
67.06	5.500734
67.08	5.466064
67.1	5.431313
67.12	5.396481
67.14	5.361568
67.16	5.326574
67.18	5.256347
67.2	5.221114
67.22	5.185801
67.24	5.15041
67.26	5.114941
67.28	5.079395
67.3	5.043773
67.32	5.008077
67.34	4.972306
67.36	4.900551
67.38	4.864569
67.4	4.828521
67.42	4.792571
67.44	4.75669
67.46	4.720723
67.48	4.684642
67.5	4.648441
67.52	4.61212
67.54	4.539114
67.56	4.502429
67.58	4.465623
67.6	4.428697
67.62	4.391652
67.64	4.354488
67.66	4.317206
67.68	4.279809
67.7	4.204643
67.72	4.166908
67.74	4.129065
67.76	4.091117
67.78	4.053067
67.8	4.014918
67.82	3.976675
67.84	3.93834
67.86	3.899919
67.88	3.822835
67.9	3.784184
67.92	3.745468
67.94	3.706694
67.96	3.667868
67.98	3.628998
68	3.590092
68.02	3.551159
68.04	3.47325
68.06	3.434295
68.08	3.395354
68.1	3.35644
68.12	3.317564
68.14	3.278743
68.16	3.239989
68.18	3.20132
68.2	3.162751
68.22	3.085988
68.24	3.047833
68.26	3.009857
68.28	2.972084
68.3	2.934537
68.32	2.897242
68.34	2.860226
68.36	2.823519
68.38	2.751155
68.4	2.715565
68.42	2.680417
68.44	2.645749
68.46	2.611603
68.48	2.57802
68.5	2.545045
68.52	2.512726
68.54	2.481112
68.56	2.450253
68.58	2.420206
68.6	2.265072
68.62	2.141457
68.64	2.365746
68.66	2.016562
68.68	2.386175
68.7	1.975981
68.72	2.358332
68.74	1.937781
68.76	2.424554
68.78	1.909078
68.8	2.402639
68.82	1.880316
68.84	1.874132
68.86	1.869587
68.88	1.866744
68.9	1.865608
68.92	1.866172
68.94	1.872351
68.96	1.877925
68.98	1.885124
69	1.893921
69.02	1.904283
69.04	1.916175
69.06	1.944406
69.08	1.960665
69.1	1.978297
69.12	1.997261
69.14	2.017513
69.16	2.039008
69.18	2.061704
69.2	2.085556
69.22	2.136558
69.24	2.163623
69.26	2.193054
69.28	2.223209
69.3	2.254254
69.32	2.286184
69.34	2.318964
69.36	2.386913
69.38	2.422
69.4	2.45778
69.42	2.494217
69.44	2.531276
69.46	2.568927
69.48	2.607136
69.5	2.685424
69.52	2.725008
69.54	2.765167
69.56	2.805778
69.58	2.846799
69.6	2.888206
69.62	2.929978
69.64	2.972798
69.66	3.015831
69.68	3.103287
69.7	3.147434
69.72	3.191817
69.74	3.236415
69.76	3.281214
69.78	3.326199
69.8	3.371356
69.82	3.416672
69.84	3.462135
69.86	3.507732
69.88	3.553447
69.9	3.599285
69.92	3.645225
69.94	3.691257
69.96	3.737376
69.98	3.783572
70	3.830118
70.02	3.923517
70.04	3.970226
70.06	4.016633
70.08	4.063226
70.1	4.109836
70.12	4.156423
70.14	4.202974
70.16	4.249482
70.18	4.295939
70.2	4.34234
70.22	4.38868
70.24	4.434952
70.26	4.481108
70.28	4.527231
70.3	4.573272
70.32	4.619226
70.34	4.66509
70.36	4.71086
70.38	4.756842
70.4	4.8028
70.42	4.894273
70.44	4.939753
70.46	4.985053
70.48	5.030169
70.5	5.075097
70.52	5.119833
70.54	5.164374
70.56	5.208715
70.58	5.252854
70.6	5.296787
70.62	5.340506
70.64	5.384019
70.66	5.427312
70.68	5.470392
70.7	5.513248
70.72	5.555886
70.74	5.598295
70.76	5.640481
70.78	5.724841
70.8	5.766485
70.82	5.807817
70.84	5.848841
70.86	5.889552
70.88	5.929951
70.9	5.970032
70.92	6.009796
70.94	6.049238
70.96	6.088358
70.98	6.127152
71	6.16562
71.02	6.203758
71.04	6.241566
71.06	6.279039
71.08	6.316181
71.1	6.352985
71.12	6.389452
71.14	6.425579
71.16	6.461367
71.18	6.496812
71.2	6.566821
71.22	6.60129
71.24	6.635325
71.26	6.668938
71.28	6.702125
71.3	6.734886
71.32	6.76722
71.34	6.799126
71.36	6.8306
71.38	6.861645
71.4	6.892256
71.42	6.922435
71.44	6.952178
71.46	6.981488
71.48	7.01036
71.5	7.038795
71.52	7.066792
71.54	7.094352
71.56	7.14815
71.58	7.174388
71.6	7.200187
71.62	7.225542
71.64	7.250456
71.66	7.274926
71.68	7.298953
71.7	7.322537
71.72	7.345677
71.74	7.368373
71.76	7.390625
71.78	7.412432
71.8	7.433795
71.82	7.454713
71.84	7.475186
71.86	7.521966
71.88	7.571112
71.9	7.622386
71.92	7.707994
71.94	7.801198
71.96	7.901384
71.98	8.007952
72	8.120318
72.02	8.360258
72.04	8.486798
72.06	8.617079
72.08	8.750657
72.1	8.407414
72.12	8.120933
72.14	7.898878
72.16	7.756506
72.18	7.770113
72.2	7.781908
72.22	7.792963
72.24	7.803501
72.26	7.813557
72.28	7.823157
72.3	7.840968
72.32	7.849182
72.34	7.856949
72.36	7.864256
72.38	7.871118
72.4	7.877522
72.42	7.883489
72.44	7.889003
72.46	7.887499
72.48	7.852947
72.5	7.931169
72.52	7.861924
72.54	7.941657
72.56	7.867712
72.58	7.948332
72.6	7.870497
72.62	7.951423
72.64	7.870549
72.66	7.942294
72.68	7.941455
72.7	7.931491
72.72	7.929256
72.74	7.918601
72.76	7.915236
72.78	7.904256
72.8	7.900074
72.82	7.89828
72.84	7.900098
72.86	7.901265
72.88	7.902169
72.9	7.9029
72.92	7.903473
72.94	7.903913
72.96	7.904223
72.98	7.904389
73	7.904414
73.02	7.904305
73.04	7.903697
73.06	7.903206
73.08	7.902597
73.1	7.901874
73.12	7.901041
73.14	7.900102
73.16	7.899063
73.18	7.897927
73.2	7.896701
73.22	7.895388
73.24	7.893993
73.26	7.892521
73.28	7.89135
73.3	7.890079
73.32	7.888782
73.34	7.887478
73.36	7.886174
73.38	7.884873
73.4	7.883581
73.42	7.881032
73.44	7.879784
73.46	7.878559
73.48	7.87736
73.5	7.876192
73.52	7.875057
73.54	7.873961
73.56	7.872908
73.58	7.871901
73.6	7.870944
73.62	7.870043
73.64	7.8692
73.66	7.86842
73.68	7.867707
73.7	7.867565
73.72	7.867391
73.74	7.867305
73.76	7.867335
73.78	7.867486
73.8	7.867762
73.82	7.868698
73.84	7.869362
73.86	7.87016
73.88	7.871094
73.9	7.872167
73.92	7.873381
73.94	7.874737
73.96	7.876239
73.98	7.877888
74	7.879686
74.02	7.881637
74.04	7.883741
74.06	7.886568
74.08	7.889392
74.1	7.892361
74.12	7.895507
74.14	7.898831
74.16	7.902339
74.18	7.906026
74.2	7.909896
74.22	7.913945
74.24	7.918262
74.26	7.927093
74.28	7.931834
74.3	7.936759
74.32	7.941863
74.34	7.947272
74.36	7.952738
74.38	7.958317
74.4	7.964643
74.42	7.971024
74.44	7.977547
74.46	7.984242
74.48	7.99111
74.5	7.998152
74.52	8.005366
74.54	8.012778
74.56	8.027817
74.58	8.035617
74.6	8.043586
74.62	8.051707
74.64	8.05998
74.66	8.068401
74.68	8.076969
74.7	8.08569
74.72	8.094548
74.74	8.103686
74.76	8.113046
74.78	8.122542
74.8	8.132239
74.82	8.141886
74.84	8.151705
74.86	8.161648
74.88	8.17169
74.9	8.181827
74.92	8.192059
74.94	8.202379
74.96	8.223274
74.98	8.233845
75	8.244488
75.02	8.255202
75.04	8.265983
75.06	8.276831
75.08	8.287736
75.1	8.2987
75.12	8.309701
75.14	8.320704
75.16	8.33194
75.18	8.343191
75.2	8.354485
75.22	8.377123
75.24	8.388452
75.26	8.399777
75.28	8.4111
75.3	8.422413
75.32	8.433715
75.34	8.444999
75.36	8.456264
75.38	8.467505
75.4	8.47873
75.42	8.489916
75.44	8.501064
75.46	8.512187
75.48	8.523261
75.5	8.534287
75.52	8.54528
75.54	8.567093
75.56	8.650269
75.58	8.756124
75.6	8.883421
75.62	9.030824
75.64	9.196946
75.66	9.380377
75.68	9.482609
75.7	9.395488
75.72	9.26807
75.74	9.188105
75.76	9.076942
75.78	9.006138
75.8	8.913801
75.82	8.854281
75.84	8.783398
75.86	8.737353
75.88	8.690512
75.9	8.775825
75.92	8.711495
75.94	8.740439
75.96	8.833764
75.98	8.75826
76	8.759095
76.02	8.759227
76.04	8.759298
76.06	8.759616
76.08	8.76012
76.1	8.760774
76.12	8.761569
76.14	8.76209
76.16	8.762321
76.18	8.762421
76.2	8.8447
76.22	8.866561
76.24	8.864208
76.26	8.861103
76.28	8.857226
76.3	8.852593
76.32	8.84116
76.34	8.834424
76.36	8.827062
76.38	8.819116
76.4	8.810635
76.42	8.801673
76.44	8.792288
76.46	8.782542
76.48	8.772505
76.5	8.762248
76.52	8.75884
76.54	8.755157
76.56	8.751222
76.58	8.747035
76.6	8.742738
76.62	8.739182
76.64	8.735914
76.66	8.729936
76.68	8.727207
76.7	8.724666
76.72	8.722301
76.74	8.71352
76.76	8.707049
76.78	8.702358
76.8	8.699025
76.82	8.715875
76.84	8.743114
76.86	8.795559
76.88	8.830214
76.9	8.896415
76.92	8.934973
76.94	9.0134
76.96	9.054231
76.98	9.143407
77	9.185307
77.02	9.28383
77.04	8.867557
77.06	8.719879
77.08	8.624259
77.1	8.64703
77.12	8.648216
77.14	8.644424
77.16	8.639796
77.18	8.635128
77.2	8.63061
77.22	8.626327
77.24	8.622226
77.26	8.618328
77.28	8.614654
77.3	8.611195
77.32	8.607967
77.34	8.604963
77.36	8.602198
77.38	8.599663
77.4	8.597608
77.42	8.594169
77.44	8.592842
77.46	8.591778
77.48	8.590992
77.5	8.590474
77.52	8.590239
77.54	8.590277
77.56	8.588887
77.58	8.587602
77.6	8.585732
77.62	8.584211
77.64	8.582718
77.66	8.58139
77.68	8.580082
77.7	8.57893
77.72	8.577789
77.74	8.576813
77.76	8.575848
77.78	8.575092
77.8	8.574356
77.82	8.572988
77.84	8.57252
77.86	8.572246
77.88	8.572196
77.9	8.572165
77.92	8.572087
77.94	8.572304
77.96	8.5726
77.98	8.572936
78	8.573358
78.02	8.57385
78.04	8.574448
78.06	8.575117
78.08	8.575896
78.1	8.576748
78.12	8.577711
78.14	8.578749
78.16	8.579898
78.18	8.581121
78.2	8.582459
78.22	8.583872
78.24	8.585402
78.26	8.586771
78.28	8.590471
78.3	8.592354
78.32	8.594201
78.34	8.596415
78.36	8.59867
78.38	8.6015
78.4	8.603897
78.42	8.606402
78.44	8.609179
78.46	8.612012
78.48	8.614934
78.5	8.617868
78.52	8.620936
78.54	8.624027
78.56	8.627255
78.58	8.630506
78.6	8.633892
78.62	8.637301
78.64	8.640843
78.66	8.644408
78.68	8.651823
78.7	8.655672
78.72	8.659541
78.74	8.66354
78.76	8.667558
78.78	8.671702
78.8	8.675769
78.82	8.680045
78.84	8.684349
78.86	8.688845
78.88	8.69345
78.9	8.698172
78.92	8.702879
78.94	8.707603
78.96	8.712348
78.98	8.717146
79	8.721964
79.02	8.726835
79.04	8.731711
79.06	8.736696
79.08	8.746604
79.1	8.751639
79.12	8.756848
79.14	8.761759
79.16	8.766882
79.18	8.771922
79.2	8.777046
79.22	8.782209
79.24	8.78753
79.26	8.792559
79.28	8.797786
79.3	8.802923
79.32	8.808133
79.34	8.813375
79.36	8.82386
79.38	8.828903
79.4	8.834237
79.42	8.83955
79.44	8.845007
79.46	8.85031
79.48	8.855557
79.5	8.860771
79.52	8.865954
79.54	8.871114
79.56	8.876357
79.58	8.881289
79.6	8.886353
79.62	8.891256
79.64	8.896172
79.66	8.901066
79.68	8.906022
79.7	8.915456
79.72	8.920055
79.74	8.924657
79.76	8.929194
79.78	8.933761
79.8	8.938148
79.82	8.942507
79.84	8.946801
79.86	8.951791
79.88	8.936723
79.9	8.985518
79.92	8.949496
79.94	8.999855
79.96	8.959328
79.98	9.009638
80	8.9689
80.02	9.018492
80.04	8.97695
80.06	9.026075
80.08	9.04285
80.1	9.060102
80.12	9.081988
80.14	9.083366
80.16	9.098996
80.18	9.097755
80.2	9.112559
80.22	9.109249
80.24	9.123397
80.26	9.067995
80.28	9.027192
80.3	9.029057
80.32	9.030711
80.34	9.032158
80.36	9.033424
80.38	9.035303
80.4	9.037397
80.42	9.039625
80.44	9.041969
80.46	9.044369
80.48	9.046881
80.5	9.05037
80.52	9.051585
80.54	9.052648
80.56	9.053573
80.58	9.054393
80.6	9.055074
80.62	9.055622
80.64	9.056041
80.66	9.056329
80.68	9.056486
80.7	9.074407
80.72	9.171733
80.74	9.20346
80.76	9.199682
80.78	9.195417
80.8	9.190395
80.82	9.184587
80.84	9.178006
80.86	9.170691
80.88	9.162676
80.9	9.154007
80.92	9.144732
80.94	9.124584
80.96	9.113832
80.98	9.102715
81	9.09131
81.02	9.079688
81.04	9.067937
81.06	9.056142
81.08	9.051431
81.1	9.048263
81.12	9.043244
81.14	9.037843
81.16	9.032376
81.18	9.026899
81.2	9.021438
81.22	9.015982
81.24	9.050747
81.26	9.087686
81.28	9.100092
81.3	9.070895
81.32	9.11156
81.34	9.0794
81.36	9.118608
81.38	9.081412
81.4	9.177984
81.42	9.293261
81.44	9.426009
81.46	9.574965
81.48	9.738293
81.5	9.914775
81.52	10.1036
81.54	10.30368
81.56	10.51396
81.58	10.22553
81.6	10.07669
81.62	9.931354
81.64	9.789989
81.66	9.521202
81.68	9.394865
81.7	9.274666
81.72	9.16121
81.74	9.055124
81.76	8.957052
81.78	8.729627
81.8	8.586129
81.82	8.608116
81.84	8.607965
81.86	8.595922
81.88	8.581294
81.9	8.566166
81.92	8.550956
81.94	8.535768
81.96	8.52061
81.98	8.505504
82	8.490445
82.02	8.475451
82.04	8.460516
82.06	8.445658
82.08	8.430869
82.1	8.401555
82.12	8.387041
82.14	8.372623
82.16	8.358321
82.18	8.344128
82.2	8.330448
82.22	8.316859
82.24	8.30341
82.26	8.290129
82.28	8.277011
82.3	8.264074
82.32	8.251301
82.34	8.238774
82.36	8.226319
82.38	8.214024
82.4	8.201981
82.42	8.190159
82.44	8.167146
82.46	8.156109
82.48	8.145177
82.5	8.134356
82.52	8.124484
82.54	8.114664
82.56	8.105052
82.58	8.095692
82.6	8.08658
82.62	8.07783
82.64	8.069172
82.66	8.0607
82.68	8.052581
82.7	8.044741
82.72	8.03718
82.74	8.029887
82.76	8.022878
82.78	8.016288
82.8	8.009871
82.82	8.003987
82.84	7.998436
82.86	7.993286
82.88	7.988194
82.9	7.983452
82.92	7.979008
82.94	7.970953
82.96	7.96734
82.98	7.964007
83	7.960946
83.02	7.958165
83.04	7.955657
83.06	7.953427
83.08	7.951578
83.1	7.949744
83.12	7.948869
83.14	7.948051
83.16	7.947438
83.18	7.947062
83.2	7.946923
83.22	7.947021
83.24	7.947351
83.26	7.947914
83.28	7.948702
83.3	7.949717
83.32	7.95095
83.34	7.952405
83.36	7.954072
83.38	7.958044
83.4	7.96034
83.42	7.963304
83.44	7.966274
83.46	7.969369
83.48	7.97261
83.5	7.975995
83.52	7.979522
83.54	7.983184
83.56	7.986978
83.58	7.990896
83.6	7.994935
83.62	7.99909
83.64	8.003355
83.66	8.007726
83.68	8.012197
83.7	8.016765
83.72	8.021424
83.74	8.026169
83.76	8.030996
83.78	8.036241
83.8	8.041381
83.82	8.051644
83.84	8.056779
83.86	8.06191
83.88	8.06703
83.9	8.072135
83.92	8.07722
83.94	8.082277
83.96	8.087302
83.98	8.097235
84	8.102131
84.02	8.106974
84.04	8.111758
84.06	8.11648
84.08	8.121133
84.1	8.125713
84.12	8.130217
84.14	8.134633
84.16	8.138847
84.18	8.143002
84.2	8.147244
84.22	8.15124
84.24	8.15505
84.26	8.15868
84.28	8.162132
84.3	8.165401
84.32	8.168479
84.34	8.171367
84.36	8.174057
84.38	8.32303
84.4	8.707616
84.42	8.938358
84.44	9.040697
84.46	9.142488
84.48	9.243705
84.5	9.177966
84.52	9.277818
84.54	9.208312
84.56	9.306786
84.58	9.233417
84.6	9.330541
84.62	9.253243
84.64	9.293599
84.66	9.332649
84.68	9.370294
84.7	9.406435
84.72	9.440987
84.74	9.473867
84.76	9.32692
84.78	9.354399
84.8	9.2305
84.82	9.072037
84.84	8.916948
84.86	8.765725
84.88	8.618892
84.9	8.477011
84.92	8.340674
84.94	8.21051
84.96	8.087178
84.98	7.981798
85	8.021812
85.02	8.11305
85.04	8.205147
85.06	8.297972
85.08	8.39141
85.1	8.48536
85.12	8.674467
85.14	8.769492
85.16	8.864765
85.18	8.960257
85.2	9.022199
85.22	9.087106
85.24	8.881052
85.26	8.93886
85.28	8.735562
85.3	8.785895
85.32	8.58611
85.34	8.628614
85.36	8.433206
85.38	8.467551
85.4	8.148352
85.42	7.892559
85.44	7.690265
85.46	7.51558
85.48	7.350634
85.5	7.341489
85.52	7.322177
85.54	7.300188
85.56	7.277317
85.58	7.253929
85.6	7.205847
85.62	7.181171
85.64	7.156082
85.66	7.130575
85.68	7.104657
85.7	7.078324
85.72	7.051584
85.74	7.024432
85.76	6.996931
85.78	6.969199
85.8	6.941166
85.82	6.912801
85.84	6.884112
85.86	6.855095
85.88	6.825758
85.9	6.796097
85.92	6.76612
85.94	6.735823
85.96	6.705215
85.98	6.674291
86	6.643061
86.02	6.579678
86.04	6.547531
86.06	6.515088
86.08	6.482346
86.1	6.449314
86.12	6.415988
86.14	6.38238
86.16	6.348484
86.18	6.314312
86.2	6.27986
86.22	6.24514
86.24	6.210147
86.26	6.174894
86.28	6.139793
86.3	6.104463
86.32	6.068933
86.34	6.033216
86.36	5.997313
86.38	5.961233
86.4	5.924974
86.42	5.888546
86.44	5.851946
86.46	5.778259
86.48	5.74118
86.5	5.703947
86.52	5.666568
86.54	5.629045
86.56	5.591385
86.58	5.553592
86.6	5.515672
86.62	5.477629
86.64	5.439672
86.66	5.401831
86.68	5.364036
86.7	5.326204
86.72	5.288328
86.74	5.250409
86.76	5.212451
86.78	5.174459
86.8	5.136437
86.82	5.09839
86.84	5.060324
86.86	5.022243
86.88	4.946061
86.9	4.907972
86.92	4.869891
86.94	4.831824
86.96	4.793779
86.98	4.755762
87	4.718524
87.02	4.681565
87.04	4.644647
87.06	4.607444
87.08	4.570562
87.1	4.533752
87.12	4.497058
87.14	4.460464
87.16	4.423969
87.18	4.38758
87.2	4.351302
87.22	4.31514
87.24	4.279101
87.26	4.243191
87.28	4.207416
87.3	4.172033
87.32	4.136387
87.34	4.066211
87.36	4.031044
87.38	3.997257
87.4	3.963396
87.42	3.929666
87.44	3.896121
87.46	3.862774
87.48	3.829636
87.5	3.796705
87.52	3.76399
87.54	3.731497
87.56	3.699232
87.58	3.6672
87.6	3.635407
87.62	3.60386
87.64	3.57258
87.66	3.541542
87.68	3.510772
87.7	3.480277
87.72	3.450228
87.74	3.420501
87.76	3.390652
87.78	3.362261
87.8	3.333875
87.82	3.305762
87.84	3.277924
87.86	3.22311
87.88	3.196146
87.9	3.169483
87.92	3.143125
87.94	3.117079
87.96	3.091286
87.98	3.065877
88	3.040797
88.02	3.016049
88.04	2.991642
88.06	2.96758
88.08	2.943872
88.1	2.920524
88.12	2.897543
88.14	2.874937
88.16	2.852714
88.18	2.830881
88.2	2.809447
88.22	2.767811
88.24	2.748476
88.26	2.729234
88.28	2.710289
88.3	2.691684
88.32	2.673433
88.34	2.655541
88.36	2.637992
88.38	2.620835
88.4	2.60403
88.42	2.58763
88.44	2.571593
88.46	2.555974
88.48	2.540732
88.5	2.525921
88.52	2.511501
88.54	2.497526
88.56	2.48396
88.58	2.470855
88.6	2.458173
88.62	2.445971
88.64	2.43421
88.66	2.422947
88.68	2.412145
88.7	2.401859
88.72	2.392077
88.74	2.374066
88.76	2.365857
88.78	2.358194
88.8	2.351087
88.82	2.344548
88.84	2.338586
88.86	2.333214
88.88	2.328442
88.9	2.324282
88.92	2.320744
88.94	2.317838
88.96	2.315577
88.98	2.313029
89	2.312763
89.02	2.313182
89.04	2.314296
89.06	2.316115
89.08	2.318649
89.1	2.321905
89.12	2.325892
89.14	2.330619
89.16	2.336093
89.18	2.342322
89.2	2.357069
89.22	2.3656
89.24	2.37491
89.26	2.385004
89.28	2.395886
89.3	2.40756
89.32	2.420029
89.34	2.433296
89.36	2.447363
89.38	2.462233
89.4	2.477906
89.42	2.494384
89.44	2.511667
89.46	2.529753
89.48	2.568338
89.5	2.588834
89.52	2.610129
89.54	2.632222
89.56	2.655111
89.58	2.678791
89.6	2.703261
89.62	2.728517
89.64	2.754555
89.66	2.781371
89.68	2.808962
89.7	2.837322
89.72	2.866447
89.74	2.896333
89.76	2.926975
89.78	2.990508
89.8	3.023388
89.82	3.057003
89.84	3.091349
89.86	3.126421
89.88	3.162212
89.9	3.198718
89.92	3.273854
89.94	3.312474
89.96	3.351787
89.98	3.391789
90	3.461883
90.02	3.499637
90.04	3.540274
90.06	3.575368
90.08	3.609365
90.1	3.642253
90.12	3.715677
90.14	3.755401
90.16	3.795855
90.18	3.83344
90.2	3.871117
90.22	3.909456
90.24	3.956644
90.26	4.002681
90.28	4.048222
90.3	4.094151
90.32	4.140749
90.34	4.187848
90.36	4.235412
90.38	4.278792
90.4	4.321152
90.42	4.366045
90.44	4.410382
90.46	4.454236
90.48	4.547405
90.5	4.553145
90.52	4.557694
90.54	4.560833
90.56	4.562654
90.58	4.563097
90.6	4.614114
90.62	4.613167
90.64	4.610754
90.66	4.713029
90.68	4.764394
90.7	4.815778
90.72	4.867167
90.74	4.918553
90.76	4.969934
90.78	5.021303
90.8	5.072657
90.82	5.124206
90.84	5.175594
90.86	5.227389
90.88	5.279143
90.9	5.33094
90.92	5.434081
90.94	5.485562
90.96	5.537006
90.98	5.588375
91	5.639664
91.02	5.690869
91.04	5.741986
91.06	5.793013
91.08	5.843945
91.1	5.894779
91.12	5.945514
91.14	5.996144
91.16	6.046798
91.18	6.14754
91.2	6.19762
91.22	6.248231
91.24	6.298543
91.26	6.348669
91.28	6.39863
91.3	6.448426
91.32	6.498055
91.34	6.547516
91.36	6.596803
91.38	6.645916
91.4	6.694849
91.42	6.743601
91.44	6.79217
91.46	6.840552
91.48	6.888746
91.5	6.984558
91.52	7.032171
91.54	7.079613
91.56	7.126793
91.58	7.173794
91.6	7.221063
91.62	7.267916
91.64	7.314484
91.66	7.360791
91.68	7.45264
91.7	7.498174
91.72	7.543443
91.74	7.588446
91.76	7.633179
91.78	7.67764
91.8	7.721828
91.82	7.76574
91.84	7.809373
91.86	7.852727
91.88	7.938589
91.9	7.981091
91.92	8.023309
91.94	8.065237
91.96	8.106875
91.98	8.148413
92	8.189559
92.02	8.230347
92.04	8.270786
92.06	8.310873
92.08	8.35061
92.1	8.389991
92.12	8.429017
92.14	8.505992
92.16	8.543938
92.18	8.581522
92.2	8.61874
92.22	8.655594
92.24	8.692079
92.26	8.728195
92.28	8.763941
92.3	8.799316
92.32	8.834317
92.34	8.868946
92.36	8.903198
92.38	8.937076
92.4	9.003695
92.42	9.036435
92.44	9.068798
92.46	9.100778
92.48	9.132377
92.5	9.163644
92.52	9.194433
92.54	9.214243
92.56	9.222232
92.58	9.227505
92.6	9.23217
92.62	9.236856
92.64	9.291101
92.66	9.239798
92.68	9.327992
92.7	9.273865
92.72	9.363316
92.74	9.471724
92.76	9.459885
92.78	9.574511
92.8	9.5619
92.82	9.681834
92.84	9.667837
92.86	9.792246
92.88	9.638998
92.9	9.578273
92.92	9.5196
92.94	9.463259
92.96	9.409537
92.98	9.358733
93	9.311152
93.02	9.267114
93.04	9.237188
93.06	9.201067
93.08	9.170806
93.1	9.239579
93.12	9.208421
93.14	9.279788
93.16	9.247276
93.18	9.320676
93.2	9.286358
93.22	9.361283
93.24	9.324751
93.26	9.400748
93.28	9.407063
93.3	9.322765
93.32	9.408727
93.34	9.320505
93.36	9.360712
93.38	9.269621
93.4	9.308912
93.42	9.215109
93.44	9.253924
93.46	9.154257
93.48	9.100501
93.5	9.093236
93.52	9.049811
93.54	9.021325
93.56	8.985152
93.58	8.941185
93.6	8.889318
93.62	8.837447
93.64	8.898305
93.66	8.978191
93.68	9.076064
93.7	9.190816
93.72	9.321306
93.74	9.466374
93.76	9.624865
93.78	9.79564
93.8	9.9776
93.82	10.14808
93.84	9.910399
93.86	9.475967
93.88	9.282222
93.9	9.106231
93.92	8.949615
93.94	8.813992
93.96	8.700936
93.98	8.61986
94	8.621826
94.02	8.612928
94.04	8.601727
94.06	8.590068
94.08	8.578519
94.1	8.567063
94.12	8.555753
94.14	8.544563
94.16	8.533534
94.18	8.522635
94.2	8.511909
94.22	8.501325
94.24	8.490925
94.26	8.480678
94.28	8.470627
94.3	8.460741
94.32	8.451065
94.34	8.442175
94.36	8.433365
94.38	8.416427
94.4	8.408336
94.42	8.400476
94.44	8.392898
94.46	8.385561
94.48	8.378518
94.5	8.371727
94.52	8.36524
94.54	8.359015
94.56	8.353108
94.58	8.347475
94.6	8.342169
94.62	8.337148
94.64	8.328081
94.66	8.324049
94.68	8.320323
94.7	8.317877
94.72	8.31552
94.74	8.313256
94.76	8.311662
94.78	8.310268
94.8	8.30926
94.82	8.308672
94.84	8.308276
94.86	8.308339
94.88	8.308495
94.9	8.310281
94.92	8.311784
94.94	8.313658
94.96	8.315955
94.98	8.318838
95	8.321927
95.02	8.325994
95.04	8.330384
95.06	8.335196
95.08	8.340392
95.1	8.346026
95.12	8.352051
95.14	8.358514
95.16	8.365369
95.18	8.372663
95.2	8.380352
95.22	8.388482
95.24	8.405975
95.26	8.415338
95.28	8.425355
95.3	8.435482
95.32	8.446112
95.34	8.457829
95.36	8.469748
95.38	8.482054
95.4	8.49473
95.42	8.507821
95.44	8.521286
95.46	8.535163
95.48	8.549408
95.5	8.564233
95.52	8.579127
95.54	8.610052
95.56	8.626241
95.58	8.642781
95.6	8.659715
95.62	8.676997
95.64	8.695135
95.66	8.713387
95.68	8.751111
95.7	8.770463
95.72	8.790114
95.74	8.810096
95.76	8.830368
95.78	8.848355
95.8	8.857644
95.82	8.865131
95.84	8.872186
95.86	8.879165
95.88	8.886082
95.9	8.892999
95.92	8.899878
95.94	8.906755
95.96	8.913594
95.98	8.920438
96	8.92727
96.02	8.934165
96.04	8.948285
96.06	8.955332
96.08	8.962362
96.1	8.969378
96.12	8.97639
96.14	8.983386
96.16	8.990376
96.18	8.997348
96.2	9.004308
96.22	9.011237
96.24	9.018163
96.26	9.025049
96.28	9.031908
96.3	9.038805
96.32	9.045545
96.34	9.052305
96.36	9.059034
96.38	9.065715
96.4	9.072356
96.42	9.085525
96.44	9.092031
96.46	9.098496
96.48	9.104902
96.5	9.11126
96.52	9.117636
96.54	9.123827
96.56	9.130015
96.58	9.136176
96.6	9.142311
96.62	9.148316
96.64	9.154287
96.66	9.160107
96.68	9.165679
96.7	9.171293
96.72	9.176772
96.74	9.18202
96.76	9.187204
96.78	9.192307
96.8	9.219752
96.82	9.222971
96.84	9.226095
96.86	9.230826
96.88	9.232394
96.9	9.23346
96.92	9.234057
96.94	9.233709
96.96	9.234127
96.98	9.234487
97	9.234709
97.02	9.234804
97.04	9.237492
97.06	9.239388
97.08	9.241085
97.1	9.242636
97.12	9.244129
97.14	9.245558
97.16	9.246922
97.18	9.24814
97.2	9.249295
97.22	9.25139
97.24	9.252325
97.26	9.253183
97.28	9.253914
97.3	9.254567
97.32	9.255138
97.34	9.255627
97.36	9.256031
97.38	9.25635
97.4	9.256581
97.42	9.256726
97.44	9.256783
97.46	9.256751
97.48	9.256417
97.5	9.256115
97.52	9.255722
97.54	9.255239
97.56	9.254207
97.58	9.252731
97.6	9.251054
97.62	9.249219
97.64	9.247238
97.66	9.245119
97.68	9.242862
97.7	9.240472
97.72	9.237948
97.74	9.235296
97.76	9.232494
97.78	9.229561
97.8	9.226502
97.82	9.223321
97.84	9.220003
97.86	9.216566
97.88	9.209308
97.9	9.205509
97.92	9.20158
97.94	9.197542
97.96	9.193379
97.98	9.189102
98	9.202354
98.02	9.215406
98.04	9.228434
98.06	9.241422
98.08	9.254304
98.1	9.266979
98.12	9.279095
98.14	9.29003
98.16	9.29961
98.18	9.22282
98.2	9.15504
98.22	9.102001
98.24	9.080082
98.26	9.072536
98.28	9.063744
98.3	9.05448
98.32	9.044936
98.34	9.035218
98.36	9.025248
98.38	9.01505
98.4	9.004696
98.42	8.994099
98.44	8.983282
98.46	8.972276
98.48	8.949665
98.5	8.938066
98.52	8.926291
98.54	8.914319
98.56	8.902179
98.58	8.889851
98.6	8.877359
98.62	8.864687
98.64	8.85186
98.66	8.838859
98.68	8.82571
98.7	8.812395
98.72	8.798943
98.74	8.785523
98.76	8.771984
98.78	8.744583
98.8	8.73073
98.82	8.716796
98.84	8.702759
98.86	8.688648
98.88	8.674441
98.9	8.660166
98.92	8.6458
98.94	8.631371
98.96	8.616859
98.98	8.602292
99	8.587647
99.02	8.572954
99.04	8.55819
99.06	8.543386
99.08	8.528518
99.1	8.513528
99.12	8.498564
99.14	8.483882
99.16	8.454342
99.18	8.439556
99.2	8.424751
99.22	8.409955
99.24	8.395145
99.26	8.380364
99.28	8.365529
99.3	8.350637
99.32	8.335815
99.34	8.320999
99.36	8.306207
99.38	8.276648
99.4	8.261887
99.42	8.247156
99.44	8.232433
99.46	8.217747
99.48	8.203444
99.5	8.189139
99.52	8.174701
99.54	8.16038
99.56	8.1461
99.58	8.13188
99.6	8.117555
99.62	8.103391
99.64	8.089159
99.66	8.060754
99.68	8.04666
99.7	8.032553
99.72	8.018516
99.74	8.004508
99.76	7.99055
99.78	7.976618
99.8	7.962735
99.82	7.935554
99.84	7.92208
99.86	7.908592
99.88	7.895134
99.9	7.881695
99.92	7.86829
99.94	7.841548
99.96	7.828207
99.98	7.814895
100	7.801594
100.02	7.788319
100.04	7.775052
100.06	7.748567
100.08	7.735346
100.1	7.722208
100.12	7.70892
100.14	7.695691
100.16	7.682705
100.18	7.656682
100.2	7.643638
100.22	7.630559
100.24	7.617454
100.26	7.604308
100.28	7.591129
100.3	7.577903
100.32	7.564636
100.34	7.551317
100.36	7.524526
100.38	7.511047
100.4	7.497504
100.42	7.483902
100.44	7.470228
100.46	7.456489
100.48	7.442673
100.5	7.428785
100.52	7.414815
100.54	7.400768
100.56	7.372386
100.58	7.358322
100.6	7.344277
100.62	7.330075
100.64	7.315679
100.66	7.301162
100.68	7.286499
100.7	7.271686
100.72	7.256714
100.74	7.241584
100.76	7.226287
100.78	7.210824
100.8	7.179376
100.82	7.163383
100.84	7.14721
100.86	7.130847
100.88	7.114295
100.9	7.097548
100.92	7.080606
100.94	7.063462
100.96	7.046115
100.98	7.02856
101	7.010797
101.02	6.992818
101.04	6.974625
101.06	6.956211
101.08	6.937577
101.1	6.918715
101.12	6.880307
101.14	6.860755
101.16	6.840966
101.18	6.82094
101.2	6.80067
101.22	6.780159
101.24	6.759399
101.26	6.738394
101.28	6.717135
101.3	6.695626
101.32	6.67386
101.34	6.651837
101.36	6.629553
101.38	6.60701
101.4	6.584201
101.42	6.561132
101.44	6.53779
101.46	6.514181
101.48	6.490299
101.5	6.466146
101.52	6.441717
101.54	6.39203
101.56	6.366769
101.58	6.341226
101.6	6.315403
101.62	6.289295
101.64	6.262904
101.66	6.236225
101.68	6.209261
101.7	6.182006
101.72	6.154466
101.74	6.126632
101.76	6.098511
101.78	6.070097
101.8	6.041396
101.82	6.012397
101.84	5.98311
101.86	5.953526
101.88	5.923652
101.9	5.893468
101.92	5.862989
101.94	5.832212
101.96	5.769769
101.98	5.738102
102	5.706136
102.02	5.673874
102.04	5.641313
102.06	5.608457
102.08	5.575302
102.1	5.541852
102.12	5.508105
102.14	5.474064
102.16	5.439726
102.18	5.405097
102.2	5.370172
102.22	5.334957
102.24	5.299448
102.26	5.263651
102.28	5.227564
102.3	5.191191
102.32	5.154531
102.34	5.080362
102.36	5.042857
102.38	5.005072
102.4	4.967014
102.42	4.928679
102.44	4.890077
102.46	4.851203
102.48	4.812068
102.5	4.772669
102.52	4.733014
102.54	4.693101
102.56	4.652941
102.58	4.613052
102.6	4.572893
102.62	4.532537
102.64	4.492007
102.66	4.451306
102.68	4.410444
102.7	4.328246
102.72	4.286919
102.74	4.24545
102.76	4.203842
102.78	4.162104
102.8	4.120236
102.82	4.078252
102.84	4.036153
102.86	3.993947
102.88	3.951644
102.9	3.909254
102.92	3.86678
102.94	3.824236
102.96	3.781627
102.98	3.696263
103	3.653527
103.02	3.610771
103.04	3.569091
103.06	3.527322
103.08	3.485324
103.1	3.443451
103.12	3.401675
103.14	3.360181
103.16	3.318776
103.18	3.277426
103.2	3.235991
103.22	3.194962
103.24	3.154225
103.26	3.113328
103.28	3.072765
103.3	3.032453
103.32	2.992393
103.34	2.913095
103.36	2.873903
103.38	2.835048
103.4	2.796557
103.42	2.75945
103.44	2.722726
103.46	2.686456
103.48	2.650677
103.5	2.615418
103.52	2.580706
103.54	2.546727
103.56	2.513051
103.58	2.48014
103.6	2.447898
103.62	2.416392
103.64	2.38563
103.66	2.355648
103.68	2.326485
103.7	2.298178
103.72	2.270769
103.74	2.244298
103.76	2.218808
103.78	2.170939
103.8	2.150425
103.82	2.130569
103.84	2.11109
103.86	2.093113
103.88	2.076397
103.9	2.060878
103.92	2.046651
103.94	2.033704
103.96	2.022062
103.98	2.011749
104	2.002788
104.02	1.995198
104.04	1.988997
104.06	1.984201
104.08	1.980821
104.1	1.978867
104.12	1.978344
104.14	1.979257
104.16	1.985386
104.18	1.990593
104.2	1.998563
104.22	2.007452
104.24	2.017517
104.26	2.02879
104.28	2.041257
104.3	2.054895
104.32	2.069676
104.34	2.085573
104.36	2.102557
104.38	2.120598
104.4	2.139666
104.42	2.15973
104.44	2.202729
104.46	2.225602
104.48	2.24935
104.5	2.273943
104.52	2.299353
104.54	2.325551
104.56	2.352507
104.58	2.380196
104.6	2.40859
104.62	2.437662
104.64	2.467389
104.66	2.498257
104.68	2.529467
104.7	2.56108
104.72	2.593091
104.74	2.625483
104.76	2.658241
104.78	2.691346
104.8	2.724783
104.82	2.792588
104.84	2.826928
104.86	2.861543
104.88	2.89642
104.9	2.931547
104.92	2.966913
104.94	3.00251
104.96	3.038326
104.98	3.074353
105	3.110583
105.02	3.147007
105.04	3.183619
105.06	3.220411
105.08	3.257377
105.1	3.294512
105.12	3.331809
105.14	3.369263
105.16	3.406871
105.18	3.444627
105.2	3.482527
105.22	3.558747
105.24	3.597059
105.26	3.635503
105.28	3.674076
105.3	3.712776
105.32	3.7516
105.34	3.790547
105.36	3.829615
105.38	3.868803
105.4	3.908109
105.42	3.947533
105.44	3.987074
105.46	4.026731
105.48	4.066503
105.5	4.106234
105.52	4.145951
105.54	4.185669
105.56	4.225392
105.58	4.265123
105.6	4.304866
105.62	4.384403
105.64	4.424202
105.66	4.464028
105.68	4.503884
105.7	4.543773
105.72	4.5837
105.74	4.663681
105.76	4.703744
105.78	4.743862
105.8	4.784242
105.82	4.824418
105.84	4.86411
105.86	4.943911
105.88	4.983989
105.9	5.024501
105.92	5.065162
105.94	5.105994
105.96	5.147006
105.98	5.188198
106	5.271133
106.02	5.312881
106.04	5.354819
106.06	5.396949
106.08	5.439272
106.1	5.481791
106.12	5.524509
106.14	5.567427
106.16	5.610548
106.18	5.653873
106.2	5.697406
106.22	5.741148
106.24	5.785102
106.26	5.82927
106.28	5.873654
106.3	5.918257
106.32	6.008127
106.34	6.053399
106.36	6.098898
106.38	6.144628
106.4	6.190588
106.42	6.236784
106.44	6.283217
106.46	6.329889
106.48	6.423959
106.5	6.453285
106.52	6.488906
106.54	6.526885
106.56	6.565264
106.58	6.606525
106.6	6.654323
106.62	6.736125
106.64	6.767663
106.66	6.849824
106.68	6.960548
106.7	6.989567
106.72	7.070945
106.74	7.11609
106.76	7.170364
106.78	7.226661
106.8	7.282727
106.82	7.335544
106.84	7.386158
106.86	7.436212
106.88	7.535673
106.9	7.585157
106.92	7.634479
106.94	7.683639
106.96	7.732635
106.98	7.781464
107	7.830125
107.02	7.878617
107.04	7.975084
107.06	8.023057
107.08	8.071294
107.1	8.119309
107.12	8.167152
107.14	8.214832
107.16	8.262346
107.18	8.309692
107.2	8.35687
107.22	8.403874
107.24	8.450807
107.26	8.497609
107.28	8.544019
107.3	8.590208
107.32	8.636266
107.34	8.630806
107.36	8.617167
107.38	8.608935
107.4	8.599762
107.42	8.589648
107.44	8.580889
107.46	8.576117
107.48	8.571464
107.5	8.566462
107.52	8.561169
107.54	8.555761
107.56	8.549996
107.58	8.54384
107.6	8.537691
107.62	8.530985
107.64	8.524076
107.66	8.51711
107.68	8.509957
107.7	8.502579
107.72	8.48659
107.74	8.478325
107.76	8.469717
107.78	8.460823
107.8	8.451806
107.82	8.442448
107.84	8.432801
107.86	8.423027
107.88	8.412912
107.9	8.402509
107.92	8.391973
107.94	8.381096
107.96	8.369929
107.98	8.358627
108	8.335051
108.02	8.322977
108.04	8.310563
108.06	8.297857
108.08	8.285008
108.1	8.271819
108.12	8.258337
108.14	8.244708
108.16	8.230741
108.18	8.216478
108.2	8.202066
108.22	8.187316
108.24	8.172272
108.26	8.141536
108.28	8.125546
108.3	8.109722
108.32	8.093243
108.34	8.076707
108.36	8.060017
108.38	8.04277
108.4	8.025337
108.42	8.007569
108.44	7.989501
108.46	7.971066
108.48	7.952474
108.5	7.933547
108.52	7.89493
108.54	7.875181
108.56	7.855234
108.58	7.834926
108.6	7.814348
108.62	7.793471
108.64	7.772323
108.66	7.729452
108.68	7.707433
108.7	7.685134
108.72	7.662532
108.74	7.639651
108.76	7.616467
108.78	7.569232
108.8	7.54518
108.82	7.520822
108.84	7.49618
108.86	7.47123
108.88	7.445995
108.9	7.420452
108.92	7.39462
108.94	7.368481
108.96	7.342052
108.98	7.315313
109	7.260943
109.02	7.233363
109.04	7.205597
109.06	7.177436
109.08	7.148994
109.1	7.120266
109.12	7.091233
109.14	7.061884
109.16	7.032237
109.18	7.002292
109.2	6.972034
109.22	6.941477
109.24	6.910607
109.26	6.879438
109.28	6.847955
109.3	6.816171
109.32	6.784073
109.34	6.718962
109.36	6.685947
109.38	6.652618
109.4	6.619002
109.42	6.585255
109.44	6.551089
109.46	6.516648
109.48	6.481924
109.5	6.446903
109.52	6.411569
109.54	6.375932
109.56	6.33998
109.58	6.303725
109.6	6.267156
109.62	6.230283
109.64	6.193213
109.66	6.155853
109.68	6.118139
109.7	6.080136
109.72	6.041719
109.74	5.963969
109.76	5.924636
109.78	5.884992
109.8	5.845047
109.82	5.804793
109.84	5.764238
109.86	5.723376
109.88	5.682214
109.9	5.640745
109.92	5.598979
109.94	5.556907
109.96	5.514643
109.98	5.472048
110	5.429182
110.02	5.386007
110.04	5.342572
110.06	5.298738
110.08	5.254579
110.1	5.210134
110.12	5.165408
110.14	5.12039
110.16	5.075219
110.18	5.029664
110.2	4.983828
110.22	4.937644
110.24	4.844514
110.26	4.797539
110.28	4.750287
110.3	4.702764
110.32	4.65497
110.34	4.606908
110.36	4.558583
110.38	4.509996
110.4	4.461152
110.42	4.412052
110.44	4.362702
110.46	4.313106
110.48	4.263266
110.5	4.162875
110.52	4.112333
110.54	4.061568
110.56	4.010584
110.58	3.95948
110.6	3.908128
110.62	3.856524
110.64	3.8047
110.66	3.752761
110.68	3.700575
110.7	3.648248
110.72	3.595877
110.74	3.543267
110.76	3.437561
110.78	3.384903
110.8	3.33223
110.82	3.279533
110.84	3.226787
110.86	3.173997
110.88	3.121176
110.9	3.068342
110.92	3.015511
110.94	2.962703
110.96	2.909938
110.98	2.857239
111	2.804629
111.02	2.699784
111.04	2.647519
111.06	2.595547
111.08	2.543818
111.1	2.492368
111.12	2.441238
111.14	2.39048
111.16	2.275078
111.18	2.576062
111.2	2.222305
111.22	2.555501
111.24	2.136388
111.26	2.045931
111.28	2.416284
111.3	1.957783
111.32	2.34594
111.34	1.874036
111.36	2.280376
111.38	1.795866
111.4	1.724352
111.42	2.16848
111.44	1.660863
111.46	2.122841
111.48	1.607216
111.5	2.086697
111.52	1.56399
111.54	2.058037
111.56	1.531576
111.58	1.51125
111.6	2.029264
111.62	1.503587
111.64	2.029192
111.66	1.509063
111.68	2.039052
111.7	1.527874
111.72	2.058818
111.74	1.55971
111.76	2.088372
111.78	1.604034
111.8	2.127488
111.82	1.660079
111.84	1.726928
111.86	2.232973
111.88	1.803597
111.9	2.298431
111.92	1.889099
111.94	2.371681
111.96	1.982489
111.98	2.452188
112	2.082898
112.02	2.539416
112.04	2.189543
112.06	2.633928
112.08	2.301538
112.1	2.731851
112.12	2.418631
112.14	2.836902
112.16	2.540004
112.18	2.94626
112.2	2.664895
112.22	3.059638
112.24	2.79296
112.26	2.923902
112.28	3.29723
112.3	3.057463
112.32	3.420895
112.34	3.193424
112.36	3.547488
112.38	3.331596
112.4	3.676801
112.42	3.471815
112.44	3.808651
112.46	3.613944
112.48	3.75786
112.5	4.079324
112.52	3.90346
112.54	4.217873
112.56	4.050652
112.58	4.358404
112.6	4.199357
112.62	4.500813
112.64	4.349763
112.66	4.647419
112.68	4.789704
112.7	4.65141
112.72	4.935471
112.74	4.803993
112.76	5.083176
112.78	4.957686
112.8	5.231939
112.82	5.112875
112.84	5.382707
112.86	5.269076
112.88	5.502179
112.9	5.425839
112.92	5.655709
112.94	5.583434
112.96	5.741865
112.98	5.965729
113	5.90113
113.02	6.122208
113.04	6.061222
113.06	6.308441
113.08	6.222139
113.1	6.466204
113.12	6.383876
113.14	6.624931
113.16	6.546434
113.18	6.784612
113.2	6.709809
113.22	6.945238
113.24	6.874001
113.26	7.03901
113.28	7.265799
113.3	7.204838
113.32	7.429203
113.34	7.371485
113.36	7.593528
113.38	7.538953
113.4	7.758769
113.42	7.707244
113.44	7.899158
113.46	7.87636
113.48	8.066771
113.5	8.235276
113.52	8.217081
113.54	8.404675
113.56	8.388691
113.58	8.574965
113.6	8.56114
113.62	8.770602
113.64	8.73443
113.66	8.942221
113.68	8.908566
113.7	9.114748
113.72	9.083551
113.74	9.199907
113.76	9.176687
113.78	9.173343
113.8	9.169512
113.82	9.165181
113.84	9.16034
113.86	9.154986
113.88	9.149119
113.9	9.142745
113.92	9.135874
113.94	9.12852
113.96	9.120706
113.98	9.112455
114	9.094778
114.02	9.085427
114.04	9.075794
114.06	9.065932
114.08	9.055896
114.1	9.04575
114.12	9.03556
114.14	9.025399
114.16	9.015347
114.18	9.005486
114.2	8.995908
114.22	8.977979
114.24	8.985918
114.26	8.996134
114.28	9.004199
114.3	9.01198
114.32	9.01983
114.34	9.027832
114.36	9.03605
114.38	9.063502
114.4	9.061287
114.42	9.058958
114.44	9.056122
114.46	9.052698
114.48	9.048681
114.5	9.04409
114.52	9.038945
114.54	9.033299
114.56	9.029008
114.58	9.025449
114.6	9.019004
114.62	9.015995
114.64	9.013123
114.66	9.010371
114.68	9.00776
114.7	9.005289
114.72	9.002946
114.74	9.000401
114.76	8.997614
114.78	8.994544
114.8	8.991579
114.82	8.976003
114.84	8.975671
114.86	8.972523
114.88	8.96898
114.9	8.953653
114.92	8.940992
114.94	8.96169
114.96	8.985353
114.98	9.011142
115	9.062558
115.02	9.087331
115.04	9.111047
115.06	9.133409
115.08	9.154131
115.1	9.172955
115.12	9.098648
115.14	9.027717
115.16	8.960559
115.18	8.897585
115.2	8.839222
115.22	8.7859
115.24	8.748958
115.26	8.737281
115.28	8.724674
115.3	8.711628
115.32	8.698276
115.34	8.68462
115.36	8.670691
115.38	8.641981
115.4	8.627207
115.42	8.612173
115.44	8.596859
115.46	8.581291
115.48	8.565449
115.5	8.549361
115.52	8.533005
115.54	8.51641
115.56	8.499553
115.58	8.482465
115.6	8.465622
115.62	8.448476
115.64	8.431121
115.66	8.413541
115.68	8.395771
115.7	8.377785
115.72	8.359615
115.74	8.341234
115.76	8.322675
115.78	8.304054
115.8	8.285115
115.82	8.265914
115.84	8.227068
115.86	8.207393
115.88	8.187527
115.9	8.167506
115.92	8.147303
115.94	8.126951
115.96	8.106422
115.98	8.085752
116	8.06491
116.02	8.044543
116.04	8.024099
116.06	8.003364
116.08	7.982339
116.1	7.961258
116.12	7.940218
116.14	7.918826
116.16	7.897295
116.18	7.875841
116.2	7.854149
116.22	7.810345
116.24	7.788224
116.26	7.765909
116.28	7.74351
116.3	7.721026
116.32	7.698416
116.34	7.675717
116.36	7.652807
116.38	7.6299
116.4	7.607471
116.42	7.584816
116.44	7.56206
116.46	7.539178
116.48	7.516218
116.5	7.493136
116.52	7.469978
116.54	7.446702
116.56	7.423349
116.58	7.39988
116.6	7.37625
116.62	7.352398
116.64	7.328664
116.66	7.304819
116.68	7.256777
116.7	7.232828
116.72	7.208643
116.74	7.184463
116.76	7.160391
116.78	7.13646
116.8	7.112361
116.82	7.088224
116.84	7.063965
116.86	7.039622
116.88	7.015146
116.9	6.990582
116.92	6.965884
116.94	6.941096
116.96	6.916173
116.98	6.891159
117	6.866008
117.02	6.840765
117.04	6.815384
117.06	6.789909
117.08	6.764297
117.1	6.712743
117.12	6.686801
117.14	6.660941
117.16	6.634816
117.18	6.608407
117.2	6.58193
117.22	6.555274
117.24	6.529142
117.26	6.502681
117.28	6.476049
117.3	6.44922
117.32	6.422244
117.34	6.395072
117.36	6.340228
117.38	6.312552
117.4	6.284674
117.42	6.256637
117.44	6.228394
117.46	6.199989
117.48	6.171375
117.5	6.142596
117.52	6.113605
117.54	6.084444
117.56	6.05507
117.58	6.025524
117.6	5.995761
117.62	5.965824
117.64	5.935668
117.66	5.905335
117.68	5.874783
117.7	5.84405
117.72	5.813097
117.74	5.781961
117.76	5.719062
117.78	5.687297
117.8	5.655258
117.82	5.622896
117.84	5.590536
117.86	5.558292
117.88	5.52568
117.9	5.492798
117.92	5.459609
117.94	5.426159
117.96	5.3924
117.98	5.358376
118	5.324039
118.02	5.289434
118.04	5.254515
118.06	5.219322
118.08	5.183812
118.1	5.148026
118.12	5.11192
118.14	5.075537
118.16	5.038831
118.18	5.001846
118.2	4.964537
118.22	4.889032
118.24	4.850835
118.26	4.812335
118.28	4.773531
118.3	4.734425
118.32	4.695015
118.34	4.655303
118.36	4.61529
118.38	4.574961
118.4	4.534346
118.42	4.493434
118.44	4.452225
118.46	4.41072
118.48	4.368923
118.5	4.326835
118.52	4.284459
118.54	4.241797
118.56	4.198852
118.58	4.155629
118.6	4.11213
118.62	4.06836
118.64	4.024324
118.66	3.980026
118.68	3.935471
118.7	3.890665
118.72	3.800326
118.74	3.754808
118.76	3.709066
118.78	3.66311
118.8	3.61695
118.82	3.570594
118.84	3.524054
118.86	3.477341
118.88	3.430467
118.9	3.383446
118.92	3.336292
118.94	3.289302
118.96	3.242333
118.98	3.195414
119	3.148568
119.02	3.101819
119.04	3.055195
119.06	3.008722
119.08	2.96243
119.1	2.916353
119.12	2.870523
119.14	2.824978
119.16	2.651705
119.18	2.367003
119.2	2.246614
119.22	2.622048
119.24	2.200084
119.26	2.615213
119.28	2.108893
119.3	2.53967
119.32	2.011753
119.34	2.44454
119.36	1.933359
119.38	2.395243
119.4	1.865004
119.42	2.342444
119.44	1.800603
119.46	2.292827
119.48	1.741719
119.5	2.247976
119.52	1.689099
119.54	1.643324
119.56	2.174449
119.58	1.604925
119.6	1.58928
119.62	1.575213
119.64	1.563126
119.66	1.553553
119.68	1.546136
119.7	1.540316
119.72	1.53901
119.74	1.541515
119.76	1.543104
119.78	1.547735
119.8	1.554858
119.82	1.564189
119.84	1.575629
119.86	1.589112
119.88	1.604575
119.9	1.641173
119.92	1.662164
119.94	1.684851
119.96	1.70916
119.98	1.735014
120	1.762339
120.02	1.791061
120.04	1.821108
120.06	1.852965
120.08	1.886516
120.1	1.921486
120.12	1.957523
120.14	1.994506
120.16	2.032371
120.18	2.071026
120.2	2.110439
120.22	2.150552
120.24	2.191232
120.26	2.232596
120.28	2.27452
120.3	2.316964
120.32	2.359888
120.34	2.403258
120.36	2.447042
120.38	2.536209
120.4	2.581632
120.42	2.627489
120.44	2.673369
120.46	2.719699
120.48	2.766227
120.5	2.812887
120.52	2.859652
120.54	2.906501
120.56	2.953366
120.58	3.000335
120.6	3.047342
120.62	3.094373
120.64	3.141416
120.66	3.188459
120.68	3.235491
120.7	3.282501
120.72	3.32948
120.74	3.37642
120.76	3.423311
120.78	3.471396
120.8	3.518883
120.82	3.613173
120.84	3.660044
120.86	3.706733
120.88	3.753231
120.9	3.799533
120.92	3.845634
120.94	3.891528
120.96	3.93721
120.98	3.982676
121	4.02792
121.02	4.072938
121.04	4.117728
121.06	4.162284
121.08	4.206598
121.1	4.251132
121.12	4.295315
121.14	4.339158
121.16	4.382652
121.18	4.425801
121.2	4.511035
121.22	4.553106
121.24	4.594806
121.26	4.636009
121.28	4.676863
121.3	4.717385
121.32	4.757546
121.34	4.797334
121.36	4.83675
121.38	4.875787
121.4	4.914448
121.42	4.952727
121.44	4.990626
121.46	5.02814
121.48	5.065271
121.5	5.102391
121.52	5.138892
121.54	5.17488
121.56	5.210374
121.58	5.245378
121.6	5.27989
121.62	5.347433
121.64	5.380461
121.66	5.412993
121.68	5.445026
121.7	5.476561
121.72	5.507594
121.74	5.538126
121.76	5.721859
121.78	5.597372
121.8	5.803246
121.82	5.753737
121.84	5.862739
121.86	5.807438
121.88	5.916305
121.9	5.856009
121.92	5.899886
121.94	6.007361
121.96	5.7046
121.98	6.019476
122	5.832931
122.02	6.244899
122.04	5.899353
122.06	6.335483
122.08	5.950278
122.1	6.388499
122.12	6.432491
122.14	6.464992
122.16	6.495899
122.18	6.525205
122.2	6.552907
122.22	6.579008
122.24	6.60352
122.26	6.626457
122.28	6.647841
122.3	6.6677
122.32	6.686066
122.34	6.272845
122.36	6.632638
122.38	6.297359
122.4	6.311112
122.42	6.324152
122.44	6.336254
122.46	6.347717
122.48	6.358587
122.5	6.368878
122.52	6.378592
122.54	6.387728
122.56	6.39629
122.58	6.404277
122.6	6.41169
122.62	6.418528
122.64	6.424793
122.66	6.430484
122.68	6.435605
122.7	6.440154
122.72	6.44754
122.74	6.450379
122.76	6.452649
122.78	6.45435
122.8	6.455487
122.82	6.456059
122.84	6.456065
122.86	6.455506
122.88	6.454387
122.9	6.452705
122.92	6.450462
122.94	6.447661
122.96	6.444302
122.98	6.440385
123	6.435915
123.02	6.425307
123.04	6.419177
123.06	6.412497
123.08	6.405266
123.1	6.397492
123.12	6.389171
123.14	6.380306
123.16	6.496922
123.18	6.650835
123.2	6.838636
123.22	6.822315
123.24	6.804144
123.26	6.784147
123.28	6.762352
123.3	6.738798
123.32	6.713524
123.34	6.686579
123.36	6.658017
123.38	6.627898
123.4	6.596291
123.42	6.528921
123.44	6.493332
123.46	6.456602
123.48	6.418841
123.5	6.380165
123.52	6.340702
123.54	6.300588
123.56	6.25997