0.02	3.153344
0.04	3.05821
0.06	2.952331
0.08	2.835244
0.1	2.706893
0.12	2.567413
0.14	2.826172
0.16	2.412984
0.18	2.236429
0.2	2.584383
0.22	2.057739
0.24	2.437964
0.26	1.879999
0.28	2.288437
0.3	1.707997
0.32	2.138753
0.34	2.09828
0.36	1.56327
0.38	2.093581
0.4	1.566614
0.42	2.110299
0.44	1.619927
0.46	2.162849
0.48	1.721633
0.5	2.251943
0.52	1.864691
0.54	2.374233
0.56	2.040645
0.58	2.526602
0.6	2.242379
0.62	2.700161
0.64	2.465346
0.66	2.702411
0.68	3.110765
0.7	2.949133
0.72	3.334796
0.74	3.202547
0.76	3.586575
0.78	3.425367
0.8	3.797598
0.82	3.644478
0.84	4.003563
0.86	3.864706
0.88	4.215945
0.9	4.085257
0.92	4.423287
0.94	4.301927
0.96	4.62599
0.98	4.515078
1	4.824531
1.02	5.036716
1.04	4.951609
1.06	5.246876
1.08	5.1718
1.1	5.460139
1.12	5.392447
1.14	5.67371
1.16	5.612846
1.18	5.887485
1.2	5.832897
1.22	6.101324
1.24	6.052509
1.26	6.315101
1.28	6.271458
1.3	6.528414
1.32	6.489821
1.34	6.74174
1.36	6.707693
1.38	6.954711
1.4	7.167253
1.42	7.141035
1.44	7.380854
1.46	7.355269
1.48	7.589708
1.5	7.565928
1.52	7.79406
1.54	7.776118
1.56	8.002008
1.58	7.987158
1.6	8.209622
1.62	8.197274
1.64	8.416488
1.66	8.406398
1.68	8.622498
1.7	8.614494
1.72	8.827606
1.74	8.713565
1.76	8.708735
1.78	8.703082
1.8	8.689233
1.82	8.681011
1.84	8.671916
1.86	8.661948
1.88	8.651112
1.9	8.639417
1.92	8.626878
1.94	8.613518
1.96	8.608603
1.98	8.607931
2	8.607211
2.02	8.606221
2.04	8.60503
2.06	8.603548
2.08	8.601859
2.1	8.599878
2.12	8.597688
2.14	8.595204
2.16	8.592511
2.18	8.589525
2.2	8.586328
2.22	8.579134
2.24	8.575137
2.26	8.570928
2.28	8.566423
2.3	8.561706
2.32	8.556693
2.34	8.551467
2.36	8.545945
2.38	8.540209
2.4	8.534177
2.42	8.52793
2.44	8.521389
2.46	8.51463
2.48	8.507577
2.5	8.499884
2.52	8.492239
2.54	8.484405
2.56	8.476182
2.58	8.467605
2.6	8.449475
2.62	8.439938
2.64	8.430131
2.66	8.419986
2.68	8.409569
2.7	8.398811
2.72	8.387779
2.74	8.376406
2.76	8.364755
2.78	8.35276
2.8	8.340486
2.82	8.327866
2.84	8.314964
2.86	8.301717
2.88	8.288184
2.9	8.274303
2.92	8.260137
2.94	8.245621
2.96	8.230816
2.98	8.21566
3	8.200214
3.02	8.184416
3.04	8.168325
3.06	8.151882
3.08	8.135144
3.1	8.118052
3.12	8.08292
3.14	8.064878
3.16	8.046481
3.18	8.027784
3.2	8.00873
3.22	7.989375
3.24	7.969661
3.26	7.949646
3.28	7.929271
3.3	7.908592
3.32	7.887554
3.34	7.866211
3.36	7.844507
3.38	7.822497
3.4	7.800126
3.42	7.777201
3.44	7.730224
3.46	7.706264
3.48	7.681816
3.5	7.657018
3.52	7.631801
3.54	7.606205
3.56	7.553778
3.58	7.526945
3.6	7.499725
3.62	7.472076
3.64	7.444038
3.66	7.386708
3.68	7.357413
3.7	7.327725
3.72	7.2976
3.74	7.267081
3.76	7.204768
3.78	7.172974
3.8	7.140779
3.82	7.108144
3.84	7.075107
3.86	7.041628
3.88	6.973417
3.9	6.938684
3.92	6.903506
3.94	6.86792
3.96	6.831889
3.98	6.795447
4	6.758559
4.02	6.721259
4.04	6.64535
4.06	6.60674
4.08	6.567715
4.1	6.52824
4.12	6.488348
4.14	6.448007
4.16	6.407248
4.18	6.366277
4.2	6.325036
4.22	6.283407
4.24	6.241434
4.26	6.199081
4.28	6.156384
4.3	6.069871
4.32	6.026073
4.34	5.981915
4.36	5.937396
4.38	5.892518
4.4	5.84728
4.42	5.801683
4.44	5.755728
4.46	5.709415
4.48	5.615719
4.5	5.568336
4.52	5.520598
4.54	5.472505
4.56	5.424059
4.58	5.375259
4.6	5.326107
4.62	5.276604
4.64	5.22675
4.66	5.176547
4.68	5.125995
4.7	5.075096
4.72	5.02385
4.74	4.97226
4.76	4.920326
4.78	4.86805
4.8	4.762477
4.82	4.709184
4.84	4.655554
4.86	4.601591
4.88	4.547296
4.9	4.49267
4.92	4.437717
4.94	4.383768
4.96	4.328832
4.98	4.289888
5	4.250712
5.02	4.211163
5.04	4.171103
5.06	4.039944
5.08	3.972158
5.1	3.902972
5.12	3.832452
5.14	3.760684
5.16	3.687772
5.18	3.632778
5.2	3.530102
5.22	3.477093
5.24	3.422888
5.26	3.367433
5.28	3.310688
5.3	3.25262
5.32	3.193212
5.34	3.429037
5.36	3.575885
5.38	3.738323
5.4	3.913891
5.42	4.100431
5.44	4.296095
5.46	4.499315
5.48	4.708786
5.5	4.923423
5.52	4.35532
5.54	3.840286
5.56	3.307466
5.58	2.843927
5.6	2.129087
5.62	2.126992
5.64	2.36103
5.66	2.079937
5.68	2.351885
5.7	2.399789
5.72	2.452526
5.74	2.518556
5.76	2.579171
5.78	2.651845
5.8	2.71751
5.82	2.793719
5.84	2.939516
5.86	3.009153
5.88	2.820339
5.9	2.628235
5.92	2.430482
5.94	2.233556
5.96	2.033324
5.98	1.834354
6	1.635802
6.02	1.441065
6.04	1.31439
6.06	1.270389
6.08	1.110364
6.1	1.528844
6.12	1.154347
6.14	1.578928
6.16	1.622383
6.18	1.235559
6.2	1.658668
6.22	1.270447
6.24	1.687639
6.26	1.771233
6.28	1.852075
6.3	2.004814
6.32	2.076457
6.34	2.14482
6.36	2.209833
6.38	2.27144
6.4	2.329595
6.42	2.466319
6.44	2.545833
6.46	2.622825
6.48	2.69732
6.5	2.769354
6.52	2.838969
6.54	2.906211
6.56	2.971137
6.58	3.033808
6.6	3.09429
6.62	2.717278
6.64	2.108463
6.66	1.96551
6.68	2.100611
6.7	2.160779
6.72	2.445468
6.74	2.307328
6.76	2.593623
6.78	2.420097
6.8	2.551535
6.82	2.685008
6.84	2.644428
6.86	2.770779
6.88	2.73316
6.9	2.818791
6.92	2.930802
6.94	2.929061
6.96	3.050371
6.98	3.069802
7	3.099125
7.02	3.183331
7.04	3.210607
7.06	3.294282
7.08	3.321997
7.1	3.405144
7.12	3.433737
7.14	3.51638
7.16	3.545897
7.18	3.678924
7.2	3.657879
7.22	3.766952
7.24	3.893068
7.26	3.87731
7.28	4.004148
7.3	3.989031
7.32	4.113296
7.34	4.101246
7.36	4.207247
7.38	4.217358
7.4	4.324039
7.42	4.335967
7.44	4.441714
7.46	4.455209
7.48	4.560055
7.5	4.575017
7.52	4.678988
7.54	4.695351
7.56	4.818313
7.58	4.892373
7.6	4.942551
7.62	5.016314
7.64	5.067234
7.66	5.140673
7.68	5.192121
7.7	5.265202
7.72	5.317083
7.74	5.419912
7.76	5.526282
7.78	5.635676
7.8	5.747616
7.82	5.861667
7.84	5.977431
7.86	6.094547
7.88	6.212687
7.9	6.331556
7.92	6.301221
7.94	6.185672
7.96	6.106898
7.98	6.072502
8	6.247362
8.02	6.232223
8.04	6.421687
8.06	6.365852
8.08	6.556619
8.1	6.494241
8.12	6.666998
8.14	6.625737
8.16	6.796237
8.18	6.758622
8.2	6.927126
8.22	7.059016
8.24	7.02704
8.26	7.191751
8.28	7.1624
8.3	7.291692
8.32	7.436414
8.34	7.425213
8.36	7.571058
8.38	7.551292
8.4	7.693513
8.42	7.67628
8.44	7.814569
8.46	7.800621
8.48	7.93472
8.5	7.87479
8.52	8.069741
8.54	8.026877
8.56	8.228233
8.58	8.368758
8.6	8.306794
8.62	8.506372
8.64	8.446453
8.66	8.644751
8.68	8.587438
8.7	8.784196
8.72	8.729484
8.74	8.923755
8.76	8.793793
8.78	8.787179
8.8	8.78036
8.82	8.773327
8.84	8.766074
8.86	8.758604
8.88	8.750922
8.9	8.743041
8.92	8.741879
8.94	8.760761
8.96	8.779175
8.98	8.796926
9	8.770794
9.02	8.771151
9.04	8.771406
9.06	8.771768
9.08	8.772382
9.1	8.772758
9.12	8.772001
9.14	8.771045
9.16	8.770156
9.18	8.769147
9.2	8.768212
9.22	8.767322
9.24	8.766541
9.26	8.765597
9.28	8.764789
9.3	8.763182
9.32	8.762457
9.34	8.76186
9.36	8.761092
9.38	8.76045
9.4	8.759959
9.42	8.759294
9.44	8.758765
9.46	8.758398
9.48	8.75785
9.5	8.757447
9.52	8.756796
9.54	8.756609
9.56	8.75665
9.58	8.756726
9.6	8.756814
9.62	8.756901
9.64	8.757054
9.66	8.75727
9.68	8.75766
9.7	8.757847
9.72	8.758205
9.74	8.758759
9.76	8.759109
9.78	8.759636
9.8	8.760361
9.82	8.760882
9.84	8.761584
9.86	8.762489
9.88	8.763186
9.9	8.764067
9.92	8.764988
9.94	8.76602
9.96	8.767074
9.98	8.769415
10	8.770703
10.02	8.772017
10.04	8.773437
10.06	8.774882
10.08	8.776391
10.1	8.778022
10.12	8.779654
10.14	8.781446
10.16	8.78328
10.18	8.785389
10.2	8.787442
10.22	8.789823
10.24	8.792072
10.26	8.794513
10.28	8.796728
10.3	8.799051
10.32	8.8015
10.34	8.803982
10.36	8.80656
10.38	8.809155
10.4	8.811852
10.42	8.814561
10.44	8.820196
10.46	8.823123
10.48	8.826057
10.5	8.829098
10.52	8.832145
10.54	8.835298
10.56	8.838456
10.58	8.84172
10.6	8.844987
10.62	8.848317
10.64	8.85174
10.66	8.855215
10.68	8.858661
10.7	8.862263
10.72	8.866043
10.74	8.869659
10.76	8.873566
10.78	8.877358
10.8	8.881289
10.82	8.885198
10.84	8.889137
10.86	8.893231
10.88	8.897075
10.9	8.901061
10.92	8.909115
10.94	8.91316
10.96	8.917361
10.98	8.921325
11	8.925419
11.02	8.929663
11.04	8.933674
11.06	8.937809
11.08	8.942087
11.1	8.946136
11.12	8.950337
11.14	8.954474
11.16	8.958666
11.18	8.962877
11.2	8.967201
11.22	8.971302
11.24	8.975542
11.26	8.979712
11.28	8.983931
11.3	8.988163
11.32	8.992498
11.34	9.000863
11.36	9.005034
11.38	9.009248
11.4	9.013472
11.42	9.017727
11.44	9.022032
11.46	9.026234
11.48	9.030385
11.5	9.034508
11.52	9.038593
11.54	9.042646
11.56	9.046749
11.58	9.050606
11.6	9.058356
11.62	9.06216
11.64	9.065906
11.66	9.069664
11.68	9.073283
11.7	9.07688
11.72	9.085008
11.74	9.092993
11.76	9.100801
11.78	9.09938
11.8	9.10657
11.82	9.104616
11.84	9.111227
11.86	9.108911
11.88	9.115023
11.9	9.112058
11.92	9.220654
11.94	9.124108
11.96	9.240808
11.98	9.12517
12	9.130648
12.02	9.24439
12.04	9.141107
12.06	9.143653
12.08	9.145389
12.1	9.147627
12.12	9.149879
12.14	9.152055
12.16	9.156227
12.18	9.158228
12.2	9.160107
12.22	9.161856
12.24	9.163579
12.26	9.165233
12.28	9.166806
12.3	9.1683
12.32	9.169763
12.34	9.171131
12.36	9.172417
12.38	9.173543
12.4	9.174641
12.42	9.17567
12.44	9.176621
12.46	9.177501
12.48	9.178296
12.5	9.179642
12.52	9.180191
12.54	9.180657
12.56	9.18104
12.58	9.181339
12.6	9.181554
12.62	9.273944
12.64	9.394762
12.66	9.390893
12.68	9.387115
12.7	9.382621
12.72	9.377268
12.74	9.371048
12.76	9.363986
12.78	9.356114
12.8	9.347472
12.82	9.338103
12.84	9.328054
12.86	9.317381
12.88	9.30614
12.9	9.294391
12.92	9.282205
12.94	9.256807
12.96	9.243756
12.98	9.230585
13	9.217386
13.02	9.204257
13.04	9.191299
13.06	9.187227
13.08	9.182796
13.1	9.178008
13.12	9.172865
13.14	9.167371
13.16	9.161537
13.18	9.155996
13.2	9.151078
13.22	9.134079
13.24	9.136263
13.26	9.135154
13.28	9.131907
13.3	9.126296
13.32	9.107123
13.34	9.093144
13.36	9.075971
13.38	9.055411
13.4	9.031278
13.42	9.087401
13.44	9.160783
13.46	9.250489
13.48	9.497633
13.5	9.629663
13.52	9.939133
13.54	9.557545
13.56	9.85811
13.58	9.478563
13.6	9.76962
13.62	9.647275
13.64	9.530356
13.66	9.419514
13.68	9.315424
13.7	9.13032
13.72	9.050751
13.74	8.980814
13.76	8.921247
13.78	8.872769
13.8	8.871982
13.82	8.881284
13.84	8.876667
13.86	8.868786
13.88	8.860189
13.9	8.851409
13.92	8.842552
13.94	8.833648
13.96	8.824701
13.98	8.815722
14	8.806713
14.02	8.797683
14.04	8.788632
14.06	8.779571
14.08	8.7705
14.1	8.76143
14.12	8.752363
14.14	8.743307
14.16	8.734266
14.18	8.725345
14.2	8.707837
14.22	8.699284
14.24	8.690771
14.26	8.682326
14.28	8.67401
14.3	8.665745
14.32	8.657423
14.34	8.649247
14.36	8.641184
14.38	8.633222
14.4	8.625361
14.42	8.61761
14.44	8.609968
14.46	8.602444
14.48	8.59504
14.5	8.587764
14.52	8.580618
14.54	8.573609
14.56	8.56741
14.58	8.560948
14.6	8.554747
14.62	8.548651
14.64	8.542641
14.66	8.530934
14.68	8.525363
14.7	8.519978
14.72	8.514767
14.74	8.50973
14.76	8.504871
14.78	8.500191
14.8	8.495694
14.82	8.491452
14.84	8.487275
14.86	8.483742
14.88	8.480323
14.9	8.477078
14.92	8.474018
14.94	8.471147
14.96	8.468462
14.98	8.465968
15	8.463664
15.02	8.461552
15.04	8.457895
15.06	8.456356
15.08	8.455007
15.1	8.453843
15.12	8.453032
15.14	8.452132
15.16	8.451875
15.18	8.451755
15.2	8.4518
15.22	8.452011
15.24	8.452389
15.26	8.452929
15.28	8.453632
15.3	8.454494
15.32	8.456689
15.34	8.458018
15.36	8.459498
15.38	8.46113
15.4	8.462908
15.42	8.464832
15.44	8.466899
15.46	8.469109
15.48	8.471839
15.5	8.474558
15.52	8.477357
15.54	8.480243
15.56	8.48322
15.58	8.48628
15.6	8.489426
15.62	8.495945
15.64	8.49931
15.66	8.502744
15.68	8.506238
15.7	8.509793
15.72	8.513402
15.74	8.517063
15.76	8.52077
15.78	8.524523
15.8	8.528314
15.82	8.532385
15.84	8.536382
15.86	8.54035
15.88	8.544287
15.9	8.548196
15.92	8.552066
15.94	8.555898
15.96	8.563418
15.98	8.567097
16	8.570719
16.02	8.574274
16.04	8.577763
16.06	8.581176
16.08	8.584513
16.1	8.587766
16.12	8.590936
16.14	8.594013
16.16	8.596998
16.18	8.599883
16.2	8.602667
16.22	8.605343
16.24	8.607911
16.26	8.610521
16.28	8.615067
16.3	8.617052
16.32	8.618848
16.34	8.620431
16.36	8.621831
16.38	8.62301
16.4	8.623998
16.42	8.624757
16.44	8.625316
16.46	8.625639
16.48	8.625751
16.5	8.625638
16.52	8.6247
16.54	8.623884
16.56	8.575146
16.58	8.524851
16.6	8.472648
16.62	8.418444
16.64	8.429373
16.66	8.476194
16.68	8.488746
16.7	8.538622
16.72	8.552095
16.74	8.604291
16.76	8.671897
16.78	8.685362
16.8	8.74026
16.82	8.759397
16.84	8.853668
16.86	8.873722
16.88	8.972071
16.9	8.920771
16.92	8.936427
16.94	8.864533
16.96	8.875559
16.98	8.80398
17	8.593721
17.02	8.432203
17.04	8.339485
17.06	8.354794
17.08	8.358843
17.1	8.358034
17.12	8.355839
17.14	8.353028
17.16	8.349767
17.18	8.341988
17.2	8.337477
17.22	8.332553
17.24	8.327218
17.26	8.32147
17.28	8.31531
17.3	8.308741
17.32	8.301756
17.34	8.294361
17.36	8.286557
17.38	8.278343
17.4	8.269718
17.42	8.260685
17.44	8.251239
17.46	8.241388
17.48	8.231133
17.5	8.220468
17.52	8.197922
17.54	8.166735
17.56	8.095326
17.58	8.030525
17.6	8.024928
17.62	8.015302
17.64	8.004483
17.66	7.993088
17.68	7.913031
17.7	7.849662
17.72	7.821786
17.74	7.81277
17.76	7.801866
17.78	7.806921
17.8	7.794251
17.82	7.797907
17.84	7.783226
17.86	7.785261
17.88	7.768367
17.9	7.7686
17.92	7.749332
17.94	7.74621
17.96	7.742463
17.98	7.738355
18	7.734156
18.02	7.737772
18.04	7.721211
18.06	7.6869
18.08	7.669691
18.1	7.652288
18.12	7.63472
18.14	7.61696
18.16	7.599027
18.18	7.580919
18.2	7.562648
18.22	7.544208
18.24	7.506856
18.26	7.487951
18.28	7.468895
18.3	7.449699
18.32	7.430359
18.34	7.410889
18.36	7.391285
18.38	7.37156
18.4	7.35171
18.42	7.33175
18.44	7.311675
18.46	7.291813
18.48	7.271854
18.5	7.251836
18.52	7.23178
18.54	7.211684
18.56	7.191561
18.58	7.171408
18.6	7.151237
18.62	7.131044
18.64	7.110844
18.66	7.090631
18.68	7.07042
18.7	7.030005
18.72	7.009812
18.74	6.989641
18.76	6.96949
18.78	6.949371
18.8	6.929283
18.82	6.909328
18.84	6.889686
18.86	6.870039
18.88	6.850581
18.9	6.831252
18.92	6.81201
18.94	6.792873
18.96	6.773839
18.98	6.754918
19	6.736108
19.02	6.71742
19.04	6.698851
19.06	6.662103
19.08	6.643931
19.1	6.625897
19.12	6.60801
19.14	6.590271
19.16	6.572728
19.18	6.555472
19.2	6.538577
19.22	6.521905
19.24	6.505429
19.26	6.489152
19.28	6.473054
19.3	6.457149
19.32	6.441438
19.34	6.425924
19.36	6.410609
19.38	6.395495
19.4	6.380583
19.42	6.365878
19.44	6.351378
19.46	6.337089
19.48	6.309146
19.5	6.295683
19.52	6.282562
19.54	6.269572
19.56	6.256938
19.58	6.244545
19.6	6.232373
19.62	6.220412
19.64	6.208664
19.66	6.197126
19.68	6.185884
19.7	6.17479
19.72	6.163709
19.74	6.152897
19.76	6.142322
19.78	6.131953
19.8	6.121787
19.82	6.111817
19.84	6.09267
19.86	6.08341
19.88	6.074497
19.9	6.065612
19.92	6.056997
19.94	6.048561
19.96	6.040277
19.98	6.032142
20	6.024145
20.02	6.016288
20.04	6.008562
20.06	6.000968
20.08	5.993497
20.1	5.98615
20.12	5.978918
20.14	5.971803
20.16	5.964794
20.18	5.957894
20.2	5.951094
20.22	5.937788
20.24	5.931273
20.26	5.924935
20.28	5.91877
20.3	5.912695
20.32	5.906651
20.34	5.900636
20.36	5.894635
20.38	5.888649
20.4	5.882666
20.42	5.876686
20.44	5.870697
20.46	5.864701
20.48	5.858685
20.5	5.85265
20.52	5.846585
20.54	5.84049
20.56	5.834355
20.58	5.828181
20.6	5.821956
20.62	5.815681
20.64	5.809345
20.66	5.80295
20.68	5.789951
20.7	5.783338
20.72	5.776647
20.74	5.769868
20.76	5.763002
20.78	5.756022
20.8	5.748964
20.82	5.715039
20.84	5.72239
20.86	5.689007
20.88	5.696717
20.9	5.660624
20.92	5.63557
20.94	5.610555
20.96	5.743184
20.98	5.558248
21	5.891548
21.02	5.513085
21.04	5.898746
21.06	5.872997
21.08	5.473877
21.1	5.842648
21.12	5.452234
21.14	5.808024
21.16	5.498016
21.18	5.769577
21.2	5.470845
21.22	5.72789
21.24	5.452675
21.26	5.447776
21.28	5.442681
21.3	5.437725
21.32	5.432893
21.34	5.428182
21.36	5.42359
21.38	5.419112
21.4	5.414745
21.42	5.410491
21.44	5.406342
21.46	5.398359
21.48	5.394519
21.5	5.390776
21.52	5.38713
21.54	5.383576
21.56	5.380115
21.58	5.376743
21.6	5.373457
21.62	5.370255
21.64	5.367138
21.66	5.364104
21.68	5.361147
21.7	5.355465
21.72	5.352737
21.74	5.350082
21.76	5.347497
21.78	5.344984
21.8	5.342539
21.82	5.340159
21.84	5.337846
21.86	5.335598
21.88	5.333414
21.9	5.33129
21.92	5.329228
21.94	5.327227
21.96	5.325283
21.98	5.323398
22	5.32157
22.02	5.3198
22.04	5.318086
22.06	5.314823
22.08	5.313272
22.1	5.311774
22.12	5.310331
22.14	5.30894
22.16	5.307602
22.18	5.306317
22.2	5.305084
22.22	5.303903
22.24	5.302773
22.26	5.301697
22.28	5.299698
22.3	5.298778
22.32	5.29791
22.34	5.297095
22.36	5.296334
22.38	5.295626
22.4	5.294972
22.42	5.294373
22.44	5.293829
22.46	5.293342
22.48	5.292912
22.5	5.292539
22.52	5.292225
22.54	5.29197
22.56	5.291777
22.58	5.291644
22.6	5.291575
22.62	5.291628
22.64	5.291753
22.66	5.291946
22.68	5.292207
22.7	5.29254
22.72	5.292943
22.74	5.293421
22.76	5.293974
22.78	5.294603
22.8	5.295311
22.82	5.296099
22.84	5.296969
22.86	5.297924
22.88	5.298964
22.9	5.300092
22.92	5.302621
22.94	5.304026
22.96	5.305528
22.98	5.307128
23	5.30883
23.02	5.310635
23.04	5.312545
23.06	5.314565
23.08	5.316695
23.1	5.318939
23.12	5.321299
23.14	5.323778
23.16	5.326378
23.18	5.329103
23.2	5.331954
23.22	5.334937
23.24	5.338051
23.26	5.341302
23.28	5.344691
23.3	5.348222
23.32	5.351898
23.34	5.355957
23.36	5.508076
23.38	5.701262
23.4	5.934219
23.42	6.169223
23.44	6.426419
23.46	6.702363
23.48	6.993984
23.5	7.298591
23.52	7.278857
23.54	7.256728
23.56	7.232248
23.58	7.205464
23.6	7.176433
23.62	7.145211
23.64	7.111864
23.66	7.076462
23.68	7.039081
23.7	6.999805
23.72	6.958723
23.74	6.915932
23.76	6.871537
23.78	6.825652
23.8	6.729908
23.82	6.680323
23.84	6.629794
23.86	6.578486
23.88	6.526574
23.9	6.474245
23.92	6.421701
23.94	6.369157
23.96	6.316841
23.98	6.264999
24	6.16379
24.02	6.114991
24.04	6.067801
24.06	6.022544
24.08	5.979562
24.1	5.939209
24.12	5.901856
24.14	5.867885
24.16	5.837691
24.18	5.80975
24.2	5.852086
24.22	5.8718
24.24	5.88661
24.26	5.90088
24.28	5.915022
24.3	5.929428
24.32	5.944141
24.34	5.959166
24.36	5.974513
24.38	5.990182
24.4	6.022508
24.42	6.039185
24.44	6.056186
24.46	6.073575
24.48	6.091249
24.5	6.109297
24.52	6.12778
24.54	6.146492
24.56	6.16565
24.58	6.185114
24.6	6.205554
24.62	6.22617
24.64	6.247013
24.66	6.268317
24.68	6.29001
24.7	6.312082
24.72	6.334531
24.74	6.357357
24.76	6.380559
24.78	6.404138
24.8	6.428093
24.82	6.452438
24.84	6.502248
24.86	6.527718
24.88	6.553565
24.9	6.579787
24.92	6.606386
24.94	6.633361
24.96	6.660711
24.98	6.688438
25	6.717076
25.02	6.745882
25.04	6.775012
25.06	6.804494
25.08	6.834332
25.1	6.864523
25.12	6.895066
25.14	6.925959
25.16	6.957197
25.18	6.988779
25.2	7.020701
25.22	7.052961
25.24	7.085489
25.26	7.150999
25.28	7.184287
25.3	7.217918
25.32	7.251878
25.34	7.28621
25.36	7.32088
25.38	7.355964
25.4	7.391293
25.42	7.426944
25.44	7.462877
25.46	7.499082
25.48	7.535553
25.5	7.572286
25.52	7.609276
25.54	7.646522
25.56	7.684017
25.58	7.72176
25.6	7.759747
25.62	7.797973
25.64	7.836436
25.66	7.875133
25.68	7.91406
25.7	7.953214
25.72	7.992592
25.74	8.072008
25.76	8.112041
25.78	8.152444
25.8	8.192971
25.82	8.233657
25.84	8.274508
25.86	8.315518
25.88	8.356688
25.9	8.398012
25.92	8.439488
25.94	8.481112
25.96	8.522882
25.98	8.564795
26	8.606847
26.02	8.649035
26.04	8.691358
26.06	8.733811
26.08	8.776394
26.1	8.861938
26.12	8.904894
26.14	8.947968
26.16	8.991162
26.18	9.034472
26.2	9.041384
26.22	9.046906
26.24	9.051772
26.26	9.056068
26.28	9.059847
26.3	9.063958
26.32	9.068588
26.34	9.073354
26.36	9.077999
26.38	9.082549
26.4	9.087052
26.42	9.09581
26.44	9.100085
26.46	9.10428
26.48	9.108381
26.5	9.112413
26.52	9.11636
26.54	9.120226
26.56	9.124009
26.58	9.126483
26.6	9.129583
26.62	9.133053
26.64	9.136645
26.66	9.116838
26.68	9.071651
26.7	9.046073
26.72	9.018388
26.74	8.988513
26.76	8.956369
26.78	8.921885
26.8	8.884995
26.82	8.845639
26.84	8.789172
26.86	8.749134
26.88	8.734304
26.9	8.716702
26.92	8.698276
26.94	8.660263
26.96	8.640778
26.98	8.620982
27	8.600882
27.02	8.590123
27.04	8.575645
27.06	8.593861
27.08	8.592547
27.1	8.572249
27.12	8.5876
27.14	8.565053
27.16	8.578824
27.18	8.565861
27.2	8.552009
27.22	8.537311
27.24	8.521818
27.26	8.505586
27.28	8.496083
27.3	8.621063
27.32	8.650027
27.34	8.791066
27.36	8.834313
27.38	8.906487
27.4	8.879735
27.42	8.952168
27.44	8.922171
27.46	8.994431
27.48	8.960825
27.5	9.032532
27.52	8.995
27.54	9.065823
27.56	9.024082
27.58	8.933409
27.6	8.756223
27.62	8.670321
27.64	8.58665
27.66	8.505557
27.68	8.427409
27.7	8.352589
27.72	8.281491
27.74	8.214532
27.76	8.157684
27.78	8.148605
27.8	8.131461
27.82	8.112286
27.84	8.092417
27.86	8.072175
27.88	8.051603
27.9	8.03068
27.92	8.009459
27.94	7.987927
27.96	7.966046
27.98	7.921368
28	7.898576
28.02	7.875435
28.04	7.852021
28.06	7.828291
28.08	7.804647
28.1	7.780685
28.12	7.756461
28.14	7.731971
28.16	7.707232
28.18	7.682232
28.2	7.656985
28.22	7.631478
28.24	7.605727
28.26	7.579719
28.28	7.553469
28.3	7.500218
28.32	7.473221
28.34	7.446051
28.36	7.41854
28.38	7.390855
28.4	7.362941
28.42	7.334801
28.44	7.306415
28.46	7.277802
28.48	7.248944
28.5	7.190539
28.52	7.160995
28.54	7.131212
28.56	7.101212
28.58	7.070977
28.6	7.040528
28.62	7.009848
28.64	6.978957
28.66	6.947839
28.68	6.916983
28.7	6.885851
28.72	6.854581
28.74	6.823133
28.76	6.759731
28.78	6.727777
28.8	6.695642
28.82	6.663348
28.84	6.630873
28.86	6.598243
28.88	6.565434
28.9	6.532473
28.92	6.499335
28.94	6.466047
28.96	6.432586
28.98	6.398977
29	6.365197
29.02	6.331272
29.04	6.297179
29.06	6.228546
29.08	6.194009
29.1	6.15931
29.12	6.124476
29.14	6.089483
29.16	6.05436
29.18	6.019082
29.2	5.983676
29.22	5.948694
29.24	5.913657
29.26	5.878321
29.28	5.842749
29.3	5.807217
29.32	5.771563
29.34	5.69994
29.36	5.663972
29.38	5.627881
29.4	5.591696
29.42	5.55539
29.44	5.518993
29.46	5.482475
29.48	5.445869
29.5	5.409144
29.52	5.372332
29.54	5.335405
29.56	5.298392
29.58	5.261266
29.6	5.224208
29.62	5.186954
29.64	5.149516
29.66	5.111984
29.68	5.036697
29.7	4.99911
29.72	4.961232
29.74	4.923841
29.76	4.886202
29.78	4.848584
29.8	4.810883
29.82	4.7731
29.84	4.735237
29.86	4.697293
29.88	4.659268
29.9	4.621162
29.92	4.582976
29.94	4.544711
29.96	4.506366
29.98	4.467942
30	4.42944
30.02	4.390861
30.04	4.352204
30.06	4.313472
30.08	4.235785
30.1	4.196835
30.12	4.157807
30.14	4.118712
30.16	4.07946
30.18	4.04023
30.2	4.000935
30.22	3.961577
30.24	3.922158
30.26	3.88268
30.28	3.843136
30.3	3.803548
30.32	3.763909
30.34	3.724128
30.36	3.684395
30.38	3.644622
30.4	3.60481
30.42	3.564965
30.44	3.486128
30.46	3.446571
30.48	3.406955
30.5	3.367286
30.52	3.327566
30.54	3.287799
30.56	3.247987
30.58	3.208133
30.6	3.168241
30.62	3.128315
30.64	3.08836
30.66	3.048379
30.68	3.008379
30.7	2.968365
30.72	2.928342
30.74	2.888319
30.76	2.848301
30.78	2.808298
30.8	2.768317
30.82	2.728368
30.84	2.648605
30.86	2.608814
30.88	2.5691
30.9	2.529477
30.92	2.489958
30.94	2.450561
30.96	2.411301
30.98	2.372198
31	2.333272
31.02	2.294543
31.04	2.256036
31.06	2.217774
31.08	2.179785
31.1	2.142097
31.12	2.104742
31.14	2.067755
31.16	1.99502
31.18	1.959355
31.2	1.924218
31.22	1.889654
31.24	1.855716
31.26	1.822458
31.28	1.789938
31.3	1.758218
31.32	1.727364
31.34	1.697445
31.36	1.668534
31.38	1.640709
31.4	1.614049
31.42	1.58864
31.44	1.541922
31.46	1.520793
31.48	1.459182
31.5	1.440036
31.52	1.417157
31.54	1.469732
31.56	1.482607
31.58	1.492857
31.6	1.500364
31.62	1.505031
31.64	1.506776
31.66	1.505532
31.68	1.501245
31.7	1.493872
31.72	1.483382
31.74	1.469755
31.76	1.45298
31.78	1.43306
31.8	1.410008
31.82	1.39114
31.84	1.379494
31.86	1.3697
31.88	1.350366
31.9	1.340587
31.92	1.330761
31.94	1.320736
31.96	1.310608
31.98	1.301054
32	1.291376
32.02	1.281583
32.04	1.271628
32.06	1.261515
32.08	1.25119
32.1	1.241804
32.12	1.232304
32.14	1.222694
32.16	1.212916
32.18	1.202992
32.2	1.18575
32.22	1.177042
32.24	1.168227
32.26	1.159346
32.28	1.153142
32.3	1.148399
32.32	1.144802
32.34	1.141552
32.36	1.138411
32.38	1.137473
32.4	1.13715
32.42	1.137102
32.44	1.138153
32.46	1.140453
32.48	1.144126
32.5	1.148332
32.52	1.154552
32.54	1.162318
32.56	1.171233
32.58	1.180028
32.6	1.188784
32.62	1.19747
32.64	1.207013
32.66	1.21834
32.68	1.238908
32.7	1.249518
32.72	1.259839
32.74	1.27156
32.76	1.282626
32.78	1.29354
32.8	1.304251
32.82	1.314939
32.84	1.325493
32.86	1.336064
32.88	1.346719
32.9	1.358483
32.92	1.369768
32.94	1.38044
32.96	1.391424
32.98	1.402037
33	1.41301
33.02	1.423694
33.04	1.434733
33.06	1.446142
33.08	1.457789
33.1	1.469657
33.12	1.481677
33.14	1.506217
33.16	1.518704
33.18	1.531291
33.2	1.544006
33.22	1.5568
33.24	1.569697
33.26	1.582651
33.28	1.595687
33.3	1.608759
33.32	1.621889
33.34	1.635058
33.36	1.648237
33.38	1.661446
33.4	1.67467
33.42	1.687879
33.44	1.7143
33.46	1.727472
33.48	1.740629
33.5	1.753757
33.52	1.766832
33.54	1.779873
33.56	1.792868
33.58	1.805795
33.6	1.81867
33.62	1.831484
33.64	1.814641
33.66	1.809948
33.68	1.807489
33.7	1.805295
33.72	1.80296
33.74	1.80039
33.76	1.797559
33.78	1.794452
33.8	1.791061
33.82	1.812474
33.84	1.831341
33.86	1.838815
33.88	1.846404
33.9	1.853404
33.92	1.860467
33.94	1.866922
33.96	1.878143
33.98	1.887037
34	1.895274
34.02	1.903183
34.04	1.910838
34.06	1.918235
34.08	1.925386
34.1	1.932279
34.12	1.938912
34.14	1.951505
34.16	1.95729
34.18	1.962663
34.2	1.967625
34.22	1.972182
34.24	1.976327
34.26	1.980059
34.28	1.983378
34.3	1.986286
34.32	1.988781
34.34	1.990862
34.36	1.992529
34.38	1.993783
34.4	1.994624
34.42	1.995052
34.44	1.995069
34.46	1.994676
34.48	1.993873
34.5	1.991046
34.52	1.989024
34.54	1.986601
34.56	1.983777
34.58	1.980538
34.6	1.972881
34.62	1.968467
34.64	1.96365
34.66	1.958452
34.68	1.952877
34.7	1.946927
34.72	1.933897
34.74	1.926824
34.76	1.919401
34.78	1.912737
34.8	1.905299
34.82	1.897548
34.84	1.889565
34.86	1.869342
34.88	1.853374
34.9	1.873202
34.92	1.905927
34.94	1.936783
34.96	1.965524
34.98	1.991938
35	2.015842
35.02	2.037091
35.04	2.055562
35.06	2.071156
35.08	2.083802
35.1	1.678562
35.12	1.591268
35.14	1.55663
35.16	1.614836
35.18	1.622073
35.2	1.618908
35.22	1.613412
35.24	1.605953
35.26	1.473466
35.28	1.522157
35.3	1.526614
35.32	1.521567
35.34	1.514358
35.36	1.506476
35.38	1.498222
35.4	1.489663
35.42	1.480816
35.44	1.485217
35.46	1.48656
35.48	1.802947
35.5	1.758758
35.52	1.421832
35.54	1.746821
35.56	1.400891
35.58	1.728206
35.6	1.376905
35.62	1.706279
35.64	1.350281
35.66	1.336971
35.68	1.321816
35.7	1.30656
35.72	1.289714
35.74	1.272808
35.76	1.254088
35.78	1.214193
35.8	1.19256
35.82	1.169664
35.84	1.145433
35.86	1.119768
35.88	1.092591
35.9	1.063796
35.92	1.03351
35.94	1.001696
35.96	0.9325392
35.98	0.8947858
36	0.8545393
36.02	0.8114884
36.04	0.7671311
36.06	0.7233211
36.08	0.6783829
36.1	0.6427745
36.12	1.23422
36.14	0.6049359
36.16	0.6052727
36.18	0.605073
36.2	0.6049286
36.22	0.6050761
36.24	0.6079327
36.26	0.6103944
36.28	0.6172885
36.3	0.6236948
36.32	0.6629848
36.34	0.6902484
36.36	0.7140898
36.38	0.7336867
36.4	0.9417867
36.42	1.146646
36.44	1.347975
36.46	1.545641
36.48	1.73957
36.5	1.929725
36.52	2.116077
36.54	2.298615
36.56	2.47733
36.58	2.65222
36.6	2.37199
36.62	2.087953
36.64	1.80022
36.66	1.508984
36.68	1.214628
36.7	0.661662
36.72	0.6491207
36.74	0.6180813
36.76	0.5808241
36.78	0.5406393
36.8	0.5385168
36.82	0.5369099
36.84	0.5332929
36.86	0.5270774
36.88	0.5193987
36.9	0.5179271
36.92	0.5191295
36.94	0.5196639
36.96	0.5199264
36.98	0.5198221
37	0.5195789
37.02	0.5196667
37.04	0.5197379
37.06	0.3814879
37.08	0.3875217
37.1	0.3962603
37.12	0.4061564
37.14	0.413074
37.16	0.4229494
37.18	0.4298099
37.2	0.4378779
37.22	0.4441955
37.24	0.4505255
37.26	0.4556361
37.28	0.4608741
37.3	0.4652741
37.32	0.4694834
37.34	0.4650938
37.36	0.4692067
37.38	0.4723994
37.4	0.4714601
37.42	0.4852008
37.44	0.494063
37.46	0.500644
37.48	0.5042551
37.5	0.5043206
37.52	0.5040617
37.54	0.5037917
37.56	0.5037721
37.58	0.5036809
37.6	0.5411634
37.62	0.5471783
37.64	0.5565049
37.66	0.5807211
37.68	0.6003443
37.7	0.6209246
37.72	0.6491021
37.74	0.6788314
37.76	0.7563533
37.78	0.8009714
37.8	0.8494963
37.82	0.9019299
37.84	0.9582739
37.86	1.01853
37.88	1.0827
37.9	1.150785
37.92	1.298706
37.94	1.378543
37.96	1.462301
37.98	1.549979
38	1.641577
38.02	1.737098
38.04	1.83654
38.06	1.939905
38.08	2.047193
38.1	2.273538
38.12	2.392595
38.14	2.515577
38.16	2.642482
38.18	2.773311
38.2	2.908064
38.22	3.046742
38.24	3.189343
38.26	3.335869
38.28	3.640694
38.3	3.798993
38.32	3.961216
38.34	4.12