0.02	10.88784
0.04	10.38085
0.06	10.53253
0.08	10.0736
0.1	9.817754
0.12	9.960681
0.14	9.620217
0.16	9.757794
0.18	9.487538
0.2	9.619106
0.22	9.425463
0.24	9.438463
0.26	9.556326
0.28	9.529359
0.3	9.639816
0.32	9.65698
0.34	9.751285
0.36	9.782121
0.38	9.803904
0.4	9.731479
0.42	9.737767
0.44	9.674381
0.46	9.591475
0.48	9.623484
0.5	9.521101
0.52	9.551777
0.54	9.447774
0.56	9.477694
0.58	9.373518
0.6	9.404188
0.62	9.298236
0.64	9.221528
0.66	9.276588
0.68	9.223198
0.7	9.229668
0.72	9.157318
0.74	9.164831
0.76	9.087398
0.78	9.01548
0.8	9.023049
0.82	8.94199
0.84	8.913811
0.86	8.867016
0.88	8.838721
0.9	8.790578
0.92	8.712686
0.94	8.684225
0.96	8.633345
0.98	8.604836
1	8.55256
1.02	8.613443
1.04	8.441746
1.06	8.526849
1.08	8.353378
1.1	8.434891
1.12	8.264102
1.14	8.177327
1.16	8.261583
1.18	8.089812
1.2	8.195473
1.22	8.000909
1.24	8.107046
1.26	7.910682
1.28	7.819152
1.3	7.926371
1.32	7.72633
1.34	7.834166
1.36	7.632227
1.38	7.744999
1.4	7.536854
1.42	7.650326
1.44	7.440221
1.46	7.342341
1.48	7.457392
1.5	7.243227
1.52	7.359163
1.54	7.142894
1.56	7.263581
1.58	7.163039
1.6	6.938633
1.62	7.061386
1.64	6.83474
1.66	6.958642
1.68	6.729699
1.7	6.854833
1.72	6.62353
1.74	6.749983
1.76	6.516259
1.78	6.644124
1.8	6.537283
1.82	6.29851
1.84	6.429495
1.86	6.18809
1.88	6.320797
1.9	6.076684
1.92	6.211228
1.94	6.100833
1.96	5.851065
1.98	5.989657
2	5.736934
2.02	5.877754
2.04	5.621986
2.06	5.765179
2.08	5.506275
2.1	5.389857
2.12	5.538271
2.14	5.2728
2.16	5.424082
2.18	5.155175
2.2	5.30951
2.22	5.037061
2.24	5.194648
2.26	4.918548
2.28	5.079596
2.3	4.799733
2.32	4.680729
2.34	4.84938
2.36	4.561657
2.38	4.734477
2.4	4.442657
2.42	4.61991
2.44	4.323882
2.46	4.505846
2.48	4.392475
2.5	4.087726
2.52	4.280005
2.54	3.970761
2.56	4.168671
2.58	3.854859
2.6	3.740302
2.62	3.950475
2.64	3.627404
2.66	3.844223
2.68	3.516522
2.7	3.740332
2.72	3.408058
2.74	3.639198
2.76	3.302463
2.78	3.541255
2.8	3.446984
2.82	3.101966
2.84	3.356909
2.86	3.008255
2.88	3.271598
2.9	2.919803
2.92	3.191665
2.94	2.837361
2.96	3.117759
2.98	3.050566
3	2.693785
3.02	2.99079
3.04	2.634385
3.06	2.939141
3.08	2.584423
3.1	2.89632
3.12	2.862994
3.14	2.516186
3.16	2.839771
3.18	2.500364
3.2	2.832478
3.22	2.494642
3.24	2.825199
3.26	2.499086
3.28	2.519609
3.3	2.852531
3.32	2.553262
3.34	2.884892
3.36	2.599469
3.38	2.928553
3.4	2.657855
3.42	2.72794
3.44	3.048691
3.46	2.80912
3.48	3.124385
3.5	2.900775
3.52	3.209934
3.54	3.00222
3.56	3.11277
3.58	3.40849
3.6	3.231753
3.62	3.520432
3.64	3.358529
3.66	3.640111
3.68	3.767023
3.7	3.633106
3.72	3.900686
3.74	3.779841
3.76	4.040647
3.78	3.932245
3.8	4.186488
3.82	4.337822
3.84	4.252439
3.86	4.494295
3.88	4.419522
3.9	4.655583
3.92	4.590852
3.94	4.766165
3.96	4.991458
3.98	4.945223
4	5.165538
4.02	5.127816
4.04	5.343414
4.06	5.313755
4.08	5.52489
4.1	5.709789
4.12	5.695016
4.14	5.897948
4.16	5.890054
4.18	6.089224
4.2	6.087865
4.22	6.283485
4.24	6.480612
4.26	6.491386
4.28	6.680499
4.3	6.696911
4.32	6.883046
4.34	6.904839
4.36	7.088164
4.38	7.295775
4.4	7.327619
4.42	7.505804
4.44	7.54235
4.46	7.718183
4.48	7.759234
4.5	7.932852
4.52	7.978225
4.54	8.149755
4.56	8.36884
4.58	8.42235
4.6	8.590059
4.62	8.647408
4.64	8.813373
4.66	8.874415
4.68	9.038738
4.7	9.103343
4.72	9.266119
4.74	9.495481
4.76	9.46667
4.78	9.497952
4.8	9.402781
4.82	9.47308
4.84	9.439969
4.86	9.5119
4.88	9.551832
4.9	9.520534
4.92	9.592541
4.94	9.563568
4.96	9.634164
4.98	9.60863
5	9.668814
5.02	9.749828
5.04	9.743025
5.06	9.82511
5.08	9.82015
5.1	9.903224
5.12	9.90023
5.14	9.984262
5.16	10.06578
5.18	10.05689
5.2	10.13631
5.22	10.13146
5.24	10.21169
5.26	10.28933
5.28	10.28761
5.3	10.36898
5.32	10.36869
5.34	10.45062
5.36	10.45174
5.38	10.53423
5.4	10.53675
5.42	10.54376
5.44	10.53585
5.46	10.52798
5.48	10.5202
5.5	10.51253
5.52	10.50502
5.54	10.49774
5.56	10.48403
5.58	10.47773
5.6	10.47188
5.62	10.46657
5.64	10.46186
5.66	10.4589
5.68	10.45605
5.7	10.45336
5.72	10.45083
5.74	10.44846
5.76	10.44468
5.78	10.44417
5.8	10.44391
5.82	10.444
5.84	10.44489
5.86	10.44597
5.88	10.4474
5.9	10.45201
5.92	10.45476
5.94	10.45829
5.96	10.46202
5.98	10.46609
6	10.47094
6.02	10.48137
6.04	10.48754
6.06	10.4939
6.08	10.50061
6.1	10.50808
6.12	10.50031
6.14	10.49281
6.16	10.47155
6.18	10.46097
6.2	10.45057
6.22	10.44032
6.24	10.43015
6.26	10.41985
6.28	10.40999
6.3	10.39064
6.32	10.38075
6.34	10.37138
6.36	10.36223
6.38	10.35304
6.4	10.34377
6.42	10.33479
6.44	10.31761
6.46	10.30932
6.48	10.30067
6.5	10.29238
6.52	10.28447
6.54	10.27657
6.56	10.26896
6.58	10.26101
6.6	10.24614
6.62	10.23891
6.64	10.23194
6.66	10.22467
6.68	10.21772
6.7	10.21107
6.72	10.20459
6.74	10.19206
6.76	10.18555
6.78	10.17939
6.8	10.17351
6.82	10.16784
6.84	10.16571
6.86	10.19199
6.88	10.23221
6.9	10.27722
6.92	10.37628
6.94	10.44163
6.96	10.48938
6.98	10.55445
7	10.6025
7.02	10.64052
7.04	10.68304
7.06	10.72314
7.08	10.66246
7.1	10.58958
7.12	10.61795
7.14	10.55909
7.16	10.5854
7.18	10.53317
7.2	10.55735
7.22	10.52762
7.24	10.5132
7.26	10.50548
7.28	10.4976
7.3	10.48969
7.32	10.48163
7.34	10.47356
7.36	10.46537
7.38	10.45719
7.4	10.44884
7.42	10.43205
7.44	10.42361
7.46	10.41501
7.48	10.40643
7.5	10.39772
7.52	10.38905
7.54	10.38021
7.56	10.37141
7.58	10.35348
7.6	10.34453
7.62	10.33546
7.64	10.32631
7.66	10.31723
7.68	10.30809
7.7	10.29885
7.72	10.28991
7.74	10.28129
7.76	10.27258
7.78	10.25513
7.8	10.24643
7.82	10.23727
7.84	10.22824
7.86	10.21942
7.88	10.21041
7.9	10.20155
7.92	10.19212
7.94	10.18289
7.96	10.16457
7.98	10.15504
8	10.14565
8.02	10.13641
8.04	10.12697
8.06	10.10771
8.08	10.09812
8.1	10.08871
8.12	10.07867
8.14	10.06903
8.16	10.05926
8.18	10.04968
8.2	10.02963
8.22	10.01969
8.24	10.00996
8.26	9.999524
8.28	9.989565
8.3	9.979465
8.32	9.958984
8.34	9.948878
8.36	9.938631
8.38	9.928626
8.4	9.917854
8.42	9.907614
8.44	9.887099
8.46	9.876176
8.48	9.865808
8.5	9.855294
8.52	9.84505
8.54	9.833984
8.56	9.8235
8.58	9.812868
8.6	9.802517
8.62	9.791321
8.64	9.780727
8.66	9.759538
8.68	9.748219
8.7	9.737526
8.72	9.726684
8.74	9.716148
8.76	9.704714
8.78	9.693932
8.8	9.682998
8.82	9.672382
8.84	9.660845
8.86	9.649981
8.88	9.628277
8.9	9.616643
8.92	9.605706
8.94	9.594614
8.96	9.583865
8.98	9.572145
9	9.560739
9.02	9.549159
9.04	9.537653
9.06	9.526511
9.08	9.515428
9.1	9.504459
9.12	9.493086
9.14	9.470362
9.16	9.459085
9.18	9.447842
9.2	9.436762
9.22	9.425669
9.24	9.414666
9.26	9.403504
9.28	9.391859
9.3	9.380791
9.32	9.369531
9.34	9.357985
9.36	9.346648
9.38	9.323697
9.4	9.312286
9.42	9.300802
9.44	9.289153
9.46	9.277655
9.48	9.26607
9.5	9.254332
9.52	9.242743
9.54	9.231062
9.56	9.207556
9.58	9.196177
9.6	9.184463
9.62	9.173326
9.64	9.161607
9.66	9.149418
9.68	9.137591
9.7	9.113478
9.72	9.10177
9.74	9.0899
9.76	9.077819
9.78	9.065945
9.8	9.053994
9.82	9.041875
9.84	9.029946
9.86	9.017926
9.88	9.005752
9.9	8.981681
9.92	8.969446
9.94	8.957404
9.96	8.945261
9.98	8.932969
10	8.920875
10.02	8.908677
10.04	8.88419
10.06	8.871943
10.08	8.859549
10.1	8.847364
10.12	8.835074
10.14	8.822637
10.16	8.810415
10.18	8.798087
10.2	8.773356
10.22	8.760995
10.24	8.748485
10.26	8.736203
10.28	8.723814
10.3	8.698972
10.32	8.68656
10.34	8.673997
10.36	8.661676
10.38	8.649248
10.4	8.636667
10.42	8.624335
10.44	8.599299
10.46	8.586961
10.48	8.574513
10.5	8.561911
10.52	8.54957
10.54	8.53712
10.56	8.524515
10.58	8.512177
10.6	8.499731
10.62	8.487128
10.64	8.474799
10.66	8.46236
10.68	8.449765
10.7	8.437449
10.72	8.425025
10.74	8.412441
10.76	8.400145
10.78	8.375173
10.8	8.362899
10.82	8.350516
10.84	8.337973
10.86	8.325728
10.88	8.313375
10.9	8.300858
10.92	8.288648
10.94	8.263843
10.96	8.251671
10.98	8.239388
11	8.226941
11.02	8.214812
11.04	8.202574
11.06	8.178089
11.08	8.165897
11.1	8.153541
11.12	8.141514
11.14	8.129375
11.16	8.117071
11.18	8.105102
11.2	8.093021
11.22	8.080774
11.24	8.05685
11.26	8.044665
11.28	8.032826
11.3	8.020876
11.32	8.008757
11.34	7.99699
11.36	7.985112
11.38	7.973064
11.4	7.961374
11.42	7.949573
11.44	7.925993
11.46	7.914274
11.48	7.902383
11.5	7.890861
11.52	7.879227
11.54	7.867422
11.56	7.85599
11.58	7.832733
11.6	7.821397
11.62	7.80995
11.64	7.798329
11.66	7.787093
11.68	7.775746
11.7	7.764225
11.72	7.753093
11.74	7.730432
11.76	7.719409
11.78	7.708275
11.8	7.696965
11.82	7.686055
11.84	7.675035
11.86	7.663838
11.88	7.642142
11.9	7.631062
11.92	7.620392
11.94	7.609611
11.96	7.598652
11.98	7.588108
12	7.577453
12.02	7.556206
12.04	7.545682
12.06	7.534979
12.08	7.524699
12.1	7.51431
12.12	7.503742
12.14	7.4936
12.16	7.48335
12.18	7.47292
12.2	7.462923
12.22	7.442528
12.24	7.432677
12.26	7.422717
12.28	7.412577
12.3	7.402877
12.32	7.393068
12.34	7.383078
12.36	7.373533
12.38	7.36388
12.4	7.354044
12.42	7.344658
12.44	7.335164
12.46	7.325487
12.48	7.316264
12.5	7.306933
12.52	7.29742
12.54	7.288363
12.56	7.279199
12.58	7.260966
12.6	7.251972
12.62	7.242796
12.64	7.234084
12.66	7.225265
12.68	7.216262
12.7	7.207728
12.72	7.199088
12.74	7.190264
12.76	7.181911
12.78	7.173452
12.8	7.156642
12.82	7.148369
12.84	7.139911
12.86	7.131933
12.88	7.123849
12.9	7.11558
12.92	7.107793
12.94	7.091825
12.96	7.084234
12.98	7.076539
13	7.061265
13.02	7.05377
13.04	7.046087
13.06	7.031604
13.08	7.024125
13.1	7.01714
13.12	7.010052
13.14	6.996002
13.16	6.989123
13.18	6.982058
13.2	6.975493
13.22	6.968827
13.24	6.961974
13.26	6.955624
13.28	6.949173
13.3	6.942534
13.32	6.936402
13.34	6.930169
13.36	6.923748
13.38	6.911824
13.4	6.905624
13.42	6.899935
13.44	6.894146
13.46	6.88817
13.48	6.882707
13.5	6.877144
13.52	6.871394
13.54	6.866159
13.56	6.860826
13.58	6.855305
13.6	6.850301
13.62	6.8452
13.64	6.83514
13.66	6.830273
13.68	6.825217
13.7	6.820683
13.72	6.816051
13.74	6.811231
13.76	6.806935
13.78	6.802542
13.8	6.797961
13.82	6.793905
13.84	6.789753
13.86	6.785412
13.88	6.777689
13.9	6.773592
13.92	6.770023
13.94	6.766358
13.96	6.762506
13.98	6.759182
14	6.755765
14.02	6.752159
14.04	6.749084
14.06	6.745915
14.08	6.739732
14.1	6.736813
14.12	6.733706
14.14	6.731132
14.16	6.728465
14.18	6.725609
14.2	6.723623
14.22	6.720759
14.24	6.718915
14.26	6.566168
14.28	6.538018
14.3	6.533907
14.32	6.529348
14.34	6.524379
14.36	6.519047
14.38	6.513405
14.4	6.507514
14.42	6.495263
14.44	6.49713
14.46	6.475968
14.48	6.463206
14.5	6.453053
14.52	6.519808
14.54	6.468957
14.56	6.519477
14.58	6.457438
14.6	6.502312
14.62	6.432486
14.64	6.493166
14.66	6.421369
14.68	6.494582
14.7	6.411204
14.72	6.490914
14.74	6.493057
14.76	6.50154
14.78	6.505103
14.8	6.508254
14.82	6.511033
14.84	6.513487
14.86	6.51567
14.88	6.517642
14.9	6.519471
14.92	6.53178
14.94	6.541954
14.96	6.551757
14.98	6.561193
15	6.570448
15.02	6.58147
15.04	6.592656
15.06	6.604015
15.08	6.616007
15.1	6.640031
15.12	6.652697
15.14	6.665328
15.16	6.678083
15.18	6.691396
15.2	6.704683
15.22	6.718096
15.24	6.732032
15.26	6.745955
15.28	6.760004
15.3	6.78908
15.32	6.803743
15.34	6.818866
15.36	6.833999
15.38	6.841575
15.4	6.847149
15.42	6.851641
15.44	6.856233
15.46	6.860843
15.48	6.869463
15.5	6.873997
15.52	6.877871
15.54	6.882444
15.56	6.88696
15.58	6.890809
15.6	6.895382
15.62	6.899895
15.64	6.903759
15.66	6.912838
15.68	6.916724
15.7	6.921283
15.72	6.925785
15.74	6.92969
15.76	6.934233
15.78	6.93872
15.8	6.942636
15.82	6.947156
15.84	6.955543
15.86	6.960089
15.88	6.964416
15.9	6.969173
15.92	6.972793
15.94	6.977202
15.96	6.981443
15.98	6.989575
16	6.993866
16.02	6.998011
16.04	7.002535
16.06	7.005941
16.08	7.010115
16.1	7.014159
16.12	7.018548
16.14	7.025952
16.16	7.02989
16.18	7.034139
16.2	7.037428
16.22	7.041365
16.24	7.045412
16.26	7.049187
16.28	7.056237
16.3	7.060128
16.32	7.063805
16.34	7.067697
16.36	7.070813
16.38	7.074241
16.4	7.077909
16.42	7.081393
16.44	7.085066
16.46	7.091238
16.48	7.094688
16.5	7.097977
16.52	7.101428
16.54	7.104216
16.56	7.107267
16.58	7.110503
16.6	7.113681
16.62	7.116785
16.64	7.122425
16.66	7.125175
16.68	7.128112
16.7	7.130998
16.72	7.133816
16.74	7.136723
16.76	7.12222
16.78	7.112348
16.8	7.091046
16.82	7.063741
16.84	7.023223
16.86	7.030814
16.88	6.99508
16.9	7.013092
16.92	6.961934
16.94	6.90597
16.96	6.850845
16.98	6.797688
17	6.746718
17.02	6.651414
17.04	6.607042
17.06	6.564822
17.08	6.524721
17.1	6.413846
17.12	6.34903
17.14	6.38618
17.16	6.412585
17.18	6.422842
17.2	6.433233
17.22	6.443841
17.24	6.454787
17.26	6.465989
17.28	6.489365
17.3	6.501539
17.32	6.513974
17.34	6.526757
17.36	6.53982
17.38	6.566902
17.4	6.580923
17.42	6.595222
17.44	6.609872
17.46	6.624782
17.48	6.640042
17.5	6.655582
17.52	6.687614
17.54	6.704086
17.56	6.720857
17.58	6.737982
17.6	6.755387
17.62	6.773091
17.64	6.809489
17.66	6.828128
17.68	6.847124
17.7	6.866397
17.72	6.885972
17.74	6.905904
17.76	6.946626
17.78	6.967496
17.8	6.988645
17.82	7.010095
17.84	7.031903
17.86	7.05399
17.88	7.07638
17.9	7.099128
17.92	7.122145
17.94	7.14552
17.96	7.189242
17.98	7.195222
18	7.200032
18.02	7.204411
18.04	7.20857
18.06	7.212794
18.08	7.21688
18.1	7.220919
18.12	7.229377
18.14	7.23364
18.16	7.237905
18.18	7.241845
18.2	7.246189
18.22	7.250448
18.24	7.25481
18.26	7.259179
18.28	7.263144
18.3	7.267576
18.32	7.271917
18.34	7.276372
18.36	7.280836
18.38	7.284866
18.4	7.293816
18.42	7.298362
18.44	7.302915
18.46	7.307026
18.48	7.311637
18.5	7.316151
18.52	7.320786
18.54	7.325428
18.56	7.329623
18.58	7.334321
18.6	7.343645
18.62	7.348374
18.64	7.352652
18.66	7.357439
18.68	7.362125
18.7	7.366933
18.72	7.37611
18.74	7.380982
18.76	7.385755
18.78	7.390647
18.8	7.395547
18.82	7.399992
18.84	7.409804
18.86	7.414781
18.88	7.419764
18.9	7.424291
18.92	7.42933
18.94	7.43427
18.96	7.439328
18.98	7.444394
19	7.454123
19.02	7.459145
19.04	7.464284
19.06	7.469431
19.08	7.474118
19.1	7.479322
19.12	7.484424
19.14	7.489643
19.16	7.494869
19.18	7.499636
19.2	7.510101
19.22	7.515399
19.24	7.520704
19.26	7.525549
19.28	7.530911
19.3	7.541547
19.32	7.546929
19.34	7.551853
19.36	7.557292
19.38	7.562629
19.4	7.568081
19.42	7.578539
19.44	7.584055
19.46	7.589468
19.48	7.594996
19.5	7.60053
19.52	7.605605
19.54	7.616685
19.56	7.622287
19.58	7.627895
19.6	7.633045
19.62	7.63871
19.64	7.644273
19.66	7.655629
19.68	7.660852
19.7	7.666592
19.72	7.672226
19.74	7.677974
19.76	7.683728
19.78	7.689024
19.8	7.694834
19.82	7.700542
19.84	7.712184
19.86	7.717552
19.88	7.723433
19.9	7.729212
19.92	7.735101
19.94	7.740996
19.96	7.746434
19.98	7.752386
20	7.758234
20.02	7.764192
20.04	7.770156
20.06	7.781684
20.08	7.787602
20.1	7.793628
20.12	7.79966
20.14	7.805237
20.16	7.811326
20.18	7.817311
20.2	7.829503
20.22	7.835148
20.24	7.841303
20.26	7.847356
20.28	7.853515
20.3	7.85968
20.32	7.865392
20.34	7.871614
20.36	7.877733
20.38	7.890187
20.4	7.895965
20.42	7.902252
20.44	7.908435
20.46	7.914724
20.48	7.921018
20.5	7.926862
20.52	7.933213
20.54	7.945813
20.56	7.95217
20.58	7.958078
20.6	7.964494
20.62	7.970805
20.64	7.977218
20.66	7.983638
20.68	7.98961
20.7	8.002461
20.72	8.008936
20.74	8.015418
20.76	8.021453
20.78	8.027991
20.8	8.034427
20.82	8.040962
20.84	8.047504
20.86	8.0602
20.88	8.066696
20.9	8.073292
20.92	8.079893
20.94	8.086051
20.96	8.09271
20.98	8.099266
21	8.105921
21.02	8.1188
21.04	8.125517
21.06	8.132133
21.08	8.138845
21.1	8.145564
21.12	8.151842
21.14	8.158618
21.16	8.172061
21.18	8.178837
21.2	8.185174
21.22	8.192006
21.24	8.198737
21.26	8.205563
21.28	8.212397
21.3	8.218791
21.32	8.232468
21.34	8.239349
21.36	8.246238
21.38	8.252689
21.4	8.259635
21.42	8.266479
21.44	8.273415
21.46	8.280358
21.48	8.286866
21.5	8.300765
21.52	8.307755
21.54	8.314753
21.56	8.321317
21.58	8.32837
21.6	8.335323
21.62	8.342367
21.64	8.349418
21.66	8.363144
21.68	8.37015
21.7	8.377247
21.72	8.38435
21.74	8.391024
21.76	8.398183
21.78	8.405242
21.8	8.412391
21.82	8.426273
21.84	8.433484
21.86	8.440596
21.88	8.447795
21.9	8.455001
21.92	8.461782
21.94	8.469044
21.96	8.476206
21.98	8.490713
22	8.497544
22.02	8.504858
22.04	8.512072
22.06	8.519371
22.08	8.526677
22.1	8.533561
22.12	8.540924
22.14	8.555535
22.16	8.562891
22.18	8.569826
22.2	8.577237
22.22	8.58455
22.24	8.591947
22.26	8.599351
22.28	8.606335
22.3	8.621157
22.32	8.628601
22.34	8.636052
22.36	8.643086
22.38	8.650594
22.4	8.658003
22.42	8.672994
22.44	8.680077
22.46	8.687632
22.48	8.695088
22.5	8.702626
22.52	8.710172
22.54	8.717302
22.56	8.732408
22.58	8.739991
22.6	8.747582
22.62	8.754761
22.64	8.762407
22.66	8.769957
22.68	8.777586
22.7	8.792448
22.72	8.80014
22.74	8.807734
22.76	8.815409
22.78	8.823089
22.8	8.83036
22.82	8.838098
22.84	8.845737
22.86	8.861179
22.88	8.868497
22.9	8.876277
22.92	8.883961
22.94	8.891722
22.96	8.89949
22.98	8.906854
23	8.914677
23.02	8.930207
23.04	8.938018
23.06	8.945426
23.08	8.953292
23.1	8.961061
23.12	8.968907
23.14	8.976761
23.16	8.984212
23.18	8.999933
23.2	9.00782
23.22	9.015715
23.24	9.02321
23.26	9.03116
23.28	9.039014
23.3	9.046942
23.32	9.054878
23.34	9.062415
23.36	9.078302
23.38	9.08627
23.4	9.094248
23.42	9.101828
23.44	9.109859
23.46	9.117795
23.48	9.125803
23.5	9.13382
23.52	9.149512
23.54	9.15749
23.56	9.165537
23.58	9.173594
23.6	9.181255
23.62	9.197384
23.64	9.20547
23.66	9.213565
23.68	9.221268
23.7	9.229418
23.72	9.237473
23.74	9.245598
23.76	9.261475
23.78	9.269663
23.8	9.277757
23.82	9.285919
23.84	9.29409
23.86	9.301873
23.88	9.310099
23.9	9.318231
23.92	9.326431
23.94	9.334639
23.96	9.342462
23.98	9.350724
24	9.358894
24.02	9.367131
24.04	9.383237
24.06	9.391538
24.08	9.399746
24.1	9.408019
24.12	9.416301
24.14	9.4242
24.16	9.432536
24.18	9.440629
24.2	9.448724
24.22	9.464942
24.24	9.473307
24.26	9.481571
24.28	9.489891
24.3	9.49822
24.32	9.506197
24.34	9.514587
24.36	9.531171
24.38	9.539497
24.4	9.547513
24.42	9.555561
24.44	9.563768
24.46	9.571909
24.48	9.588282
24.5	9.596677
24.52	9.605002
24.54	9.613376
24.56	9.621758
24.58	9.629604
24.6	9.637926
24.62	9.654711
24.64	9.663122
24.66	9.671172
24.68	9.679641
24.7	9.688021
24.72	9.696463
24.74	9.704914
24.76	9.713002
24.78	9.729935
24.8	9.738417
24.82	9.746907
24.84	9.755033
24.86	9.763579
24.88	9.772037
24.9	9.780553
24.92	9.789081
24.94	9.805828
24.96	9.814322
24.98	9.822875
25	9.831438
25.02	9.839641
25.04	9.848258
25.06	9.856789
25.08	9.865377
25.1	9.882215
25.12	9.890868
25.14	9.899434
25.16	9.908056
25.18	9.916689
25.2	9.933652
25.22	9.942252
25.24	9.950909
25.26	9.959575
25.28	9.967885
25.3	9.976606
25.32	9.985241
25.34	10.00263
25.36	10.01098
25.38	10.01973
25.4	10.0284
25.42	10.03712
25.44	10.04585
25.46	10.05423
25.48	10.07172
25.5	10.08047
25.52	10.08924
25.54	10.09765
25.56	10.10647
25.58	10.1152
25.6	10.12399
25.62	10.13278
25.64	10.14123
25.66	10.15884
25.68	10.16766
25.7	10.17649
25.72	10.18497
25.74	10.19385
25.76	10.20264
25.78	10.21149
25.8	10.22035
25.82	10.22885
25.84	10.24659
25.86	10.25547
25.88	10.26436
25.9	10.2729
25.92	10.28184
25.94	10.29069
25.96	10.2996
25.98	10.30852
26	10.32606
26.02	10.33494
26.04	10.34388
26.06	10.35282
26.08	10.36142
26.1	10.37042
26.12	10.37934
26.14	10.3883
26.16	10.39727
26.18	10.41493
26.2	10.42388
26.22	10.43287
26.24	10.44187
26.26	10.45053
26.28	10.45958
26.3	10.47757
26.32	10.4866
26.34	10.49529
26.36	10.50438
26.38	10.51337
26.4	10.52242
26.42	10.53148
26.44	10.54019
26.46	10.5493
26.48	10.55833
26.5	10.5674
26.52	10.58523
26.54	10.59437
26.56	10.60342
26.58	10.61252
26.6	10.62162
26.62	10.6304
26.64	10.64864
26.66	10.65776
26.68	10.6669
26.7	10.6757
26.72	10.68489
26.74	10.69399
26.76	10.70314
26.78	10.72113
26.8	10.73034
26.82	10.73947
26.84	10.74865
26.86	10.75783
26.88	10.76669
26.9	10.78508
26.92	10.79428
26.94	10.80349
26.96	10.81237
26.98	10.82078
27	10.81983
27.02	10.81705
27.04	10.81139
27.06	10.80869
27.08	10.80611
27.1	10.80366
27.12	10.80134
27.14	10.79915
27.16	10.79709
27.18	10.79517
27.2	10.79338
27.22	10.79022
27.24	10.78886
27.26	10.78761
27.28	10.78648
27.3	10.78548
27.32	10.7846
27.34	10.78384
27.36	10.78271
27.38	10.78234
27.4	10.58438
27.42	10.69623
27.44	10.5449
27.46	10.6504
27.48	10.51897
27.5	10.61849
27.52	10.59288
27.54	10.50577
27.56	10.33433
27.58	10.35482
27.6	10.2238
27.62	10.23541
27.64	10.14344
27.66	10.145
27.68	10.09271
27.7	10.07146
27.72	9.507608
27.74	9.276478
27.76	9.32574
27.78	9.343227
27.8	9.346815
27.82	9.347142
27.84	9.346828
27.86	9.346462
27.88	9.346066
27.9	9.345645
27.92	9.345197
27.94	9.344723
27.96	9.3437
27.98	9.34315
28	9.342576
28.02	9.341976
28.04	9.341352
28.06	9.340698
28.08	9.339316
28.1	9.338589
28.12	9.337835
28.14	9.337057
28.16	9.336255
28.18	9.334575
28.2	9.333698
28.22	9.332793
28.24	9.331863
28.26	9.33091
28.28	9.32993
28.3	9.3279
28.32	9.326848
28.34	9.325772
28.36	9.324673
28.38	9.323546
28.4	9.322395
28.42	9.32122
28.44	9.318799
28.46	9.317554
28.48	9.316283
28.5	9.314987
28.52	9.313666
28.54	9.312323
28.56	9.309565
28.58	9.308151
28.6	9.306714
28.62	9.305252
28.64	9.303766
28.66	9.302258
28.68	9.300726
28.7	9.299172
28.72	9.295989
28.74	9.294364
28.76	9.292716
28.78	9.291046
28.8	9.289354
28.82	9.287638
28.84	9.285898
28.86	9.282354
28.88	9.280549
28.9	9.27872
28.92	9.276868
28.94	9.274995
28.96	9.2731
28.98	9.269244
29	9.267283
29.02	9.265302
29.04	9.263298
29.06	9.261274
29.08	9.259227
29.1	9.255069
29.12	9.252958
29.14	9.250828
29.16	9.248674
29.18	9.246501
29.2	9.244307
29.22	9.242093
29.24	9.2376
29.26	9.235325
29.28	9.233028
29.3	9.230714
29.32	9.228376
29.34	9.22602
29.36	9.223644
29.38	9.221248
29.4	9.218831
29.42	9.216396
29.44	9.213943
29.46	9.208976
29.48	9.206465
29.5	9.203936
29.52	9.201385
29.54	9.198816
29.56	9.19623
29.58	9.193625
29.6	9.18836
29.62	9.185701
29.64	9.183022
29.66	9.180326
29.68	9.177614
29.7	9.174885
29.72	9.172136
29.74	9.166589
29.76	9.163789
29.78	9.160972
29.8	9.158139
29.82	9.155291
29.84	9.152423
29.86	9.149541
29.88	9.146643
29.9	9.140795
29.92	9.137848
29.94	9.134887
29.96	9.131908
29.98	9.128915
30	9.125906
30.02	9.122881
30.04	9.116789
30.06	9.113721
30.08	9.11064
30.1	9.107541
30.12	9.104429
30.14	9.101304
30.16	9.098165
30.18	9.095012
30.2	9.088666
30.22	9.085472
30.24	9.082267
30.26	9.079046
30.28	9.075815
30.3	9.072572
30.32	9.069313
30.34	9.066044
30.36	9.062763
30.38	9.056164
30.4	9.052848
30.42	9.049519
30.44	9.046179
30.46	9.04283
30.48	9.039467
30.5	9.036096
30.52	9.029319
30.54	9.025917
30.56	9.022503
30.58	9.01908
30.6	9.015646
30.62	9.012203
30.64	9.008752
30.66	9.005291
30.68	9.001822
30.7	8.994856
30.72	8.991362
30.74	8.987858
30.76	8.984346
30.78	8.980826
30.8	8.9773
30.82	8.973767
30.84	8.970225
30.86	8.963121
30.88	8.95956
30.9	8.955994
30.92	8.95242
30.94	8.94884
30.96	8.945253
30.98	8.941662
31	8.934465
31.02	8.930859
31.04	8.927246
31.06	8.92363
31.08	8.920012
31.1	8.916388
31.12	8.912761
31.14	8.909129
31.16	8.905494
31.18	8.901857
31.2	8.898216
31.22	8.890926
31.24	8.88728
31.26	8.883628
31.28	8.879975
31.3	8.876322
31.32	8.872668
31.34	8.865354
31.36	8.861695
31.38	8.858037
31.4	8.85438
31.42	8.85072
31.44	8.847062
31.46	8.843405
31.48	8.836093
31.5	8.832439
31.52	8.828786
31.54	8.825136
31.56	8.821487
31.58	8.817842
31.6	8.814198
31.62	8.810556
31.64	8.806918
31.66	8.799652
31.68	8.796026
31.7	8.792402
31.72	8.788784
31.74	8.78517
31.76	8.781562
31.78	8.777957
31.8	8.77436
31.82	8.882569
31.84	8.955666
31.86	8.948651
31.88	8.940794
31.9	8.932117
31.92	8.92265
31.94	8.912428
31.96	8.901488
31.98	8.877643
32	8.864842
32.02	8.851534
32.04	8.837786
32.06	8.823668
32.08	8.809258
32.1	8.779902
32.12	8.765139
32.14	8.750451
32.16	8.735945
32.18	8.721732
32.2	8.707932
32.22	8.707488
32.24	8.703126
32.26	8.700651
32.28	8.696641
32.3	8.732922
32.32	8.773363
32.34	8.817782
32.36	8.866003
32.38	8.85418
32.4	8.890534
32.42	8.945936
32.44	8.926131
32.46	8.984602
32.48	9.03069
32.5	9.077794
32.52	9.174269
32.54	9.223269
32.56	9.139875
32.58	9.183245
32.6	9.095137
32.62	9.071165
32.64	9.046394
32.66	9.021028
32.68	8.995179
32.7	8.94242
32.72	8.915711
32.74	8.888926
32.76	8.862177
32.78	8.835586
32.8	8.809278
32.82	8.758045
32.84	8.733402
32.86	8.709607
32.88	8.686815
32.9	8.665189
32.92	8.657253
32.94	8.649204
32.96	8.641082
32.98	8.632881
33	8.624604
33.02	8.607848
33.04	8.59923
33.06	8.591981
33.08	8.585411
33.1	8.579268
33.12	8.573524
33.14	8.568152
33.16	8.563175
33.18	8.558575
33.2	8.554373
33.22	8.547138
33.24	8.544112
33.26	8.541497
33.28	8.539277
33.3	8.537473
33.32	8.536069
33.34	8.535089
33.36	8.534371
33.38	8.534639
33.4	8.535342
33.42	8.536464
33.44	8.538027
33.46	8.540014
33.48	8.542449
33.5	8.54863
33.52	8.552382
33.54	8.556594
33.56	8.561248
33.58	8.566366
33.6	8.577967
33.62	8.584454
33.64	8.591357
33.66	8.593392
33.68	8.594529
33.7	8.595608
33.72	8.596754
33.74	8.599353
33.76	8.600821
33.78	8.602386
33.8	8.604075
33.82	8.605874
33.84	8.607817
33.86	8.609858
33.88	8.614355
33.9	8.616816
33.92	8.619385
33.94	8.622116
33.96	8.62496
33.98	8.627972
34	8.631099
34.02	8.634398
34.04	8.641408
34.06	8.645123
34.08	8.649017
34.1	8.653037
34.12	8.657241
34.14	8.661574
34.16	8.670748
34.18	8.675593
34.2	8.680573
34.22	8.685751
34.24	8.691065
34.26	8.696581
34.28	8.708099
34.3	8.714104
34.32	8.720319
34.34	8.72668
34.36	8.733254
34.38	8.739978
34.4	8.74692
34.42	8.754013
34.44	8.7688
34.46	8.776495
34.48	8.784348
34.5	8.792433
34.52	8.800675
34.54	8.809152
34.56	8.817791
34.58	8.83571
34.6	8.844993
34.62	8.854444
34.64	8.864139
34.66	8.874004
34.68	8.884117
34.7	8.894403
34.72	8.904942
34.74	8.915653
34.76	8.937765
34.78	8.949169
34.8	8.960751
34.82	8.972594
34.84	8.984619
34.86	8.996909
34.88	9.00938
34.9	9.022121
34.92	9.048244
34.94	9.061626
34.96	9.075284
34.98	9.089129
35	9.103252
35.02	9.117563
35.04	9.132155
35.06	9.162004
35.08	9.177261
35.1	9.192805
35.12	9.208541
35.14	9.224566
35.16	9.240785
35.18	9.273999
35.2	9.290998
35.22	9.30819
35.24	9.328259
35.26	9.34345
35.28	9.364037
35.3	9.379267
35.32	9.368456
35.34	9.405142
35.36	9.411941
35.38	9.460758
35.4	9.49589
35.42	9.511628
35.44	9.544492
35.46	9.564351
35.48	9.64292
35.5	9.687229
35.52	9.838963
35.54	9.954247
35.56	10.00816
35.58	10.14159
35.6	10.03802
35.62	10.16622
35.64	10.17015
35.66	10.17158
35.68	10.17271
35.7	10.17362
35.72	10.17435
35.74	10.17497
35.76	10.17556
35.78	10.17619
35.8	10.17694
35.82	10.17915
35.84	10.18079
35.86	10.18291
35.88	10.18562
35.9	10.18902
35.92	10.19323
35.94	10.19835
35.96	10.21184
35.98	10.22046
36	10.23049
36.02	10.24207
36.04	10.25353
36.06	10.26575
36.08	10.28607
36.1	10.3066
36.12	10.34852
36.14	10.36991
36.16	10.39159
36.18	10.41357
36.2	10.43587
36.22	10.45863
36.24	10.48247
36.26	10.50687
36.28	10.53193
36.3	10.58368
36.32	10.61036
36.34	10.63759
36.36	10.66539
36.38	10.69375
36.4	10.72266
36.42	10.75213
36.44	10.74997
36.46	10.74629
36.48	10.74042
36.5	10.73457
36.52	10.72869
36.54	10.70158
36.56	10.66505
36.58	10.62406
36.6	10.61224
36.62	10.56555
36.64	10.57454
36.66	10.54728
36.68	10.49522
36.7	10.52701
36.72	10.48531
36.74	10.50681
36.76	10.48047
36.78	10.50231
36.8	10.49838
36.82	10.47214
36.84	10.49523
36.86	10.47424
36.88	10.50025
36.9	10.49073
36.92	10.50346
36.94	10.49367
36.96	10.50095
36.98	10.51713
37	10.5098
37.02	10.52678
37.04	10.52028
37.06	10.53807
37.08	10.51968
37.1	10.52348
37.12	10.50955
37.14	10.51031
37.16	10.51115
37.18	10.51206
37.2	10.51309
37.22	10.51557
37.24	10.5171
37.26	10.51887
37.28	10.52428
37.3	10.53489
37.32	10.49873
37.34	10.4832
37.36	10.48502
37.38	10.4869
37.4	10.48886
37.42	10.49092
37.44	10.49313
37.46	10.49552
37.48	10.49813
37.5	10.50417
37.52	10.51144
37.54	10.52689
37.56	10.5348
37.58	10.54311
37.6	10.55178
37.62	10.59533
37.64	10.56803
37.66	10.56665
37.68	10.57097
37.7	10.57537
37.72	10.58454
37.74	10.58935
37.76	10.59436
37.78	10.5996
37.8	10.60809
37.82	10.6167
37.84	10.62533
37.86	10.64414
37.88	10.65415
37.9	10.66456
37.92	10.67536
37.94	10.68657
37.96	10.69817
37.98	10.71017
38	10.75949
38.02	10.71692
38.04	10.70349
38.06	10.70867
38.08	10.71603
38.1	10.72356
38.12	10.7313
38.14	10.73927
38.16	10.75767
38.18	10.76879
38.2	10.78045
38.22	10.78635
38.24	10.79128
38.26	10.79622
38.28	10.80123
38.3	10.80642
38.32	10.81717
38.34	10.8204
38.36	10.81945
38.38	10.81846
38.4	10.81714
38.42	10.81586
38.44	10.81469
38.46	10.8136
38.48	10.81261
38.5	10.81172
38.52	10.81024
38.54	10.80965
38.56	10.80916
38.58	10.80877
38.6	10.80849
38.62	10.70508
38.64	10.80874
38.66	10.64394
38.68	10.64448
38.7	10.81046
38.72	10.64589
38.74	10.8118
38.76	10.81238
38.78	10.81305
38.8	10.81381
38.82	10.81559
38.84	10.8166
38.86	10.8177
38.88	10.81887
38.9	10.82012
38.92	10.82143
38.94	10.82281
38.96	10.82343
38.98	10.6988
39	10.59277
39.02	10.39221
39.04	10.43589
39.06	10.20755
39.08	10.21673
39.1	10.22028
39.12	10.22548
39.14	10.2283
39.16	10.23139
39.18	10.23475
39.2	10.23837
39.22	10.24227
39.24	10.24643
39.26	10.25557
39.28	10.26054
39.3	10.26578
39.32	10.2713
39.34	10.27708
39.36	10.28313
39.38	10.29604
39.4	10.3029
39.42	10.31003
39.44	10.31743
39.46	10.3251
39.48	10.33304
39.5	10.34972
39.52	10.35847
39.54	10.36749
39.56	10.37678
39.58	10.38633
39.6	10.39616
39.62	10.40626
39.64	10.42727
39.66	10.43818
39.68	10.44936
39.7	10.46081
39.72	10.47254
39.74	10.48453
39.76	10.49679
39.78	10.50933
39.8	10.58683
39.82	10.58908
39.84	10.59591
39.86	10.59978
39.88	10.60091
39.9	10.60126
39.92	10.60125
39.94	10.60048
39.96	10.5998
39.98	10.59897
40	10.59804
40.02	10.59704
40.04	10.59603
40.06	10.59507
40.08	10.59784
40.1	10.60147
40.12	10.60512
40.14	10.60879
40.16	10.6125
40.18	10.61684
40.2	10.62167
40.22	10.62688
40.24	10.63242
40.26	10.6445
40.28	10.65104
40.3	10.65791
40.32	10.6651
40.34	10.67263
40.36	10.68049
40.38	10.68868
40.4	10.6972
40.42	10.70605
40.44	10.7413
40.46	10.74121
40.48	10.74334
40.5	10.76338
40.52	10.73245
40.54	10.7402
40.56	10.74334
40.58	10.74464
40.6	10.74362
40.62	10.74223
40.64	10.74048
40.66	10.73874
40.68	10.73507
40.7	10.73333
40.72	10.73166
40.74	10.73007
40.76	10.72856
40.78	10.72712
40.8	10.72574
40.82	10.72325
40.84	10.72213
40.86	10.7211
40.88	10.72016
40.9	10.7193
40.92	10.71853
40.94	10.71785
40.96	10.71677
40.98	10.71637
41	10.71607
41.02	10.61931
41.04	10.49071
41.06	10.55206
41.08	10.4819
41.1	10.39526
41.12	10.19263
41.14	10.19946
41.16	10.20366
41.18	10.20765
41.2	10.21193
41.22	10.21661
41.24	10.22169
41.26	10.22718
41.28	10.23942
41.3	10.24616
41.32	10.25331
41.34	10.26088
41.36	10.26887
41.38	10.27726
41.4	10.28607
41.42	10.2953
41.44	10.30494
41.46	10.31883
41.48	10.32225
41.5	10.32555
41.52	10.32898
41.54	10.3325
41.56	10.33612
41.58	10.33986
41.6	10.34376
41.62	10.34773
41.64	10.35596
41.66	10.36025
41.68	10.36466
41.7	10.36916
41.72	10.37384
41.74	10.37856
41.76	10.38341
41.78	10.38839
41.8	10.39347
41.82	10.39866
41.84	10.40403
41.86	10.41504
41.88	10.42062
41.9	10.39219
41.92	10.43311
41.94	10.41157
41.96	10.44849
41.98	10.43275
42	10.45692
42.02	10.51633
42.04	10.50316
42.06	10.56075
42.08	10.5677
42.1	10.5732
42.12	10.57784
42.14	10.55942
42.16	10.55263
42.18	10.52714
42.2	10.54187
42.22	10.50016
42.24	10.45442
42.26	10.50319
42.28	10.49563
42.3	10.52034
42.32	10.53483
42.34	10.53592
42.36	10.56792
42.38	10.56096
42.4	10.56089
42.42	10.56073
42.44	10.56019
42.46	10.55986
42.48	10.55954
42.5	10.55926
42.52	10.55907
42.54	10.559
42.56	10.55912
42.58	10.56012
42.6	10.56112
42.62	10.56763
42.64	10.57416
42.66	10.58059
42.68	10.58739
42.7	10.59453
42.72	10.60202
42.74	10.618
42.76	10.6265
42.78	10.63534
42.8	10.64452
42.82	10.65404
42.84	10.6614
42.86	10.66653
42.88	10.67617
42.9	10.68107
42.92	10.68601
42.94	10.69102
42.96	10.69606
42.98	10.70119
43	10.70637
43.02	10.7116
43.04	10.7169
43.06	10.72764
43.08	10.73316
43.1	10.73874
43.12	10.74432
43.14	10.74989
43.16	10.75557
43.18	10.76718
43.2	10.77303
43.22	10.77896
43.24	10.78496
43.26	10.78693
43.28	10.78719
43.3	10.79085
43.32	10.79471
43.34	10.79985
43.36	10.80193
43.38	10.80107
43.4	10.80012
43.42	10.79804
43.44	10.79702
43.46	10.79605
43.48	10.79512
43.5	10.79425
43.52	10.79346
43.54	10.79274
43.56	10.7921
43.58	10.79152
43.6	10.7906
43.62	10.79025
43.64	10.78997
43.66	10.65544
43.68	10.53619
43.7	10.43899
43.72	10.26013
43.74	10.21422
43.76	10.31232
43.78	10.13201
43.8	10.29331
43.82	10.12082
43.84	10.28532
43.86	10.12614
43.88	10.13105
43.9	10.13747
43.92	10.1387
43.94	10.13972
43.96	10.14134
43.98	10.1434
44	10.14585
44.02	10.15191
44.04	10.15504
44.06	10.1577
44.08	10.16039
44.1	10.16316
44.12	10.16602
44.14	10.16903
44.16	10.1753
44.18	10.17853
44.2	10.1819
44.22	10.18538
44.24	10.18895
44.26	10.19644
44.28	10.2003
44.3	10.20428
44.32	10.20836
44.34	10.21254
44.36	10.21682
44.38	10.22574
44.4	10.23038
44.42	10.23514
44.44	10.23986
44.46	10.24469
44.48	10.24967
44.5	10.25483
44.52	10.26005
44.54	10.26532
44.56	10.2467
44.58	10.29961
44.6	10.26314
44.62	10.31586
44.64	10.28865
44.66	10.31596
44.68	10.29689
44.7	10.3249
44.72	10.30997
44.74	10.32502
44.76	10.35295
44.78	10.34159
44.8	10.36945
44.82	10.35254
44.84	10.39633
44.86	10.37238
44.88	10.39191
44.9	10.43548
44.92	10.40902
44.94	10.45197
44.96	10.42521
44.98	10.46857
45	10.49222
45.02	10.405
45.04	10.47839
45.06	10.39282
45.08	10.48426
45.1	10.40064
45.12	10.48994
45.14	10.40894
45.16	10.47919
45.18	10.46592
45.2	10.47686
45.22	10.46524
45.24	10.47579
45.26	10.47371
45.28	10.48421
45.3	10.48908
45.32	10.50509
45.34	10.51282
45.36	10.5222
45.38	10.5453
45.4	10.55532
45.42	10.56462
45.44	10.57411
45.46	10.58367
45.48	10.59332
45.5	10.61303
45.52	10.62308
45.54	10.63327
45.56	10.64366
45.58	10.65416
45.6	10.66466
45.62	10.67544
45.64	10.68623
45.66	10.69722
45.68	10.71963
45.7	10.73104
45.72	10.74266
45.74	10.75429
45.76	10.76611
45.78	10.77808
45.8	10.79018
45.82	10.81487
45.84	10.81678
45.86	10.80454
45.88	10.80887
45.9	10.80078
45.92	10.79963
45.94	10.79865
45.96	10.79924
45.98	10.80095
46	10.80307
46.02	10.80557
46.04	10.80372
46.06	10.80219
46.08	10.80021
46.1	10.79825
46.12	10.79462
46.14	10.79294
46.16	10.79136
46.18	10.78987
46.2	10.78848
46.22	10.78718
46.24	10.78598
46.26	10.78383
46.28	10.78292
46.3	10.78212
46.32	10.78141
46.34	10.7808
46.36	10.78031
46.38	10.77991
46.4	10.77963
46.42	10.66601
46.44	10.66206
46.46	10.76127
46.48	10.65466
46.5	10.7584
46.52	10.6536
46.54	10.75774
46.56	10.75968
46.58	10.76448
46.6	10.76746
46.62	10.77085
46.64	10.77464
46.66	10.77884
46.68	10.78344
46.7	10.78845
46.72	10.79386
46.74	10.79967
46.76	10.81252
46.78	10.81906
46.8	10.82161
46.82	10.82181
46.84	10.82195
46.86	10.82196
46.88	10.79041
46.9	10.73113
46.92	10.73452
46.94	10.7367
46.96	10.73894
46.98	10.74148
47	10.74437
47.02	10.74762
47.04	10.75124
47.06	10.75957
47.08	10.76429
47.1	10.76937
47.12	10.77481
47.14	10.78061
47.16	10.78679
47.18	10.79333
47.2	10.80023
47.22	10.80713
47.24	10.81065
47.26	10.81373
47.28	10.82008
47.3	10.82095
47.32	10.8204
47.34	10.8199
47.36	10.81925
47.38	10.81863
47.4	10.81809
47.42	10.81762
47.44	10.81723
47.46	10.80865
47.48	10.71246
47.5	10.61945
47.52	10.527
47.54	10.4351
47.56	10.34375
47.58	10.25295
47.6	10.0693
47.62	9.982074
47.64	9.897014
47.66	9.795485
47.68	9.710793
47.7	9.634043
47.72	9.563553
47.74	9.439715
47.76	9.385952
47.78	9.337395
47.8	9.293884
47.82	9.255265
47.84	9.23398
47.86	9.229256
47.88	9.177979
47.9	9.115541
47.92	9.119164
47.94	9.053505
47.96	8.980217
47.98	8.897145
48	8.833469
48.02	8.740397
48.04	8.680223
48.06	8.557747
48.08	8.534134
48.1	8.386914
48.12	8.238018
48.14	8.239717
48.16	8.082587
48.18	8.093278
48.2	7.986176
48.22	7.830147
48.24	7.783402
48.26	7.671845
48.28	7.624219
48.3	7.511544
48.32	7.462558
48.34	7.34964
48.36	7.153193
48.38	7.158408
48.4	7.043526
48.42	7.073449
48.44	6.910658
48.46	6.949884
48.48	6.774428
48.5	6.819947
48.52	6.69127
48.54	6.508244
48.56	6.565699
48.58	6.380137
48.6	6.443882
48.62	6.255931
48.64	6.326241
48.66	6.213168
48.68	6.02078
48.7	6.105059
48.72	5.910685
48.74	6.002378
48.76	5.806206
48.78	5.905581
48.8	5.815109
48.82	5.615986
48.84	5.731395
48.86	5.531173
48.88	5.654874
48.9	5.453844
48.92	5.585973
48.94	5.384459
48.96	5.525111
48.98	5.323468
49	5.271299
49.02	5.42909
49.04	5.228359
49.06	5.394661
49.08	5.195016
49.1	5.369714
49.12	5.171597
49.14	5.354518
49.16	5.349293
49.18	5.155581
49.2	5.354203
49.22	5.16336
49.24	5.369355
49.26	5.181808
49.28	5.394796
49.3	5.210949
49.32	5.250743
49.34	5.476438
49.36	5.301085
49.38	5.532444
49.4	5.361809
49.42	5.598355
49.44	5.4327
49.46	5.51349
49.48	5.758972
49.5	5.60388
49.52	5.853128
49.54	5.703534
49.56	5.814377
49.58	6.073298
49.6	5.934282
49.62	6.19347
49.64	6.063319
49.66	6.327859
49.68	6.465407
49.7	6.342367
49.72	6.604866
49.74	6.489902
49.76	6.754234
49.78	6.644282
49.8	6.804718
49.82	7.070541
49.84	6.970941
49.86	7.237214
49.88	7.142658
49.9	7.409214
49.92	7.586273
49.94	7.501429
49.96	7.768127
49.98	7.687938
50	7.954529
50.02	7.878857
50.04	8.145244
50.06	8.340049
50.08	8.273
50.1	8.538738
50.12	8.475795
50.14	8.741114
50.16	8.682142
50.18	8.946992
50.2	8.891863
50.22	9.1562
50.24	9.253506
50.26	9.244077
50.28	9.234215
50.3	9.223886
50.32	9.213067
50.34	9.201734
50.36	9.189869
50.38	9.17746
50.4	9.164499
50.42	9.136919
50.44	9.122308
50.46	9.107165
50.48	9.091508
50.5	9.075358
50.52	9.058744
50.54	9.041698
50.56	9.00647
50.58	8.988379
50.6	8.970043
50.62	8.951521
50.64	8.932878
50.66	8.914186
50.68	8.895523
50.7	8.876971
50.72	8.858764
50.74	8.858744
50.76	8.858509
50.78	8.858064
50.8	8.857974
50.82	8.858366
50.84	8.859036
50.86	8.859982
50.88	8.861168
50.9	8.864326
50.92	8.866305
50.94	8.868534
50.96	8.871044
50.98	8.873811
51	8.876865
51.02	8.88018
51.04	8.88379
51.06	8.887667
51.08	8.896292
51.1	8.901046
51.12	8.905383
51.14	8.902166
51.16	8.897089
51.18	8.891802
51.2	8.886449
51.22	8.881116
51.24	8.870545
51.26	8.865322
51.28	8.860123
51.3	8.854981
51.32	8.849864
51.34	8.84481
51.36	8.834823
51.38	8.829895
51.4	8.825035
51.42	8.820211
51.44	8.815462
51.46	8.81075
51.48	8.806116
51.5	8.801523
51.52	8.792547
51.54	8.788169
51.56	8.783837
51.58	8.779596
51.6	8.775408
51.62	8.771314
51.64	8.767273
51.66	8.763333
51.68	8.759452
51.7	8.751957
51.72	8.748348
51.74	8.744805
51.76	8.741376
51.78	8.738014
51.8	8.73477
51.82	8.728547
51.84	8.725572
51.86	8.722723
51.88	8.719954
51.9	8.717317
51.92	8.714762
51.94	8.712342
51.96	8.707817
51.98	8.705714
52	8.703757
52.02	8.701893
52.04	8.700179
52.06	8.698563
52.08	8.697101
52.1	8.69574
52.12	8.693441
52.14	8.692508
52.16	8.691684
52.18	8.691028
52.2	8.690483
52.22	8.690112
52.24	8.689857
52.26	8.689781
52.28	8.690049
52.3	8.690397
52.32	8.690933
52.34	8.691595
52.36	8.692451
52.38	8.693435
52.4	8.695933
52.42	8.697451
52.44	8.699104
52.46	8.700966
52.48	8.702967
52.5	8.705179
52.52	8.707537
52.54	8.712829
52.56	8.71577
52.58	8.71886
52.6	8.722176
52.62	8.725645
52.64	8.729344
52.66	8.733201
52.68	8.741541
52.7	8.746031
52.72	8.750683
52.74	8.755579
52.76	8.760641
52.78	8.765951
52.8	8.771429
52.82	8.777159
52.84	8.78306
52.86	8.789218
52.88	8.802144
52.9	8.808914
52.92	8.815948
52.94	8.823163
52.96	8.830646
52.98	8.838312
53	8.854372
53.02	8.862772
53.04	8.871358
53.06	8.880224
53.08	8.88928
53.1	8.898619
53.12	8.908151
53.14	8.927981
53.16	8.938285
53.18	8.948783
53.2	8.959576
53.22	8.970567
53.24	8.981855
53.26	8.897385
53.28	9.055089
53.3	8.923841
53.32	8.948411
53.34	9.116098
53.36	8.974177
53.38	9.142475
53.4	9.001263
53.42	9.169732
53.44	9.02957
53.46	9.059067
53.48	9.227624
53.5	9.089754
53.52	9.258326
53.54	9.121644
53.56	9.29022
53.58	9.154752
53.6	9.323321
53.62	9.357646
53.64	9.224672
53.66	9.393206
53.68	9.261516
53.7	9.430017
53.72	9.299632
53.74	9.468092
53.76	9.507443
53.78	9.379732
53.8	9.548083
53.82	9.421741
53.84	9.590023
53.86	9.465069
53.88	9.633274
53.9	9.509729
53.92	9.55573
53.94	9.723754
53.96	9.603082
53.98	9.771002
54	9.651792
54.02	9.819601
54.04	9.701872
54.06	9.869558
54.08	9.920884
54.1	9.806163
54.12	9.973585
54.14	9.860392
54.16	10.02767
54.18	9.916016
54.2	10.08314
54.22	9.973042
54.24	10.14001
54.26	10.19827
54.28	10.09132
54.3	10.25794
54.32	10.15258
54.34	10.31902
54.36	10.21526
54.38	10.38152
54.4	10.44543
54.42	10.3449
54.44	10.51075
54.46	10.41186
54.48	10.5775
54.5	10.48024
54.52	10.64568
54.54	10.55006
54.56	10.71528
54.58	10.62131
54.6	10.74979
54.62	10.74667
54.64	10.74521
54.66	10.74387
54.68	10.74266
54.7	10.74165
54.72	10.74086
54.74	10.74034
54.76	10.74016
54.78	10.74066
54.8	10.7425
54.82	10.74478
54.84	10.74629
54.86	10.74809
54.88	10.75059
54.9	10.74978
54.92	10.74017
54.94	10.73009
54.96	10.70931
54.98	10.69893
55	10.68864
55.02	10.67848
55.04	10.66851
55.06	10.65862
55.08	10.64862
55.1	10.62931
55.12	10.61987
55.14	10.61027
55.16	10.60106
55.18	10.59189
55.2	10.58284
55.22	10.57407
55.24	10.56496
55.26	10.54773
55.28	10.53928
55.3	10.5311
55.32	10.52255
55.34	10.51434
55.36	10.50646
55.38	10.49096
55.4	10.483
55.42	10.47535
55.44	10.46801
55.46	10.46068
55.48	10.45359
55.5	10.44619
55.52	10.43908
55.54	10.43225
55.56	10.41896
55.58	10.41256
55.6	10.40578
55.62	10.39933
55.64	10.39315
55.66	10.38715
55.68	10.38115
55.7	10.37536
55.72	10.48277
55.74	10.51639
55.76	10.56628
55.78	10.59321
55.8	10.58957
55.82	10.57965
55.84	10.56855
55.86	10.55721
55.88	10.54577
55.9	10.53416
55.92	10.51013
55.94	10.49754
55.96	10.48444
55.98	10.43846
56	10.3896
56.02	10.3417
56.04	10.29554
56.06	10.25128
56.08	10.16857
56.1	10.13013
56.12	10.09364
56.14	10.0591
56.16	9.921989
56.18	9.804189
56.2	9.717688
56.22	9.618402
56.24	9.555902
56.26	9.59266
56.28	9.517402
56.3	9.650378
56.32	9.522838
56.34	9.561962
56.36	9.645579
56.38	9.68952
56.4	9.734529
56.42	9.780348
56.44	9.826734
56.46	9.873446
56.48	9.920256
56.5	9.966941
56.52	9.966576
56.54	9.96562
56.56	9.96199
56.58	9.959361
56.6	9.956224
56.62	9.952611
56.64	9.94856
56.66	9.94411
56.68	9.93931
56.7	9.805604
56.72	9.683933
56.74	9.670753
56.76	9.791632
56.78	9.702033
56.8	9.831729
56.82	9.721417
56.84	9.853519
56.86	9.739612
56.88	9.831626
56.9	10.02767
56.92	10.13034
56.94	10.19764
56.96	10.21406
56.98	10.21973
57	10.22267
57.02	10.22436
57.04	10.22498
57.06	10.19766
57.08	10.17711
57.1	10.15885
57.12	10.12627
57.14	10.11171
57.16	10.09826
57.18	10.0859
57.2	10.07463
57.22	10.06443
57.24	9.894938
57.26	9.616785
57.28	9.511795
57.3	9.468832
57.32	9.519588
57.34	9.543552
57.36	9.560562
57.38	9.576318
57.4	9.607888
57.42	9.623988
57.44	9.640343
57.46	9.656932
57.48	9.673762
57.5	9.690847
57.52	9.725731
57.54	9.743547
57.56	9.7616
57.58	9.779893
57.6	9.79844
57.62	9.817223
57.64	9.836248
57.66	9.855524
57.68	9.866498
57.7	9.866236
57.72	9.870606
57.74	9.882289
57.76	9.890699
57.78	9.8992
57.8	9.907426
57.82	9.915281
57.84	9.922725
57.86	9.936329
57.88	9.942493
57.9	9.945899
57.92	9.979012
57.94	9.977442
57.96	9.979704
57.98	9.980721
58	9.981597
58.02	9.983979
58.04	9.985525
58.06	9.987324
58.08	9.98928
58.1	9.991523
58.12	9.994022
58.14	9.996679
58.16	9.999626
58.18	10.00619
58.2	10.00987
58.22	10.01371
58.24	10.01786
58.26	10.02217
58.28	10.0268
58.3	10.03159
58.32	10.03669
58.34	10.04203
58.36	10.05343
58.38	10.05949
58.4	10.06579
58.42	10.07234
58.44	10.07912
58.46	10.08616
58.48	10.09343
58.5	10.10095
58.52	10.11672
58.54	10.12496
58.56	10.13347
58.58	10.1422
58.6	10.1512
58.62	10.16043
58.64	10.16991
58.66	10.17963
58.68	10.18962
58.7	10.21031
58.72	10.22102
58.74	10.23199
58.76	10.2432
58.78	10.25467
58.8	10.26638
58.82	10.27835
58.84	10.29055
58.86	10.30302
58.88	10.31573
58.9	10.3287
58.92	10.35537
58.94	10.36908
58.96	10.38305
58.98	10.39727
59	10.41174
59.02	10.42646
59.04	10.44143
59.06	10.45665
59.08	10.48786
59.1	10.50385
59.12	10.52007
59.14	10.52267
59.16	10.52487
59.18	10.521
59.2	10.53869
59.22	10.54755
59.24	10.5504
59.26	10.55337
59.28	10.55432
59.3	10.55512
59.32	10.55567
59.34	10.55674
59.36	10.5573
59.38	10.55789
59.4	10.55849
59.42	10.55912
59.44	10.55977
59.46	10.56112
59.48	10.56183
59.5	10.56256
59.52	10.56331
59.54	10.56408
59.56	10.56568
59.58	10.56651
59.6	10.56736
59.62	10.56822
59.64	10.56911
59.66	10.57001
59.68	10.57091
59.7	10.57184
59.72	10.57278
59.74	10.57374
59.76	10.57471
59.78	10.57665
59.8	10.57764
59.82	10.57862
59.84	10.57961
59.86	10.5806
59.88	10.58158
59.9	10.58256
59.92	10.58353
59.94	10.58449
59.96	10.58544
59.98	10.58728
60	10.58816
60.02	10.58902
60.04	10.58988
60.06	10.59075
60.08	10.59163
60.1	10.59251
60.12	10.59319
60.14	10.59405
60.16	10.59496
60.18	10.59589
60.2	10.59781
60.22	10.5988
60.24	10.5998
60.26	10.60082
60.28	10.60186
60.3	10.60291
60.32	10.60397
60.34	10.60504
60.36	10.60722
60.38	10.60833
60.4	10.60943
60.42	10.61047
60.44	10.61157
60.46	10.61268
60.48	10.61377
60.5	10.61593
60.52	10.61699
60.54	10.61804
60.56	10.61908
60.58	10.62009
60.6	10.62108
60.62	10.62204
60.64	10.62297
60.66	10.62474
60.68	10.62556
60.7	10.62634
60.72	10.62708
60.74	10.62781
60.76	10.6293
60.78	10.63002
60.8	10.63048
60.82	10.63118
60.84	10.63194
60.86	10.63272
60.88	10.63353
60.9	10.63435
60.92	10.63604
60.94	10.63691
60.96	10.63779
60.98	10.63869
61	10.63961
61.02	10.64053
61.04	10.64242
61.06	10.64337
61.08	10.64433
61.1	10.6453
61.12	10.64628
61.14	10.64725
61.16	10.64815
61.18	10.65007
61.2	10.65102
61.22	10.65196
61.24	10.65288
61.26	10.6538
61.28	10.6547
61.3	10.65558
61.32	10.65644
61.34	10.65809
61.36	10.65887
61.38	10.65963
61.4	10.66034
61.42	10.66103
61.44	10.66167
61.46	10.66227
61.48	10.66284
61.5	10.66335
61.52	10.66424
61.54	10.6646
61.56	10.66497
61.58	10.66534
61.6	10.66572
61.62	10.66609
61.64	10.66644
61.66	10.66678
61.68	10.66686
61.7	10.66759
61.72	10.668
61.74	10.66844
61.76	10.6689
61.78	10.66937
61.8	10.66987
61.82	10.67091
61.84	10.67145
61.86	10.67202
61.88	10.6726
61.9	10.67319
61.92	10.6738
61.94	10.67443
61.96	10.67573
61.98	10.67639
62	10.67707
62.02	10.67776
62.04	10.67847
62.06	10.67918
62.08	10.68063
62.1	10.68137
62.12	10.68211
62.14	10.68286
62.16	10.68361
62.18	10.68436
62.2	10.68503
62.22	10.68576
62.24	10.6865
62.26	10.68723
62.28	10.68866
62.3	10.68937
62.32	10.69006
62.34	10.69073
62.36	10.6914
62.38	10.69204
62.4	10.69267
62.42	10.69386
62.44	10.69442
62.46	10.69495
62.48	10.69546
62.5	10.69593
62.52	10.69638
62.54	10.69679
62.56	10.69752
62.58	10.69783
62.6	10.88438
62.62	10.97174
62.64	10.93247
62.66	10.92594
62.68	10.89979
62.7	10.85432
62.72	10.831
62.74	10.80719
62.76	10.78299
62.78	10.75918
62.8	10.7248
62.82	10.71095
62.84	10.61594
62.86	10.50492
62.88	10.47911
62.9	10.38861
62.92	10.38995
62.94	10.32296
62.96	10.32156
62.98	10.2615
63	10.22076
63.02	10.20897
63.04	10.18104
63.06	10.16364
63.08	10.0872
63.1	9.935424
63.12	9.86063
63.14	9.786958
63.16	9.71471
63.18	9.644212
63.2	9.575798
63.22	9.446625
63.24	9.329628
63.26	9.2521
63.28	9.259888
63.3	9.247176
63.32	9.229604
63.34	9.211033
63.36	9.192291
63.38	9.173533
63.4	9.136056
63.42	9.117356
63.44	9.098671
63.46	9.08002
63.48	9.061383
63.5	9.042781
63.52	9.005641
63.54	8.987103
63.56	8.968601
63.58	8.950115
63.6	8.931665
63.62	8.913231
63.64	8.894834
63.66	8.876451
63.68	8.858109
63.7	8.821494
63.72	8.803223
63.74	8.784991
63.76	8.766776
63.78	8.748602
63.8	8.730445
63.82	8.69423
63.84	8.676173
63.86	8.658134
63.88	8.640139
63.9	8.622161
63.92	8.604227
63.94	8.568439
63.96	8.550589
63.98	8.532782
64	8.514995
64.02	8.497253
64.04	8.479532
64.06	8.461857
64.08	8.444203
64.1	8.409012
64.12	8.391474
64.14	8.373959
64.16	8.356491
64.18	8.339047
64.2	8.321651
64.22	8.286957
64.24	8.269659
64.26	8.252412
64.28	8.235189
64.3	8.218017
64.32	8.200871
64.34	8.183777
64.36	8.16671
64.38	8.132706
64.4	8.115769
64.42	8.098863
64.44	8.082009
64.46	8.065185
64.48	8.048414
64.5	8.031673
64.52	8.014987
64.54	7.998332
64.56	7.965163
64.58	7.948651
64.6	7.932171
64.62	7.915748
64.64	7.899358
64.66	7.883026
64.68	7.866727
64.7	7.834283
64.72	7.818138
64.74	7.802028
64.76	7.785978
64.78	7.769965
64.8	7.754013
64.82	7.722256
64.84	7.70645
64.86	7.690699
64.88	7.674996
64.9	7.659347
64.92	7.643747
64.94	7.628203
64.96	7.612709
64.98	7.581882
65	7.566552
65.02	7.551274
65.04	7.536053
65.06	7.520885
65.08	7.505775
65.1	7.475725
65.12	7.460784
65.14	7.445903
65.16	7.431079
65.18	7.416315
65.2	7.401609
65.22	7.372379
65.24	7.357855
65.26	7.343391
65.28	7.328991
65.3	7.314651
65.32	7.300376
65.34	7.286162
65.36	7.272014
65.38	7.243908
65.4	7.229952
65.42	7.216064
65.44	7.20224
65.46	7.188486
65.48	7.174796
65.5	7.161176
65.52	7.147622
65.54	7.13414
65.56	7.120724
65.58	7.107381
65.6	7.080904
65.62	7.067772
65.64	7.054714
65.66	7.041726
65.68	7.028814
65.7	7.015973
65.72	7.003209
65.74	6.990517
65.76	6.977902
65.78	6.965361
65.8	6.940512
65.82	6.928204
65.84	6.915972
65.86	6.903821
65.88	6.891746
65.9	6.879754
65.92	6.86784
65.94	6.844256
65.96	6.832589
65.98	6.821001
66	6.809499
66.02	6.798078
66.04	6.786744
66.06	6.764328
66.08	6.753247
66.1	6.742256
66.12	6.731349
66.14	6.720531
66.16	6.7098
66.18	6.69916
66.2	6.688606
66.22	6.678145
66.24	6.657493
66.26	6.647303
66.28	6.637207
66.3	6.627201
66.32	6.617291
66.34	6.607473
66.36	6.597751
66.38	6.578591
66.4	6.569154
66.42	6.559815
66.44	6.550572
66.46	6.541429
66.48	6.532382
66.5	6.523436
66.52	6.514587
66.54	6.497193
66.56	6.488648
66.58	6.480203
66.6	6.471862
66.62	6.463622
66.64	6.455487
66.66	6.447454
66.68	6.431704
66.7	6.423988
66.72	6.416376
66.74	6.408873
66.76	6.401475
66.78	6.394186
66.8	6.379931
66.82	6.372966
66.84	6.366114
66.86	6.359369
66.88	6.352737
66.9	6.346214
66.92	6.339805
66.94	6.327322
66.96	6.321249
66.98	6.315292
67	6.309446
67.02	6.303718
67.04	6.298102
67.06	6.292604
67.08	6.28722
67.1	6.281954
67.12	6.276803
67.14	6.266857
67.16	6.262062
67.18	6.257383
67.2	6.252826
67.22	6.248386
67.24	6.244069
67.26	6.239869
67.28	6.235793
67.3	6.231835
67.32	6.228002
67.34	6.224288
67.36	6.220698
67.38	6.217228
67.4	6.210661
67.42	6.207565
67.44	6.204589
67.46	6.201741
67.48	6.199016
67.5	6.196417
67.52	6.191595
67.54	6.189371
67.56	6.187276
67.58	6.185306
67.6	6.183465
67.62	6.181748
67.64	6.180161
67.66	6.1787
67.68	6.17737
67.7	6.17509
67.72	6.174143
67.74	6.173326
67.76	6.172636
67.78	6.172078
67.8	6.171648
67.82	6.171349
67.84	6.171138
67.86	6.171227
67.88	6.17145
67.9	6.1718
67.92	6.172283
67.94	6.172894
67.96	6.174513
67.98	6.17552
68	6.176656
68.02	6.177927
68.04	6.179325
68.06	6.180858
68.08	6.18252
68.1	6.184316
68.12	6.188302
68.14	6.190491
68.16	6.192813
68.18	6.195266
68.2	6.197853
68.22	6.200569
68.24	6.20342
68.26	6.2064
68.28	6.212757
68.3	6.216135
68.32	6.219641
68.34	6.223282
68.36	6.227052
68.38	6.230956
68.4	6.234989
68.42	6.239155
68.44	6.24788
68.46	6.252437
68.48	6.257127
68.5	6.261946
68.52	6.266898
68.54	6.271978
68.56	6.277191
68.58	6.282531
68.6	6.288004
68.62	6.299336
68.64	6.305195
68.66	6.311186
68.68	6.317303
68.7	6.323552
68.72	6.329927
68.74	6.336432
68.76	6.343064
68.78	6.349826
68.8	6.356712
68.82	6.363729
68.84	6.37814
68.86	6.385535
68.88	6.393058
68.9	6.400705
68.92	6.408481
68.94	6.416379
68.96	6.424405
68.98	6.440828
69	6.449225
69.02	6.457748
69.04	6.466393
69.06	6.475163
69.08	6.484054
69.1	6.49307
69.12	6.502205
69.14	6.511465
69.16	6.530345
69.18	6.539966
69.2	6.549709
69.22	6.559569
69.24	6.569552
69.26	6.579652
69.28	6.589872
69.3	6.600209
69.32	6.621239
69.34	6.631931
69.36	6.642738
69.38	6.653664
69.4	6.664703
69.42	6.67586
69.44	6.68713
69.46	6.698518
69.48	6.710017
69.5	6.733358
69.52	6.745201
69.54	6.757153
69.56	6.769282
69.58	6.781474
69.6	6.793718
69.62	6.80611
69.64	6.818622
69.66	6.843973
69.68	6.856811
69.7	6.869744
69.72	6.882767
69.74	6.89593
69.76	6.909196
69.78	6.936014
69.8	6.9496
69.82	6.963289
69.84	6.977076
69.86	6.990972
69.88	7.004973
69.9	7.019075
69.92	7.033282
69.94	7.061998
69.96	7.076508
69.98	7.091119
70	7.105828
70.02	7.120639
70.04	7.135547
70.06	7.165661
70.08	7.180866
70.1	7.196166
70.12	7.211564
70.14	7.227057
70.16	7.242647
70.18	7.258331
70.2	7.289984
70.22	7.305954
70.24	7.322014
70.26	7.338169
70.28	7.354414
70.3	7.370755
70.32	7.387184
70.34	7.403707
70.36	7.437022
70.38	7.453813
70.4	7.470695
70.42	7.487664
70.44	7.504723
70.46	7.521868
70.48	7.556422
70.5	7.57383
70.52	7.591322
70.54	7.608902
70.56	7.626565
70.58	7.644314
70.6	7.662146
70.62	7.680063
70.64	7.716146
70.66	7.734311
70.68	7.752559
70.7	7.770887
70.72	7.789298
70.74	7.807788
70.76	7.82636
70.78	7.86374
70.8	7.882549
70.82	7.901437
70.84	7.920402
70.86	7.933419
70.88	7.934312
70.9	7.934058
70.92	7.932975
70.94	7.9316
70.96	7.928728
70.98	7.927293
71	7.925868
71.02	7.924454
71.04	7.923054
71.06	7.92167
71.08	7.918962
71.1	7.917643
71.12	7.916317
71.14	7.914904
71.16	7.913566
71.18	7.912053
71.2	7.910686
71.22	7.909351
71.24	7.90803
71.26	7.90542
71.28	7.904135
71.3	7.902781
71.32	7.901506
71.34	7.900256
71.36	7.899028
71.38	7.897807
71.4	7.896613
71.42	7.894322
71.44	7.893232
71.46	7.892183
71.48	7.89113
71.5	7.890133
71.52	7.889139
71.54	7.888162
71.56	7.886811
71.58	7.885752
71.6	7.884746
71.62	7.882776
71.64	7.881805
71.66	7.880845
71.68	7.879897
71.7	7.878961
71.72	7.877021
71.74	7.876113
71.76	7.875233
71.78	7.874376
71.8	7.873531
71.82	7.872711
71.84	7.871918
71.86	7.871156
71.88	7.870426
71.9	7.869069
71.92	7.868445
71.94	7.867862
71.96	7.867319
71.98	7.86682
72	7.866316
72.02	7.865865
72.04	7.865413
72.06	7.864967
72.08	7.864161
72.1	7.863648
72.12	7.863184
72.14	7.862731
72.16	7.862284
72.18	7.861399
72.2	7.860962
72.22	7.86053
72.24	7.860102
72.26	7.85968
72.28	7.859262
72.3	7.858851
72.32	7.858046
72.34	7.857653
72.36	7.857268
72.38	7.85689
72.4	7.85652
72.42	7.856159
72.44	7.855806
72.46	7.855129
72.48	7.854806
72.5	7.854494
72.52	7.854192
72.54	7.853902
72.56	7.853624
72.58	7.853359
72.6	7.852749
72.62	7.852522
72.64	7.85231
72.66	7.852115
72.68	7.506748
72.7	8.920127
72.72	9.128841
72.74	9.136381
72.76	9.138518
72.78	9.139714
72.8	9.140868
72.82	9.139741
72.84	9.158499
72.86	9.188967
72.88	9.192703
72.9	9.19608
72.92	9.199664
72.94	9.203586
72.96	9.207889
72.98	9.212601
73	9.21775
73.02	9.229463
73.04	9.236085
73.06	9.243258
73.08	9.251015
73.1	9.259389
73.12	9.268414
73.14	9.278127
73.16	9.288564
73.18	9.299765
73.2	9.324616
73.22	9.338954
73.24	9.353086
73.26	9.377435
73.28	9.402379
73.3	9.431869
73.32	9.460104
73.34	9.493365
73.36	9.551621
7