0.02	11.98995
0.04	11.97609
0.06	11.3017
0.08	11.45913
0.1	10.82163
0.12	10.96636
0.14	10.37211
0.16	9.960133
0.18	10.07649
0.2	9.59383
0.22	9.693018
0.24	9.277295
0.26	9.355371
0.28	9.02048
0.3	8.841203
0.32	8.881793
0.34	8.780534
0.36	8.851244
0.38	8.818156
0.4	8.904981
0.42	8.950246
0.44	8.903484
0.46	8.999475
0.48	8.956382
0.5	9.054743
0.52	9.015653
0.54	8.922586
0.56	8.926367
0.58	8.830422
0.6	8.837131
0.62	8.741993
0.64	8.659852
0.66	8.676159
0.68	8.586157
0.7	8.608173
0.72	8.521173
0.74	8.548957
0.76	8.465118
0.78	8.498714
0.8	8.418184
0.82	8.457622
0.84	8.425822
0.86	8.352311
0.88	8.403436
0.9	8.333621
0.92	8.390553
0.94	8.324543
0.96	8.387232
0.98	8.325125
1	8.3935
1.02	8.409353
1.04	8.355294
1.06	8.434754
1.08	8.384814
1.1	8.469638
1.12	8.468207
1.14	8.445232
1.16	8.422506
1.18	8.400087
1.2	8.378036
1.22	8.356421
1.24	8.335319
1.26	8.294976
1.28	8.275917
1.3	8.25773
1.32	8.240521
1.34	8.235007
1.36	8.233727
1.38	8.229342
1.4	8.224858
1.42	8.217583
1.44	8.214935
1.46	8.212848
1.48	8.211484
1.5	8.210679
1.52	8.205235
1.54	8.194842
1.56	8.183107
1.58	8.15994
1.6	8.148828
1.62	8.137488
1.64	8.12612
1.66	8.115371
1.68	8.104397
1.7	8.093363
1.72	8.083001
1.74	8.061769
1.76	8.051794
1.78	8.041606
1.8	8.031348
1.82	8.021752
1.84	8.011951
1.86	8.002089
1.88	7.99286
1.9	7.983437
1.92	7.97396
1.94	7.965086
1.96	7.95603
1.98	7.946927
2	7.938395
2.02	7.920952
2.04	7.91275
2.06	7.904392
2.08	7.896361
2.1	7.888536
2.12	7.88065
2.14	7.864824
2.16	7.857254
2.18	7.850162
2.2	7.84222
2.22	7.835103
2.24	7.827971
2.26	7.821291
2.28	7.813781
2.3	7.800361
2.32	7.794071
2.34	7.787005
2.36	7.78069
2.38	7.774382
2.4	7.768461
2.42	7.761956
2.44	7.755846
2.46	7.750116
2.48	7.744282
2.5	7.732534
2.52	7.727187
2.54	7.721773
2.56	7.71666
2.58	7.711019
2.6	7.705754
2.62	7.700853
2.64	7.695905
2.66	7.691236
2.68	7.686064
2.7	7.676776
2.72	7.672268
2.74	7.668012
2.76	7.66331
2.78	7.658938
2.8	7.654857
2.82	7.65088
2.84	7.64696
2.86	7.643242
2.88	7.638997
2.9	7.635267
2.92	7.544258
2.94	7.489602
2.96	7.463651
2.98	7.456469
3	7.45563
3.02	7.456201
3.04	7.45629
3.06	7.455893
3.08	7.455015
3.1	7.453667
3.12	7.451869
3.14	7.372766
3.16	7.38691
3.18	7.345932
3.2	7.371486
3.22	7.324399
3.24	7.41813
3.26	7.336216
3.28	7.432828
3.3	7.441589
3.32	7.446052
3.34	7.401511
3.36	7.35026
3.38	7.30066
3.4	7.254158
3.42	7.210813
3.44	7.17042
3.46	7.132742
3.48	7.064658
3.5	6.878416
3.52	6.710169
3.54	6.562359
3.56	6.437474
3.58	6.350164
3.6	6.326399
3.62	6.299696
3.64	6.268639
3.66	6.233036
3.68	6.192961
3.7	6.196849
3.72	6.193917
3.74	6.190895
3.76	6.188037
3.78	6.185401
3.8	6.183007
3.82	6.204403
3.84	6.188458
3.86	6.210818
3.88	6.237374
3.9	6.288764
3.92	6.316855
3.94	6.346982
3.96	6.377629
3.98	6.408479
4	6.439452
4.02	6.470511
4.04	6.501634
4.06	6.532032
4.08	6.565472
4.1	6.600058
4.12	6.671419
4.14	6.708232
4.16	6.752805
4.18	6.729243
4.2	6.738101
4.22	6.74678
4.24	6.75555
4.26	6.764302
4.28	6.773193
4.3	6.782106
4.32	6.791165
4.34	6.800212
4.36	6.809415
4.38	6.827934
4.4	6.837393
4.42	6.846881
4.44	6.856435
4.46	6.86617
4.48	6.875937
4.5	6.885776
4.52	6.895808
4.54	6.905874
4.56	6.926371
4.58	6.936761
4.6	6.947236
4.62	6.95793
4.64	6.968667
4.66	6.979496
4.68	6.990556
4.7	7.001665
4.72	7.012872
4.74	7.035831
4.76	7.047444
4.78	7.059316
4.8	7.071213
4.82	7.083277
4.84	7.095471
4.86	7.107839
4.88	7.120341
4.9	7.133025
4.92	7.14585
4.94	7.158862
4.96	7.185376
4.98	7.198884
5	7.212592
5.02	7.22646
5.04	7.240536
5.06	7.254778
5.08	7.269235
5.1	7.283864
5.12	7.298717
5.14	7.329006
5.16	7.34445
5.18	7.360131
5.2	7.376003
5.22	7.392119
5.24	7.408433
5.26	7.424998
5.28	7.441767
5.3	7.458795
5.32	7.493536
5.34	7.511257
5.36	7.52925
5.38	7.547467
5.4	7.565965
5.42	7.584692
5.44	7.585402
5.46	7.582883
5.48	7.57434
5.5	7.569387
5.52	7.564337
5.54	7.559354
5.56	7.554173
5.58	7.548869
5.6	7.538565
5.62	7.533453
5.64	7.52829
5.66	7.522743
5.68	7.517587
5.7	7.51232
5.72	7.507198
5.74	7.502037
5.76	7.491241
5.78	7.48596
5.8	7.480848
5.82	7.4757
5.84	7.470046
5.86	7.464893
5.88	7.459622
5.9	7.454531
5.92	7.449407
5.94	7.438627
5.96	7.433377
5.98	7.428317
6	7.423222
6.02	7.417586
6.04	7.412491
6.06	7.407273
6.08	7.396546
6.1	7.391459
6.12	7.38625
6.14	7.381055
6.16	7.375524
6.18	7.370435
6.2	7.365224
6.22	7.354483
6.24	7.349192
6.26	7.344079
6.28	7.33896
6.3	7.33341
6.32	7.328115
6.34	7.323002
6.36	7.317885
6.38	7.31233
6.4	7.307036
6.42	7.30193
6.44	7.296822
6.46	7.285977
6.48	7.280885
6.5	7.275791
6.52	7.270237
6.54	7.264964
6.56	7.259892
6.58	7.254819
6.6	7.249276
6.62	7.244022
6.64	7.238977
6.66	7.228406
6.68	7.223177
6.7	7.218166
6.72	7.213155
6.74	7.207652
6.76	7.202456
6.78	7.197485
6.8	7.192514
6.82	7.187041
6.84	7.181884
6.86	7.172033
6.88	7.166595
6.9	7.161484
6.92	7.156609
6.94	7.151736
6.96	7.146341
6.98	7.14128
7	7.136462
7.02	7.131648
7.04	7.126301
7.06	7.121296
7.08	7.11654
7.1	7.106496
7.12	7.101554
7.14	7.096866
7.16	7.092184
7.18	7.086951
7.2	7.082076
7.22	7.077461
7.24	7.072853
7.26	7.067685
7.28	7.062882
7.3	7.058346
7.32	7.053817
7.34	7.04872
7.36	7.043995
7.38	7.039542
7.4	7.030074
7.42	7.025432
7.44	7.021066
7.46	7.01671
7.48	7.007215
7.5	7.00294
7.52	6.998677
7.54	6.99382
7.56	6.989358
7.58	6.985181
7.6	6.981015
7.62	6.976249
7.64	6.967806
7.66	6.963742
7.68	6.95907
7.7	6.954805
7.72	6.950833
7.74	6.946874
7.76	6.93814
7.78	6.934277
7.8	6.930428
7.82	6.925957
7.84	6.921905
7.86	6.918154
7.88	6.914418
7.9	6.906114
7.92	6.902479
7.94	6.898859
7.96	6.894606
7.98	6.890782
8	6.887266
8.02	6.879626
8.04	6.875922
8.06	6.872529
8.08	6.869152
8.1	6.865129
8.12	6.861547
8.14	6.855029
8.16	6.851128
8.18	6.847672
8.2	6.844532
8.22	6.841411
8.24	6.837634
8.26	6.834306
8.28	6.828308
8.3	6.824658
8.32	6.821462
8.34	6.818587
8.36	6.815732
8.38	6.812212
8.4	6.806411
8.42	6.803693
8.44	6.800305
8.46	6.79738
8.48	6.79478
8.5	6.788949
8.52	6.786162
8.54	6.783489
8.56	6.780537
8.58	6.777912
8.6	6.775319
8.62	6.770025
8.64	6.767519
8.66	6.764852
8.68	6.76245
8.7	6.760038
8.72	6.757477
8.74	6.755178
8.76	6.752863
8.78	6.750404
8.8	6.745998
8.82	6.743643
8.84	6.741557
8.86	6.739451
8.88	6.737203
8.9	6.735229
8.92	6.733233
8.94	6.729237
8.96	6.727355
8.98	6.725333
9	6.723592
9.02	6.72183
9.04	6.719925
9.06	6.718307
9.08	6.716666
9.1	6.713393
9.12	6.711877
9.14	6.71022
9.16	6.70886
9.18	6.707473
9.2	6.705945
9.22	6.704718
9.24	6.70207
9.26	6.70098
9.28	6.699862
9.3	6.698604
9.32	6.697654
9.34	6.695557
9.36	6.694751
9.38	6.693916
9.4	6.69294
9.42	6.692281
9.44	6.691592
9.46	6.690762
9.48	6.690254
9.5	6.689034
9.52	6.688677
9.54	6.68829
9.56	6.687761
9.58	6.687562
9.6	6.687329
9.62	6.686956
9.64	6.686915
9.66	6.686625
9.68	6.686747
9.7	6.686833
9.72	6.686778
9.74	6.687063
9.76	6.687312
9.78	6.687421
9.8	6.687872
9.82	6.688563
9.84	6.689183
9.86	6.689767
9.88	6.69021
9.9	6.691002
9.92	6.691756
9.94	6.69237
9.96	6.693336
9.98	6.695049
10	6.69619
10.02	6.697292
10.04	6.698254
10.06	6.699573
10.08	6.700852
10.1	6.70199
10.12	6.703488
10.14	6.704947
10.16	6.706264
10.18	6.709582
10.2	6.71108
10.22	6.712942
10.24	6.714763
10.26	6.716443
10.28	6.71849
10.3	6.720495
10.32	6.722359
10.34	6.724592
10.36	6.726782
10.38	6.731251
10.4	6.733627
10.42	6.735863
10.44	6.738472
10.46	6.741036
10.48	6.743459
10.5	6.749011
10.52	6.751623
10.54	6.754611
10.56	6.757555
10.58	6.760357
10.6	6.763536
10.62	6.76667
10.64	6.769663
10.66	6.776361
10.68	6.779545
10.7	6.78311
10.72	6.786628
10.74	6.790005
10.76	6.793764
10.78	6.797475
10.8	6.801045
10.82	6.804997
10.84	6.808902
10.86	6.812664
10.88	6.82091
10.9	6.824865
10.92	6.829206
10.94	6.833498
10.96	6.837648
10.98	6.842184
11	6.846673
11.02	6.851016
11.04	6.855746
11.06	6.860427
11.08	6.86989
11.1	6.874766
11.12	6.879498
11.14	6.884617
11.16	6.889688
11.18	6.899928
11.2	6.905193
11.22	6.910312
11.24	6.91582
11.26	6.921278
11.28	6.926591
11.3	6.932292
11.32	6.937945
11.34	6.943451
11.36	6.949345
11.38	6.960889
11.4	6.966976
11.42	6.973014
11.44	6.978904
11.46	6.985183
11.48	6.991413
11.5	6.997495
11.52	7.010386
11.54	7.016659
11.56	7.02332
11.58	7.029931
11.6	7.036394
11.62	7.043244
11.64	7.050044
11.66	7.056696
11.68	7.070725
11.7	7.077565
11.72	7.084791
11.74	7.091968
11.76	7.098996
11.78	7.10641
11.8	7.113773
11.82	7.120987
11.84	7.136136
11.86	7.143534
11.88	7.151318
11.9	7.15905
11.92	7.166635
11.94	7.174601
11.96	7.182518
11.98	7.198433
12	7.206531
12.02	7.214479
12.04	7.222809
12.06	7.231088
12.08	7.239216
12.1	7.247725
12.12	7.256184
12.14	7.264491
12.16	7.281814
12.18	7.290298
12.2	7.299162
12.22	7.307974
12.24	7.316635
12.26	7.325673
12.28	7.334661
12.3	7.352708
12.32	7.361869
12.34	7.370878
12.36	7.380262
12.38	7.389595
12.4	7.398775
12.42	7.408329
12.44	7.417832
12.46	7.427184
12.48	7.436906
12.5	7.456097
12.52	7.465987
12.54	7.475826
12.56	7.485513
12.58	7.495567
12.6	7.505571
12.62	7.515424
12.64	7.525642
12.66	7.53581
12.68	7.556207
12.7	7.566536
12.72	7.576714
12.74	7.587255
12.76	7.597745
12.78	7.608084
12.8	7.618783
12.82	7.629432
12.84	7.650785
12.86	7.66159
12.88	7.672244
12.9	7.683256
12.92	7.694216
12.94	7.705024
12.96	7.716189
12.98	7.727303
13	7.749582
13.02	7.760847
13.04	7.77196
13.06	7.783427
13.08	7.794841
13.1	7.806104
13.12	7.817719
13.14	7.840693
13.16	7.852453
13.18	7.864162
13.2	7.87572
13.22	7.887625
13.24	7.899478
13.26	7.91118
13.28	7.935223
13.3	7.947068
13.32	7.959257
13.34	7.971393
13.36	7.983378
13.38	7.995706
13.4	8.007981
13.42	8.020106
13.44	8.044983
13.46	8.057245
13.48	8.069845
13.5	8.082393
13.52	8.09479
13.54	8.107524
13.56	8.120206
13.58	8.132737
13.6	8.158416
13.62	8.17108
13.64	8.184073
13.66	8.197018
13.68	8.209811
13.7	8.222936
13.72	8.236007
13.74	8.24893
13.76	8.275378
13.78	8.288427
13.8	8.301803
13.82	8.315125
13.84	8.3283
13.86	8.341797
13.88	8.355244
13.9	8.382161
13.92	8.395729
13.94	8.409149
13.96	8.422887
13.98	8.436575
14	8.450115
14.02	8.477777
14.04	8.491436
14.06	8.505408
14.08	8.519331
14.1	8.533106
14.12	8.547193
14.14	8.56123
14.16	8.57512
14.18	8.58932
14.2	8.60347
14.22	8.617473
14.24	8.631784
14.26	8.660161
14.28	8.674582
14.3	8.688953
14.32	8.703179
14.34	8.717709
14.36	8.732187
14.38	8.746522
14.4	8.761157
14.42	8.790184
14.44	8.804926
14.46	8.819616
14.48	8.834163
14.5	8.849008
14.52	8.863802
14.54	8.878452
14.56	8.893398
14.58	8.908295
14.6	8.938094
14.62	8.953092
14.64	8.967945
14.66	8.98309
14.68	8.998186
14.7	9.013139
14.72	9.043575
14.74	9.058626
14.76	9.073965
14.78	9.089254
14.8	9.104403
14.82	9.119835
14.84	9.150462
14.86	9.165988
14.88	9.181465
14.9	9.196801
14.92	9.21242
14.94	9.227989
14.96	9.243418
14.98	9.259126
15	9.274785
15.02	9.290304
15.04	9.321849
15.06	9.337458
15.08	9.353342
15.1	9.369179
15.12	9.384875
15.14	9.400846
15.16	9.416769
15.18	9.448276
15.2	9.464237
15.22	9.480139
15.24	9.496272
15.26	9.512341
15.28	9.5283
15.3	9.55946
15.32	9.575199
15.34	9.591371
15.36	9.607509
15.38	9.623049
15.4	9.639256
15.42	9.655457
15.44	9.688035
15.46	9.70434
15.48	9.720553
15.5	9.737
15.52	9.753389
15.54	9.769661
15.56	9.78618
15.58	9.818994
15.6	9.835588
15.62	9.852137
15.64	9.868555
15.66	9.885224
15.68	9.918344
15.7	9.935088
15.72	9.951789
15.74	9.968357
15.76	9.985176
15.78	10.00195
15.8	10.01859
15.82	10.05233
15.84	10.06905
15.86	10.08601
15.88	10.10293
15.9	10.11972
15.92	10.13675
15.94	10.15374
15.96	10.1706
15.98	10.1877
16	10.22169
16.02	10.23886
16.04	10.25599
16.06	10.27299
16.08	10.29023
16.1	10.30742
16.12	10.32449
16.14	10.35905
16.16	10.37618
16.18	10.39355
16.2	10.41088
16.22	10.42808
16.24	10.44551
16.26	10.4629
16.28	10.48016
16.3	10.49766
16.32	10.53244
16.34	10.55
16.36	10.56752
16.38	10.58491
16.4	10.60253
16.42	10.62011
16.44	10.63756
16.46	10.65524
16.48	10.69039
16.5	10.70813
16.52	10.72583
16.54	10.7434
16.56	10.7612
16.58	10.77896
16.6	10.79659
16.62	10.81444
16.64	10.81602
16.66	10.75427
16.68	10.60707
16.7	10.57619
16.72	10.44961
16.74	10.42135
16.76	10.3268
16.78	10.30299
16.8	10.22264
16.82	10.19625
16.84	10.18173
16.86	10.14352
16.88	10.12909
16.9	10.11323
16.92	10.07506
16.94	10.05601
16.96	9.994436
16.98	9.952003
17	9.928584
17.02	9.884421
17.04	9.649306
17.06	9.465168
17.08	9.315269
17.1	9.296908
17.12	9.285099
17.14	9.278962
17.16	9.278337
17.18	9.279541
17.2	9.274407
17.22	9.270256
17.24	9.254857
17.26	9.218966
17.28	9.200899
17.3	9.182824
17.32	9.165027
17.34	9.147242
17.36	9.129697
17.38	9.11233
17.4	9.094981
17.42	9.06092
17.44	9.043996
17.46	9.027296
17.48	9.010766
17.5	8.994258
17.52	8.977967
17.54	8.961842
17.56	8.929851
17.58	8.91412
17.6	8.898417
17.62	8.882917
17.64	8.867573
17.66	8.85226
17.68	8.837143
17.7	8.807246
17.72	8.792503
17.74	8.777908
17.76	8.76335
17.78	8.748975
17.8	8.734743
17.82	8.72055
17.84	8.706534
17.86	8.692657
17.88	8.678823
17.9	8.651632
17.92	8.63815
17.94	8.624833
17.96	8.611648
17.98	8.59851
18	8.58553
18.02	8.572606
18.04	8.559866
18.06	8.547179
18.08	8.522165
18.1	8.509862
18.12	8.497616
18.14	8.485514
18.16	8.473474
18.18	8.461597
18.2	8.438107
18.22	8.426497
18.24	8.415039
18.26	8.40365
18.28	8.392344
18.3	8.381184
18.32	8.359168
18.34	8.348282
18.36	8.337534
18.38	8.326864
18.4	8.316328
18.42	8.305872
18.44	8.295506
18.46	8.285264
18.48	8.275109
18.5	8.265074
18.52	8.245275
18.54	8.235536
18.56	8.22589
18.58	8.216352
18.6	8.206911
18.62	8.19757
18.64	8.18833
18.66	8.179192
18.68	8.153303
18.7	8.137979
18.72	8.122976
18.74	8.108062
18.76	8.107365
18.78	8.082726
18.8	8.107879
18.82	8.156056
18.84	8.225884
18.86	8.316198
18.88	8.425726
18.9	8.55313
18.92	8.697034
18.94	8.856112
18.96	9.021607
18.98	9.185589
19	9.131406
19.02	9.075933
19.04	8.961558
19.06	8.900904
19.08	8.841612
19.1	8.780026
19.12	8.719728
19.14	8.657822
19.16	8.296284
19.18	8.049769
19.2	7.863917
19.22	7.75702
19.24	7.753051
19.26	7.766935
19.28	7.888287
19.3	7.832308
19.32	7.960657
19.34	7.888564
19.36	7.868953
19.38	7.832499
19.4	7.81552
19.42	7.799291
19.44	7.783752
19.46	7.768854
19.48	7.754549
19.5	7.787687
19.52	7.773442
19.54	7.825413
19.56	7.874926
19.58	7.92192
19.6	8.008114
19.62	8.04721
19.64	8.083576
19.66	8.117172
19.68	8.147961
19.7	8.175912
19.72	8.147686
19.74	8.195672
19.76	8.20863
19.78	8.212118
19.8	8.212347
19.82	8.212588
19.84	8.212726
19.86	8.212969
19.88	8.213168
19.9	8.21348
19.92	8.213703
19.94	8.21435
19.96	8.214777
19.98	8.215115
20	8.215584
20.02	8.216015
20.04	8.216455
20.06	8.217034
20.08	8.217579
20.1	8.218842
20.12	8.219514
20.14	8.220201
20.16	8.221049
20.18	8.221866
20.2	8.222702
20.22	8.224685
20.24	8.225685
20.26	8.226866
20.28	8.22802
20.3	8.229203
20.32	8.230575
20.34	8.231924
20.36	8.234888
20.38	8.236451
20.4	8.238052
20.42	8.239863
20.44	8.241658
20.46	8.243497
20.48	8.245554
20.5	8.247601
20.52	8.25202
20.54	8.254298
20.56	8.256811
20.58	8.259281
20.6	8.261872
20.62	8.264542
20.64	8.267338
20.66	8.273229
20.68	8.276326
20.7	8.279562
20.72	8.282888
20.74	8.286359
20.76	8.289923
20.78	8.293636
20.8	8.301415
20.82	8.305486
20.84	8.309716
20.86	8.314054
20.88	8.318557
20.9	8.323174
20.92	8.32796
20.94	8.337945
20.96	8.343147
20.98	8.348532
21	8.354043
21.02	8.359741
21.04	8.365571
21.06	8.371593
21.08	8.38411
21.1	8.390611
21.12	8.397313
21.14	8.404162
21.16	8.411222
21.18	8.418432
21.2	8.425857
21.22	8.433439
21.24	8.44124
21.26	8.449205
21.28	8.465751
21.3	8.474338
21.32	8.483097
21.34	8.492092
21.36	8.501265
21.38	8.520275
21.4	8.530119
21.42	8.54015
21.44	8.550432
21.46	8.560907
21.48	8.571641
21.5	8.582571
21.52	8.593763
21.54	8.605159
21.56	8.628692
21.58	8.640835
21.6	8.653191
21.62	8.665824
21.64	8.678675
21.66	8.691808
21.68	8.705164
21.7	8.732677
21.72	8.74684
21.74	8.761234
21.76	8.775925
21.78	8.790853
21.8	8.806082
21.82	8.82166
21.84	8.837688
21.86	8.853712
21.88	8.88663
21.9	8.903529
21.92	8.920683
21.94	8.938155
21.96	8.955887
21.98	8.973941
22	9.010902
22.02	9.029815
22.04	9.049057
22.06	9.068571
22.08	9.06171
22.1	9.055291
22.12	9.049016
22.14	9.042576
22.16	9.029376
22.18	9.023106
22.2	9.016696
22.22	9.010442
22.24	9.003713
22.26	8.997216
22.28	8.990934
22.3	8.978453
22.32	8.972339
22.34	8.965615
22.36	8.959191
22.38	8.953009
22.4	8.946882
22.42	8.940738
22.44	8.928094
22.46	8.921769
22.48	8.915691
22.5	8.90967
22.52	8.903629
22.54	8.897728
22.56	8.891191
22.58	8.878993
22.6	8.87307
22.62	8.867127
22.64	8.861324
22.66	8.85489
22.68	8.848767
22.7	8.842886
22.72	8.837056
22.74	8.831206
22.76	8.825493
22.78	8.813129
22.8	8.807336
22.82	8.801593
22.84	8.79583
22.86	8.790201
22.88	8.783957
22.9	8.778016
22.92	8.772306
22.94	8.766645
22.96	8.760963
22.98	8.755413
23	8.743398
23.02	8.737765
23.04	8.73218
23.06	8.726574
23.08	8.721098
23.1	8.709241
23.12	8.703683
23.14	8.69817
23.16	8.692636
23.18	8.687231
23.2	8.675522
23.22	8.670033
23.24	8.664588
23.26	8.659122
23.28	8.653783
23.3	8.647856
23.32	8.642216
23.34	8.636793
23.36	8.631413
23.38	8.620735
23.4	8.614876
23.42	8.609301
23.44	8.603941
23.46	8.598622
23.48	8.593283
23.5	8.588067
23.52	8.582273
23.54	8.576759
23.56	8.566199
23.58	8.560919
23.6	8.555761
23.62	8.550028
23.64	8.544574
23.66	8.539331
23.68	8.534128
23.7	8.523803
23.72	8.518127
23.74	8.512731
23.76	8.507544
23.78	8.502395
23.8	8.492176
23.82	8.486558
23.84	8.481215
23.86	8.476082
23.88	8.470984
23.9	8.465867
23.92	8.460871
23.94	8.455306
23.96	8.450017
23.98	8.444934
24	8.434822
24.02	8.429875
24.04	8.424363
24.06	8.419125
24.08	8.414092
24.1	8.404078
24.12	8.39918
24.14	8.393718
24.16	8.388529
24.18	8.383545
24.2	8.378595
24.22	8.373626
24.24	8.368775
24.26	8.363362
24.28	8.358221
24.3	8.353284
24.32	8.343459
24.34	8.338655
24.36	8.333289
24.38	8.328195
24.4	8.323303
24.42	8.318447
24.44	8.313569
24.46	8.308811
24.48	8.303491
24.5	8.298442
24.52	8.293596
24.54	8.283951
24.56	8.279237
24.58	8.273962
24.6	8.269102
24.62	8.264164
24.64	8.259367
24.66	8.25458
24.68	8.244696
24.7	8.239884
24.72	8.234994
24.74	8.230307
24.76	8.225513
24.78	8.220855
24.8	8.210935
24.82	8.206091
24.84	8.201447
24.86	8.196696
24.88	8.19208
24.9	8.186972
24.92	8.17745
24.94	8.172848
24.96	8.168139
24.98	8.163564
25	8.1585
25.02	8.153819
25.04	8.144499
25.06	8.139832
25.08	8.135299
25.1	8.130276
25.12	8.125637
25.14	8.12092
25.16	8.116399
25.18	8.111773
25.2	8.10728
25.22	8.102297
25.24	8.097699
25.26	8.088542
25.28	8.083956
25.3	8.079503
25.32	8.074561
25.34	8.070004
25.36	8.065368
25.38	8.060927
25.4	8.056381
25.42	8.047066
25.44	8.042549
25.46	8.037952
25.48	8.033552
25.5	8.029046
25.52	8.024673
25.54	8.015334
25.56	8.010777
25.58	8.006417
25.6	8.00195
25.62	7.997618
25.64	7.992795
25.66	7.988357
25.68	7.979519
25.7	7.975092
25.72	7.9708
25.74	7.966015
25.76	7.961618
25.78	7.952859
25.8	7.948472
25.82	7.94422
25.84	7.939474
25.86	7.935116
25.88	7.930678
25.9	7.926436
25.92	7.917876
25.94	7.913169
25.96	7.908851
25.98	7.904453
26	7.90025
26.02	7.895942
26.04	7.887102
26.06	7.882823
26.08	7.878465
26.1	7.874302
26.12	7.870033
26.14	7.8659
26.16	7.861271
26.18	7.857033
26.2	7.84859
26.22	7.84436
26.24	7.840267
26.26	7.835678
26.28	7.831479
26.3	7.827199
26.32	7.823116
26.34	7.814873
26.36	7.810322
26.38	7.806163
26.4	7.801923
26.42	7.79788
26.44	7.79373
26.46	7.785205
26.48	7.781086
26.5	7.776886
26.52	7.772882
26.54	7.768773
26.56	7.764799
26.58	7.760326
26.6	7.752088
26.62	7.748124
26.64	7.744054
26.66	7.740121
26.68	7.735688
26.7	7.731649
26.72	7.723606
26.74	7.719576
26.76	7.715683
26.78	7.71129
26.8	7.707292
26.82	7.703213
26.84	7.69933
26.86	7.69534
26.88	7.691488
26.9	7.687134
26.92	7.683177
26.94	7.675295
26.96	7.671346
26.98	7.667535
27	7.663221
27.02	7.659304
27.04	7.655306
27.06	7.651505
27.08	7.643827
27.1	7.639553
27.12	7.635677
27.14	7.63172
27.16	7.627959
27.18	7.624092
27.2	7.616129
27.22	7.612295
27.24	7.608378
27.26	7.60466
27.28	7.600833
27.3	7.597147
27.32	7.592952
27.34	7.589159
27.36	7.581606
27.38	7.577821
27.4	7.574176
27.42	7.570024
27.44	7.566272
27.46	7.562439
27.48	7.55506
27.5	7.551457
27.52	7.547345
27.54	7.543635
27.56	7.536251
27.58	7.532549
27.6	7.528988
27.62	7.524918
27.64	7.521251
27.66	7.517501
27.68	7.513949
27.7	7.506772
27.72	7.502743
27.74	7.499118
27.76	7.495411
27.78	7.491902
27.8	7.48481
27.82	7.480823
27.84	7.477241
27.86	7.473577
27.88	7.470111
27.9	7.466537
27.92	7.463105
27.94	7.459159
27.96	7.451999
27.98	7.448576
28	7.445045
28.02	7.441658
28.04	7.437754
28.06	7.434258
28.08	7.427301
28.1	7.423813
28.12	7.420469
28.14	7.416608
28.16	7.413157
28.18	7.409621
28.2	7.406287
28.22	7.402843
28.24	7.399542
28.26	7.392317
28.28	7.388826
28.3	7.385535
28.32	7.382135
28.34	7.378879
28.36	7.375103
28.38	7.371741
28.4	7.365047
28.42	7.361691
28.44	7.35848
28.46	7.354749
28.48	7.35143
28.5	7.348028
28.52	7.344825
28.54	7.341514
28.56	7.338348
28.58	7.334661
28.6	7.32803
28.62	7.324872
28.64	7.321606
28.66	7.318485
28.68	7.314842
28.7	7.311614
28.72	7.308301
28.74	7.301968
28.76	7.298893
28.78	7.295294
28.8	7.292112
28.82	7.288845
28.84	7.285779
28.86	7.282603
28.88	7.279573
28.9	7.27602
28.92	7.269661
28.94	7.266641
28.96	7.263512
28.98	7.260529
29	7.25702
29.02	7.25393
29.04	7.250754
29.06	7.24778
29.08	7.241761
29.1	7.238297
29.12	7.235253
29.14	7.232124
29.16	7.229197
29.18	7.226161
29.2	7.223271
29.22	7.216856
29.24	7.213774
29.26	7.210894
29.28	7.207904
29.3	7.205062
29.32	7.201691
29.34	7.198741
29.36	7.195706
29.38	7.18993
29.4	7.187136
29.42	7.18381
29.44	7.180909
29.46	7.17792
29.48	7.175135
29.5	7.17224
29.52	7.169494
29.54	7.163361
29.56	7.160421
29.58	7.157683
29.6	7.154836
29.62	7.152139
29.64	7.148907
29.66	7.143209
29.68	7.14052
29.7	7.137721
29.72	7.135072
29.74	7.131887
29.76	7.129131
29.78	7.126287
29.8	7.123646
29.82	7.120896
29.84	7.115159
29.86	7.112451
29.88	7.109655
29.9	7.107064
29.92	7.104363
29.94	7.101811
29.96	7.096064
29.98	7.093318
30	7.090776
30.02	7.088123
30.04	7.085621
30.06	7.082582
30.08	7.079973
30.1	7.077276
30.12	7.074783
30.14	7.072181
30.16	7.069729
30.18	7.064178
30.2	7.061531
30.22	7.059088
30.24	7.056536
30.26	7.054133
30.28	7.051192
30.3	7.048683
30.32	7.046086
30.34	7.043693
30.36	7.038839
30.38	7.035947
30.4	7.033487
30.42	7.030941
30.44	7.028599
30.46	7.026147
30.48	7.023846
30.5	7.021004
30.52	7.018596
30.54	7.016099
30.56	7.013809
30.58	7.009158
30.6	7.006365
30.62	7.004008
30.64	7.001563
30.66	6.999323
30.68	6.996972
30.7	6.994774
30.72	6.989727
30.74	6.987333
30.76	6.985144
30.78	6.982844
30.8	6.980698
30.82	6.978008
30.84	6.975754
30.86	6.973412
30.88	6.971275
30.9	6.966933
30.92	6.964293
30.94	6.962091
30.96	6.959801
30.98	6.957716
31	6.953479
31.02	6.95089
31.04	6.94874
31.06	6.946502
31.08	6.944469
31.1	6.942325
31.12	6.940336
31.14	6.9378
31.16	6.935703
31.18	6.931537
31.2	6.929446
31.22	6.92751
31.24	6.925025
31.26	6.92298
31.28	6.920848
31.3	6.918921
31.32	6.916882
31.34	6.914999
31.36	6.912567
31.38	6.910575
31.4	6.908496
31.42	6.904637
31.44	6.902807
31.46	6.900427
31.48	6.898489
31.5	6.896463
31.52	6.894642
31.54	6.892711
31.56	6.890935
31.58	6.886724
31.6	6.884751
31.62	6.882984
31.64	6.881106
31.66	6.879384
31.68	6.87711
31.7	6.87528
31.72	6.871648
31.74	6.869824
31.76	6.868157
31.78	6.865935
31.8	6.86416
31.82	6.862295
31.84	6.860636
31.86	6.857254
31.88	6.855086
31.9	6.853365
31.92	6.851554
31.94	6.84995
31.96	6.848234
31.98	6.846676
32	6.844563
32.02	6.842896
32.04	6.839591
32.06	6.837929
32.08	6.836426
32.1	6.834367
32.12	6.832756
32.14	6.831055
32.16	6.82956
32.18	6.827953
32.2	6.824501
32.22	6.822945
32.24	6.821299
32.26	6.81986
32.28	6.818308
32.3	6.816915
32.32	6.813465
32.34	6.811875
32.36	6.810491
32.38	6.808995
32.4	6.807658
32.42	6.805763
32.44	6.804318
32.46	6.802783
32.48	6.801455
32.5	6.800015
32.52	6.796894
32.54	6.795505
32.56	6.794025
32.58	6.792753
32.6	6.791368
32.62	6.790143
32.64	6.788359
32.66	6.787026
32.68	6.784386
32.7	6.783058
32.72	6.781889
32.74	6.78016
32.76	6.778883
32.78	6.777517
32.8	6.776356
32.82	6.773971
32.84	6.772299
32.86	6.771079
32.88	6.769768
32.9	6.768663
32.92	6.767447
32.94	6.766391
32.96	6.764776
32.98	6.763612
33	6.762358
33.02	6.76131
33.04	6.76015
33.06	6.759151
33.08	6.756485
33.1	6.755288
33.12	6.754297
33.14	6.753194
33.16	6.752253
33.18	6.750749
33.2	6.749699
33.22	6.748559
33.24	6.747625
33.26	6.745694
33.28	6.744247
33.3	6.743255
33.32	6.742172
33.34	6.741294
33.36	6.740306
33.38	6.739479
33.4	6.738088
33.42	6.736128
33.44	6.735308
33.46	6.734376
33.48	6.733606
33.5	6.732273
33.52	6.731396
33.54	6.730427
33.56	6.729665
33.58	6.72879
33.6	6.728078
33.62	6.725982
33.64	6.725072
33.66	6.724367
33.68	6.72355
33.7	6.722895
33.72	6.721676
33.74	6.720914
33.76	6.720062
33.78	6.719414
33.8	6.718655
33.82	6.716897
33.84	6.716192
33.86	6.715397
33.88	6.714808
33.9	6.714107
33.92	6.713568
33.94	6.711818
33.96	6.711081
33.98	6.710549
34	6.709906
34.02	6.709424
34.04	6.708379
34.06	6.707791
34.08	6.707112
34.1	6.706638
34.12	6.70563
34.14	6.704642
34.16	6.704113
34.18	6.703492
34.2	6.703075
34.22	6.702548
34.24	6.702183
34.26	6.701253
34.28	6.70022
34.3	6.699862
34.32	6.699393
34.34	6.699086
34.36	6.698214
34.38	6.697801
34.4	6.697297
34.42	6.696997
34.44	6.696587
34.46	6.696338
34.48	6.695525
34.5	6.69517
34.52	6.694483
34.54	6.694131
34.56	6.693942
34.58	6.693186
34.6	6.69289
34.62	6.692502
34.64	6.692319
34.66	6.691895
34.68	6.691197
34.7	6.69096
34.72	6.690631
34.74	6.690506
34.76	6.69027
34.78	6.690197
34.8	6.689559
34.82	6.68911
34.84	6.689043
34.86	6.688866
34.88	6.688851
34.9	6.688272
34.92	6.688151
34.94	6.68794
34.96	6.687932
34.98	6.687858
35	6.687336
35.02	6.687275
35.04	6.687122
35.06	6.687172
35.08	6.687112
35.1	6.687215
35.12	6.686749
35.14	6.686655
35.16	6.686763
35.18	6.686762
35.2	6.686923
35.22	6.686519
35.24	6.686575
35.26	6.68654
35.28	6.686764
35.3	6.686984
35.32	6.686638
35.34	6.686753
35.36	6.686776
35.38	6.687001
35.4	6.687117
35.42	6.687395
35.44	6.687282
35.46	6.687364
35.48	6.687647
35.5	6.687821
35.52	6.688159
35.54	6.68793
35.56	6.688303
35.58	6.688645
35.6	6.688878
35.62	6.689273
35.64	6.689104
35.66	6.689394
35.68	6.689594
35.7	6.690285
35.72	6.690739
35.74	6.690628
35.76	6.690977
35.78	6.691235
35.8	6.691694
35.82	6.692043
35.84	6.692503
35.86	6.692911
35.88	6.693228
35.9	6.693745
35.92	6.694152
35.94	6.694723
35.96	6.694729
35.98	6.695196
36	6.696146
36.02	6.696612
36.04	6.697241
36.06	6.697306
36.08	6.698264
36.1	6.698897
36.12	6.699421
36.14	6.700109
36.16	6.700232
36.18	6.700816
36.2	6.701307
36.22	6.70258
36.24	6.703326
36.26	6.703507
36.28	6.704149
36.3	6.7047
36.32	6.705448
36.34	6.706089
36.36	6.706892
36.38	6.707132
36.4	6.707832
36.42	6.709247
36.44	6.709946
36.46	6.710807
36.48	6.711105
36.5	6.711863
36.52	6.712529
36.54	6.713394
36.56	6.715069
36.58	6.715425
36.6	6.716241
36.62	6.716966
36.64	6.717888
36.66	6.718702
36.68	6.719679
36.7	6.720967
36.72	6.721749
36.74	6.722729
36.76	6.723601
36.78	6.724635
36.8	6.725107
36.82	6.726038
36.84	6.727915
36.86	6.728845
36.88	6.729937
36.9	6.730467
36.92	6.731456
36.94	6.732354
36.96	6.734434
36.98	6.735583
37	6.736171
37.02	6.737217
37.04	6.738173
37.06	6.739323
37.08	6.740367
37.1	6.742219
37.12	6.743323
37.14	6.744336
37.16	6.745543
37.18	6.746644
37.2	6.74861
37.22	6.749771
37.24	6.750841
37.26	6.752105
37.28	6.753264
37.3	6.754584
37.32	6.755343
37.34	6.756561
37.36	6.759009
37.38	6.760224
37.4	6.7616
37.42	6.762417
37.44	6.763692
37.46	6.764876
37.48	6.767524
37.5	6.768956
37.52	6.769831
37.54	6.771163
37.56	6.772403
37.58	6.773836
37.6	6.775164
37.62	6.776652
37.64	6.778971
37.66	6.780268
37.68	6.781757
37.7	6.783141
37.72	6.784686
37.74	6.785674
37.76	6.787117
37.78	6.78847
37.8	6.791455
37.82	6.793055
37.84	6.7941
37.86	6.7956
37.88	6.797009
37.9	6.798609
37.92	6.801761
37.94	6.802862
37.96	6.804418
37.98	6.805882
38	6.807539
38.02	6.80909
38.04	6.811958
38.06	6.813569
38.08	6.81509
38.1	6.816801
38.12	6.818407
38.14	6.820174
38.16	6.821386
38.18	6.823053
38.2	6.824629
38.22	6.826395
38.24	6.829877
38.26	6.831146
38.28	6.832867
38.3	6.834498
38.32	6.836318
38.34	6.838036
38.36	6.839911
38.38	6.841235
38.4	6.844698
38.42	6.846572
38.44	6.848343
38.46	6.850273
38.48	6.851652
38.5	6.853483
38.52	6.855224
38.54	6.858977
38.56	6.860962
38.58	6.862397
38.6	6.864281
38.62	6.866076
38.64	6.868059
38.66	6.871976
38.68	6.873466
38.7	6.875405
38.72	6.877254
38.74	6.87929
38.76	6.881223
38.78	6.883315
38.8	6.884859
38.82	6.886851
38.84	6.890844
38.86	6.892831
38.88	6.894976
38.9	6.896574
38.92	6.89862
38.94	6.900578
38.96	6.90476
38.98	6.906958
39	6.90861
39.02	6.910709
39.04	6.91272
39.06	6.914915
39.08	6.917008
39.1	6.920964
39.12	6.923118
39.14	6.925181
39.16	6.927428
39.18	6.929574
39.2	6.931877
39.22	6.933636
39.24	6.937958
39.26	6.940258
39.28	6.942456
39.3	6.944811
39.32	6.946623
39.34	6.948881
39.36	6.95105
39.38	6.955652
39.4	6.958059
39.42	6.959925
39.44	6.962234
39.46	6.964456
39.48	6.966859
39.5	6.97162
39.52	6.973537
39.54	6.9759
39.56	6.978173
39.58	6.980627
39.6	6.982981
39.62	6.985491
39.64	6.989874
39.66	6.992198
39.68	6.994704
39.7	6.997109
39.72	6.999669
39.74	7.001691
39.76	7.004156
39.78	7.006532
39.8	7.011544
39.82	7.014154
39.84	7.016228
39.86	7.018744
39.88	7.021171
39.9	7.023776
39.92	7.028944
39.94	7.031069
39.96	7.033635
39.98	7.036113
40	7.038768
40.02	7.041325
40.04	7.044036
40.06	7.046213
40.08	7.048829
40.1	7.051357
40.12	7.054062
40.14	7.056669
40.16	7.061657
40.18	7.064322
40.2	7.066901
40.22	7.069655
40.24	7.072311
40.26	7.075121
40.28	7.0774
40.3	7.082742
40.32	7.085546
40.34	7.088252
40.36	7.091111
40.38	7.093439
40.4	7.096203
40.42	7.09888
40.44	7.104487
40.46	7.107395
40.48	7.109773
40.5	7.112586
40.52	7.115312
40.54	7.118213
40.56	7.123971
40.58	7.126399
40.6	7.129261
40.62	7.132036
40.64	7.134984
40.66	7.137836
40.68	7.14084
40.7	7.143316
40.72	7.146226
40.74	7.149049
40.76	7.154945
40.78	7.157996
40.8	7.160522
40.82	7.163479
40.84	7.16635
40.86	7.169394
40.88	7.175439
40.9	7.178013
40.92	7.181018
40.94	7.183937
40.96	7.187027
40.98	7.190022
41	7.193167
41.02	7.195789
41.04	7.201808
41.06	7.204945
41.08	7.207987
41.1	7.211179
41.12	7.213848
41.14	7.216947
41.16	7.21996
41.18	7.226231
41.2	7.229469
41.22	7.232185
41.24	7.235332
41.26	7.238391
41.28	7.24162
41.3	7.244754
41.32	7.248037
41.34	7.250802
41.36	7.257099
41.38	7.260374
41.4	7.263554
41.42	7.266883
41.44	7.269694
41.46	7.272932
41.48	7.276083
41.5	7.282628
41.52	7.286002
41.54	7.288859
41.56	7.292142
41.58	7.29534
41.6	7.298704
41.62	7.301974
41.64	7.305393
41.66	7.308296
41.68	7.314867
41.7	7.318276
41.72	7.321591
41.74	7.325054
41.76	7.328003
41.78	7.331376
41.8	7.334663
41.82	7.341475
41.84	7.344983
41.86	7.347978
41.88	7.351394
41.9	7.354726
41.92	7.358222
41.94	7.361626
41.96	7.365177
41.98	7.368216
42	7.371676
42.02	7.378591
42.04	7.382039
42.06	7.385632
42.08	7.388717
42.1	7.392221
42.12	7.39564
42.14	7.399223
42.16	7.40635
42.18	7.409479
42.2	7.413026
42.22	7.416489
42.24	7.420114
42.26	7.423647
42.28	7.427327
42.3	7.43409
42.32	7.437595
42.34	7.441263
42.36	7.444839
42.38	7.44856
42.4	7.451777
42.42	7.458957
42.44	7.462667
42.46	7.466285
42.48	7.470048
42.5	7.473307
42.52	7.476982
42.54	7.480573
42.56	7.487983
42.58	7.491788
42.6	7.49509
42.62	7.498806
42.64	7.502439
42.66	7.50623
42.68	7.513778
42.7	7.517123
42.72	7.52088
42.74	7.524554
42.76	7.528386
42.78	7.532129
42.8	7.536016
42.82	7.543201
42.84	7.546916
42.86	7.550789
42.88	7.554573
42.9	7.558499
42.92	7.561928
42.94	7.565767
42.96	7.573436
42.98	7.57726
43	7.581226
43.02	7.584696
43.04	7.588575
43.06	7.592372
43.08	7.596324
43.1	7.604195
43.12	7.607705
43.14	7.611625
43.16	7.615461
43.18	7.619453
43.2	7.623356
43.22	7.630953
43.24	7.634912
43.26	7.638789
43.28	7.642819
43.3	7.646762
43.32	7.650846
43.34	7.658436
43.36	7.662352
43.38	7.666421
43.4	7.670403
43.42	7.674526
43.44	7.678158
43.46	7.682194
43.48	7.686149
43.5	7.690256
43.52	7.698438
43.54	7.702109
43.56	7.706184
43.58	7.710177
43.6	7.714323
43.62	7.718381
43.64	7.722579
43.66	7.726291
43.68	7.730403
43.7	7.734435
43.72	7.742715
43.74	7.74695
43.76	7.7507
43.78	7.754851
43.8	7.758921
43.82	7.763141
43.84	7.767275
43.86	7.771547
43.88	7.775336
43.9	7.78363
43.92	7.787887
43.94	7.792058
43.96	7.796367
43.98	7.800194
44	7.804419
44.02	7.808564
44.04	7.812857
44.06	7.817064
44.08	7.82141
44.1	7.825274
44.12	7.829536
44.14	7.833717
44.16	7.84229
44.18	7.846672
44.2	7.850574
44.22	7.854871
44.24	7.859089
44.26	7.863453
44.28	7.867733
44.3	7.87215
44.32	7.87609
44.34	7.880424
44.36	7.884677
44.38	7.889077
44.4	7.893393
44.42	7.897846
44.44	7.901822
44.46	7.906191
44.48	7.91048
44.5	7.914915
44.52	7.919266
44.54	7.927766
44.56	7.93217
44.58	7.936495
44.6	7.940965
44.62	7.945352
44.64	7.949873
44.66	7.958361
44.68	7.962721
44.7	7.967225
44.72	7.971646
44.74	7.976202
44.76	7.980287
44.78	7.98476
44.8	7.989155
44.82	7.993692
44.84	8.002738
44.86	8.006857
44.88	8.011366
44.9	8.015795
44.92	8.020367
44.94	8.024856
44.96	8.029479
44.98	8.033634
45	8.038176
45.02	8.042639
45.04	8.047243
45.06	8.051766
45.08	8.060613
45.1	8.065188
45.12	8.069685
45.14	8.074323
45.16	8.078878
45.18	8.083568
45.2	8.087792
45.22	8.092401
45.24	8.096931
45.26	8.106191
45.28	8.110912
45.3	8.11517
45.32	8.119812
45.34	8.124375
45.36	8.129079
45.38	8.1337
45.4	8.138454
45.42	8.142746
45.44	8.14742
45.46	8.156751
45.48	8.161406
45.5	8.166191
45.52	8.170517
45.54	8.175222
45.56	8.179851
45.58	8.184617
45.6	8.189303
45.62	8.19412
45.64	8.19848
45.66	8.203217
45.68	8.207877
45.7	8.212675
45.72	8.222241
45.74	8.226633
45.76	8.231402
45.78	8.236094
45.8	8.240923
45.82	8.245672
45.84	8.250551
45.86	8.254975
45.88	8.264499
45.9	8.269358
45.92	8.274138
45.94	8.279048
45.96	8.283504
45.98	8.288336
46	8.293091
46.02	8.29798
46.04	8.302792
46.06	8.307732
46.08	8.31222
46.1	8.321866
46.12	8.326786
46.14	8.331628
46.16	8.336597
46.18	8.341117
46.2	8.346009
46.22	8.350825
46.24	8.355774
46.26	8.365644
46.28	8.370195
46.3	8.375117
46.32	8.379963
46.34	8.384942
46.36	8.389842
46.38	8.394872
46.4	8.404405
46.42	8.409281
46.44	8.414289
46.46	8.419219
46.48	8.424276
46.5	8.428888
46.52	8.433869
46.54	8.44381
46.56	8.44877
46.58	8.453856
46.6	8.458499
46.62	8.463509
46.64	8.468443
46.66	8.473508
46.68	8.483611
46.7	8.488283
46.72	8.493322
46.74	8.498285
46.76	8.503379
46.78	8.508395
46.8	8.513538
46.82	8.523308
46.84	8.528299
46.86	8.533421
46.88	8.538466
46.9	8.543636
46.92	8.548368
46.94	8.553463
46.96	8.563632
46.98	8.568706
47	8.573904
47.02	8.578664
47.04	8.583787
47.06	8.588835
47.08	8.59401
47.1	8.599112
47.12	8.609126
47.14	8.614276
47.16	8.619352
47.18	8.624555
47.2	8.629683
47.22	8.634935
47.24	8.639753
47.26	8.650034
47.28	8.655264
47.3	8.660419
47.32	8.665698
47.34	8.670544
47.36	8.675749
47.38	8.68088
47.4	8.686135
47.42	8.696623
47.44	8.701497
47.46	8.706728
47.48	8.711885
47.5	8.717167
47.52	8.722376
47.54	8.727707
47.56	8.732608
47.58	8.74305
47.6	8.748358
47.62	8.753592
47.64	8.75895
47.66	8.763879
47.68	8.769162
47.7	8.774372
47.72	8.779706
47.74	8.784967
47.76	8.795305
47.78	8.800614
47.8	8.805851
47.82	8.81121
47.84	8.816496
47.86	8.821903
47.88	8.826886
47.9	8.837482
47.92	8.842866
47.94	8.848179
47.96	8.853611
47.98	8.85862
48	8.863979
48.02	8.869267
48.04	8.874676
48.06	8.885469
48.08	8.890504
48.1	8.895888
48.12	8.901201
48.14	8.906634
48.16	8.911997
48.18	8.917478
48.2	8.922539
48.22	8.933287
48.24	8.938744
48.26	8.94413
48.28	8.949636
48.3	8.954722
48.32	8.965519
48.34	8.971
48.36	8.976411
48.38	8.98194
48.4	8.987052
48.42	8.997897
48.44	9.003402
48.46	9.008837
48.48	9.01439
48.5	9.019526
48.52	9.025008
48.54	9.030419
48.56	9.035948
48.58	9.046983
48.6	9.052145
48.62	9.057651
48.64	9.063086
48.66	9.068637
48.68	9.07412
48.7	9.079719
48.72	9.084906
48.74	9.09579
48.76	9.101243
48.78	9.10672
48.8	9.11232
48.82	9.11753
48.84	9.122914
48.86	9.128465
48.88	9.134037
48.9	9.139545
48.92	9.145167
48.94	9.150408
48.96	9.155969
48.98	9.167065
49	9.172601
49.02	9.178252
49.04	9.183504
49.06	9.189089
49.08	9.194605
49.1	9.200055
49.12	9.205501
49.14	9.211065
49.16	9.221736
49.18	9.227263
49.2	9.232774
49.22	9.294241
49.24	9.345852
49.26	9.352152
49.28	9.400841
49.3	9.463344
49.32	9.51221
49.34	9.535975
49.36	9.448034
49.38	9.45597
49.4	9.373654
49.42	9.379147
49.44	9.305248
49.46	9.308484
49.48	9.222652
49.5	9.20365
49.52	9.186565
49.54	9.169758
49.56	9.153009
49.58	9.147902
49.6	9.141405
49.62	9.141394
49.64	9.150286
49.66	9.14288
49.68	9.154725
49.7	9.146527
49.72	9.156858
49.74	9.147898
49.76	9.157942
49.78	9.158237
49.8	9.147771
49.82	9.157802
49.84	9.190838
49.86	9.233346
49.88	9.265512
49.9	9.213958
49.92	9.192554
49.94	9.149238
49.96	9.127736
49.98	9.090713
50	9.06951
50.02	8.984192
50.04	8.891437
50.06	8.823629
50.08	8.717587
50.1	8.721439
50.12	8.71031
50.14	8.705803
50.16	8.688313
50.18	8.686283
50.2	8.648262
50.22	8.669765
50.24	8.624336
50.26	8.652353
50.28	8.599895
50.3	8.634516
50.32	8.575111
50.34	8.616371
50.36	8.612534
50.38	8.590767
50.4	8.602826
50.42	8.581058
50.44	8.591761
50.46	8.56996
50.48	8.558455
50.5	8.568606
50.52	8.562755
50.54	8.55683
50.56	8.550784
50.58	8.544792
50.6	8.538691
50.62	8.526438
50.64	8.520335
50.66	8.514122
50.68	8.507953
50.7	8.501676
50.72	8.495496
50.74	8.489205
50.76	8.476761
50.78	8.470437
50.8	8.464185
50.82	8.45796
50.84	8.451626
50.86	8.445375
50.88	8.439162
50.9	8.426619
50.92	8.420444
50.94	8.414164
50.96	8.407994
50.98	8.401885
51	8.395673
51.02	8.389586
51.04	8.377456
51.06	8.37152
51.08	8.365488
51.1	8.359646
51.12	8.353832
51.14	8.348099
51.16	8.342402
51.18	8.336793
51.2	8.325756
51.22	8.320569
51.24	8.315284
51.26	8.310051
51.28	8.304883
51.3	8.299837
51.32	8.294859
51.34	8.285237
51.36	8.280602
51.38	8.276053
51.4	8.271652
51.42	8.267345
51.44	8.263196
51.46	8.255271
51.48	8.251504
51.5	8.247917
51.52	8.244451
51.54	8.241175
51.56	8.238029
51.58	8.235085
51.6	8.232282
51.62	8.22969
51.64	8.227248
51.66	8.225031
51.68	8.221151
51.7	8.219501
51.72	8.218097
51.74	8.216875
51.76	8.215911
51.78	8.21514
51.8	8.21464
51.82	8.214328
51.84	8.214528
51.86	8.215023
51.88	8.215744
51.9	8.216772
51.92	8.218037
51.94	8.219621
51.96	8.213667
51.98	8.208019
52	8.202348
52.02	8.196685
52.04	8.191086
52.06	8.185453
52.08	8.179704
52.1	8.16785
52.12	8.162099
52.14	8.156177
52.16	8.150396
52.18	8.144127
52.2	8.13803
52.22	8.132141
52.24	8.12608
52.26	8.120185
52.28	8.107472
52.3	8.10147
52.32	8.095289
52.34	8.089294
52.36	8.082676
52.38	8.076312
52.4	8.063931
52.42	8.05785
52.44	8.051108
52.46	8.044643
52.48	8.038465
52.5	8.032097
52.52	8.025943
52.54	8.019096
52.56	8.006301
52.58	7.999862
52.6	7.993649
52.62	7.986714
52.64	7.980093
52.66	7.973794
52.68	7.967297
52.7	7.954029
52.72	7.947351
52.74	7.940952
52.76	7.934323
52.78	7.92738
52.8	7.920665
52.82	7.914188
52.84	7.907489
52.86	7.893745
52.88	7.88698
52.9	7.880487
52.92	7.873227
52.94	7.866517
52.96	7.859675
52.98	7.853127
53	7.845757
53.02	7.838982
53.04	7.832076
53.06	7.818021
53.08	7.811193
53.1	7.804233
53.12	7.797597
53.14	7.790064
53.16	7.783192
53.18	7.776186
53.2	7.769521
53.22	7.761924
53.24	7.755018
53.26	7.741287
53.28	7.733638
53.3	7.726706
53.32	7.719636
53.34	7.712935
53.36	7.705241
53.38	7.698291
53.4	7.691202
53.42	7.676768
53.44	7.66981
53.46	7.662711
53.48	7.656009
53.5	7.648252
53.52	7.641294
53.54	7.627501
53.56	7.619728
53.58	7.612777
53.6	7.605682
53.62	7.59901
53.64	7.591227
53.66	7.57721
53.68	7.570565
53.7	7.562782
53.72	7.55587
53.74	7.548809
53.76	7.542199
53.78	7.534422
53.8	7.527541
53.82	7.513941
53.84	7.50618
53.86	7.499337
53.88	7.492342
53.9	7.485822
53.92	7.478083
53.94	7.471285
53.96	7.45787
53.98	7.450162
54	7.443416
54.02	7.436516
54.04	7.430114
54.06	7.422443
54.08	7.415756
54.1	7.408913
54.12	7.402579
54.14	7.388331
54.16	7.381554
54.18	7.374372
54.2	7.360796
54.22	7.353779
54.24	7.347031
54.26	7.340272
54.28	7.333322
54.3	7.326609
54.32	7.31986
54.34	7.312946
54.36	7.30626
54.38	7.299529
54.4	7.285983
54.42	7.279276
54.44	7.272414
54.46	7.265787
54.48	7.259109
54.5	7.252278
54.52	7.245687
54.54	7.232247
54.56	7.225698
54.58	7.219094
54.6	7.212338
54.62	7.205836
54.64	7.199278
54.66	7.186119
54.68	7.179612
54.7	7.172954
54.72	7.166561
54.74	7.160111
54.76	7.153509
54.78	7.140792
54.8	7.134253
54.82	7.127993
54.84	7.121673
54.86	7.115201
54.88	7.109015
54.9	7.102768
54.92	7.09637
54.94	7.084095
54.96	7.077775
54.98	7.071754
55	7.06567
55.02	7.059434
55.04	7.047506
55.06	7.04136
55.08	7.035525
55.1	7.029624
55.12	7.023571
55.14	7.017837
55.16	7.012036
55.18	7.006084
55.2	6.994759
55.22	6.988913
55.24	6.983395
55.26	6.977808
55.28	6.972073
55.3	6.966671
55.32	6.9612
55.34	6.955578
55.36	6.950298
55.38	6.944947
55.4	6.939445
55.42	6.934291
55.44	6.92369
55.46	6.918666
55.48	6.91357
55.5	6.908325
55.52	6.903436
55.54	6.898476
55.56	6.893364
55.58	6.888617
55.6	6.883796
55.62	6.878824
55.64	6.874221
55.66	6.864717
55.68	6.860264
55.7	6.855737
55.72	6.851058
55.74	6.846757
55.76	6.842384
55.78	6.837859
55.8	6.833716
55.82	6.829501
55.84	6.825132
55.86	6.821152
55.88	6.817099
55.9	6.812891
55.92	6.809078
55.94	6.805192
55.96	6.797505
55.98	6.793789
56	6.789917
56.02	6.786448
56.04	6.782907
56.06	6.779209
56.08	6.775918
56.1	6.769033
56.12	6.765924
56.14	6.762743
56.16	6.759403
56.18	6.75648
56.2	6.753484
56.22	6.750329
56.24	6.747594
56.26	6.744788
56.28	6.739279
56.3	6.736664
56.32	6.73389
56.34	6.731543
56.36	6.729124
56.38	6.726544
56.4	6.724396
56.42	6.722176
56.44	6.719794
56.46	6.717848
56.48	6.715829
56.5	6.711907
56.52	6.710093
56.54	6.708117
56.56	6.706582
56.58	6.704976
56.6	6.703207
56.62	6.701881
56.64	6.700485
56.66	6.697812
56.68	6.696628
56.7	6.69528
56.72	6.694381
56.74	6.693412
56.76	6.692278
56.78	6.691597
56.8	6.689928
56.82	6.689466
56.84	6.688932
56.86	6.688234
56.88	6.687993
56.9	6.687681
56.92	6.687203
56.94	6.687184
56.96	6.687096
56.98	6.687046
57	6.687181
57.02	6.68715
57.04	6.687582
57.06	6.687944
57.08	6.688797
57.1	6.689387
57.12	6.689808
57.14	6.690696
57.16	6.691515
57.18	6.692165
57.2	6.694331
57.22	6.695211
57.24	6.696559
57.26	6.697839
57.28	6.698949
57.3	6.70053
57.32	6.702041
57.34	6.703384
57.36	6.706942
57.38	6.708517
57.4	6.710563
57.42	6.712541
57.44	6.714349
57.46	6.71663
57.48	6.718841
57.5	6.720883
57.52	6.725843
57.54	6.728119
57.56	6.730869
57.58	6.733549
57.6	6.73606
57.62	6.739043
57.64	6.741959
57.66	6.744703
57.68	6.747922
57.7	6.754052
57.72	6.757505
57.74	6.760891
57.76	6.764105
57.78	6.767793
57.8	6.771413
57.82	6.774861
57.84	6.778784
57.86	6.786321
57.88	6.790477
57.9	6.794565
57.92	6.798481
57.94	6.802871
57.96	6.811342
57.98	6.815964
58	6.820518
58.02	6.824901
58.04	6.829755
58.06	6.834542
58.08	6.839156
58.1	6.844242
58.12	6.84926
58.14	6.854105
58.16	6.859422
58.18	6.86467
58.2	6.875291
58.22	6.880769
58.24	6.886075
58.26	6.891849
58.28	6.897555
58.3	6.903089
58.32	6.90909
58.34	6.915023
58.36	6.920784
58.38	6.927011
58.4	6.939157
58.42	6.945609
58.44	6.951993
58.46	6.958204
58.48	6.96488
58.5	6.971487
58.52	6.977921
58.54	6.991648
58.56	6.998305
58.58	7.005422
58.6	7.012472
58.62	7.019349
58.64	7.026684
58.66	7.033952
58.68	7.0486
58.7	7.056086
58.72	7.063398
58.74	7.071167
58.76	7.078868
58.78	7.086396
58.8	7.102292
58.82	7.110034
58.84	7.118227
58.86	7.126353
58.88	7.134306
58.9	7.142709
58.92	7.15921
58.94	7.167821
58.96	7.176365
58.98	7.184737
59	7.193554
59.02	7.202304
59.04	7.219903
59.06	7.228858
59.08	7.23764
59.1	7.246863
59.12	7.25602
59.14	7.265004
59.16	7.274427
59.18	7.292968
59.2	7.302588
59.22	7.312143
59.24	7.321526
59.26	7.331342
59.28	7.341093
59.3	7.350671
59.32	7.360681
59.34	7.370625
59.36	7.390599
59.38	7.400734
59.4	7.410698
59.42	7.421089
59.44	7.431414
59.46	7.441567
59.48	7.452145
59.5	7.462656
59.52	7.48376
59.54	7.494457
59.56	7.504983
59.58	7.515929
59.6	7.526809
59.62	7.537517
59.64	7.559703
59.66	7.570592
59.68	7.581895
59.7	7.593133
59.72	7.604202
59.74	7.615681
59.76	7.627095
59.78	7.649992
59.8	7.661581
59.82	7.672999
59.84	7.684823
59.86	7.696582
59.88	7.708173
59.9	7.720166
59.92	7.743854
59.94	7.756015
59.96	7.768111
59.98	7.780037
60	7.792362
60.02	7.804623
60.04	7.816714
60.06	7.829202
60.08	7.841624
60.1	7.853879
60.12	7.879109
60.14	7.891525
60.16	7.90433
60.18	7.917071
60.2	7.929645
60.22	7.942605
60.24	7.955502
60.26	7.968232
60.28	7.981346
60.3	8.007281
60.32	8.020547
60.34	8.033749
60.36	8.046784
60.38	8.0602
60.4	8.07355
60.42	8.086737
60.44	8.100298
60.46	8.113796
60.48	8.127129
60.5	8.140835
60.52	8.154478
60.54	8.181806
60.56	8.195591
60.58	8.209212
60.6	8.223202
60.62	8.237128
60.64	8.250891
60.66	8.279084
60.68	8.292986
60.7	8.30725
60.72	8.321451
60.74	8.335489
60.76	8.349889
60.78	8.364224
60.8	8.392928
60.82	8.407397
60.84	8.421703
60.86	8.436364
60.88	8.450963
60.9	8.465401
60.92	8.480189
60.94	8.494917
60.96	8.524398
60.98	8.539252
61	8.553945
61.02	8.568984
61.04	8.583962
61.06	8.598781
61.08	8.613942
61.1	8.643984
61.12	8.659266
61.14	8.674488
61.16	8.689549
61.18	8.70495
61.2	8.72029
61.22	8.735472
61.24	8.766447
61.26	8.781745
61.28	8.797379
61.3	8.81295
61.32	8.828364
61.34	8.84411
61.36	8.875324
61.38	8.89118
61.4	8.906978
61.42	8.922617
61.44	8.938583
61.46	8.95449
61.48	8.97024
61.5	8.986314
61.52	9.002329
61.54	9.018188
61.56	9.034367
61.58	9.066453
61.6	9.082737
61.62	9.098963
61.64	9.115033
61.66	9.13142
61.68	9.147748
61.7	9.18041
61.72	9.196839
61.74	9.213116
61.76	9.229703
61.78	9.246232
61.8	9.262608
61.82	9.279293
61.84	9.312396
61.86	9.329177
61.88	9.345901
61.9	9.362473
61.92	9.379349
61.94	9.396167
61.96	9.412834
61.98	9.446332
62	9.462784
62.02	9.480131
62.04	9.497423
62.06	9.513954
62.08	9.531395
62.1	9.548778
62.12	9.564865
62.14	9.599809
62.16	9.616547
62.18	9.634154
62.2	9.651693
62.22	9.668503
62.24	9.686231
62.26	9.703449
62.28	9.721348
62.3	9.73865
62.32	9.83503
62.34	9.883915
62.36	9.922883
62.38	9.976393
62.4	10.01196
62.42	10.06415
62.44	10.07481
62.46	10.05928
62.48	10.05955
62.5	10.0639
62.52	10.05994
62.54	10.07319
62.56	10.10311
62.58	10.09463
62.6	10.13121
62.62	10.11425
62.64	10.09733
62.66	10.08792
62.68	10.07954
62.7	10.06042
62.72	10.05253
62.74	10.03296
62.76	10.09431
62.78	10.1721
62.8	10.17758
62.82	10.30571
62.84	10.36814
62.86	10.50269
62.88	10.55235
62.9	10.67744
62.92	10.7232
62.94	10.74842
62.96	10.73136
62.98	10.71374
63	10.69555
63.02	10.6768
63.04	10.6575
63.06	10.63765
63.08	10.61728
63.1	10.5964
63.12	10.55321
63.14	10.53255
63.16	10.51313
63.18	10.49405
63.2	10.47501
63.22	10.4558
63.24	10.41751
63.26	10.39817
63.28	10.3789
63.3	10.35965
63.32	10.34018
63.34	10.32081
63.36	10.28187
63.38	10.26239
63.4	10.24295
63.42	10.22326
63.44	10.2037
63.46	10.18417
63.48	10.16439
63.5	10.14482
63.52	10.10538
63.54	10.0855
63.56	10.06585
63.58	10.04615
63.6	10.02648
63.62	10.00675
63.64	9.98706
63.66	9.967317
63.68	9.927864
63.7	9.908161
63.72	9.88841
63.74	9.868712
63.76	9.848969
63.78	9.829286
63.8	9.809559
63.82	9.770201
63.84	9.750575
63.86	9.730912
63.88	9.71133
63.9	9.691714
63.92	9.672187
63.94	9.652628
63.96	9.613676
63.98	9.59429
64	9.574881
64.02	9.555582
64.04	9.536265
64.06	9.517067
64.08	9.497855
64.1	9.47877
64.12	9.459677
64.14	9.421755
64.16	9.402936
64.18	9.384119
64.2	9.365455
64.22	9.346797
64.24	9.328301
64.26	9.309392
64.28	9.291076
64.3	9.254668
64.32	9.236581
64.34	9.218682
64.36	9.200817
64.38	9.183151
64.4	9.165524
64.42	9.148108
64.44	9.130737
64.46	9.113587
64.48	9.079627
64.5	9.067198
64.52	9.060619
64.54	9.057896
64.56	9.055055
64.58	9.052054
64.6	9.049044
64.62	9.045702
64.64	9.042666
64.66	9.036723
64.68	9.03385
64.7	9.030917
64.72	9.028095
64.74	9.024355
64.76	9.021191
64.78	9.014995
64.8	9.011687
64.82	9.008535
64.84	9.005373
64.86	9.002234
64.88	8.999137
64.9	8.995978
64.92	8.992873
64.94	8.989113
64.96	8.98241
64.98	8.979071
65	8.97555
65.02	8.97212
65.04	8.968715
65.06	8.96534
65.08	8.961908
65.1	8.958513
65.12	8.954546
65.14	8.885212
65.16	8.809139
65.18	8.722655
65.2	8.716764
65.22	8.710476
65.24	8.703821
65.26	8.696837
65.28	8.689567
65.3	8.682056
65.32	8.677721
65.34	8.645474
65.36	8.597592
65.38	8.547764
65.4	8.498752
65.42	8.404966
65.44	8.342216
65.46	8.265514
65.48	8.190911
65.5	8.121707
65.52	8.058602
65.54	8.001765
65.56	7.907091
65.58	7.869299
65.6	7.837881
65.62	7.655261
65.64	7.490914
65.66	7.346749
65.68	7.224672
65.7	7.0657
65.72	7.078485
65.74	7.07582
65.76	7.071428
65.78	7.068487
65.8	7.063375
65.82	7.053931
65.84	7.032994
65.86	7.022362
65.88	7.011711
65.9	7.00106
65.92	6.990424
65.94	6.979813
65.96	6.969242
65.98	6.972259
66	7.008289
66.02	7.040256
66.04	7.080781
66.06	7.129281
66.08	7.18517
66.1	7.247859
66.12	7.269972
66.14	7.229605
66.16	7.191571
66.18	7.149426
66.2	7.110328
66.22	7.066924
66.24	7.027331
66.26	6.943825
66.28	6.899777
66.3	6.861224
66.32	6.733284
66.34	6.63682
66.36	6.589494
66.38	6.64404
66.4	6.688065
66.42	6.737873
66.44	6.84055
66.46	6.865448
66.48	6.969032
66.5	7.139226
66.52	7.265794
66.54	7.417076
66.56	7.459942
66.58	7.423799
66.6	7.38035
66.62	7.344256
66.64	7.318451
66.66	7.237053
66.68	7.206328
66.7	7.173666
66.72	7.139145
66.74	7.102855
66.76	7.064892
66.78	7.025353
66.8	6.984353
66.82	6.898444
66.84	6.523694
66.86	6.219653
66.88	5.998857
66.9	5.975672
66.92	5.931949
66.94	5.911851
66.96	5.914414
66.98	5.926395
67	5.929329
67.02	5.930457
67.04	5.931328
67.06	5.932232
67.08	5.933138
67.1	5.935201
67.12	5.936362
67.14	5.937631
67.16	5.938918
67.18	5.940325
67.2	5.941748
67.22	5.943293
67.24	5.946615
67.26	5.948405
67.28	5.950212
67.3	5.952139
67.32	5.954174
67.34	5.956227
67.36	5.958399
67.38	5.960588
67.4	5.965311
67.42	5.967745
67.44	5.970297
67.46	5.972867
67.48	5.975556
67.5	5.97835
67.52	5.981164
67.54	5.984067
67.56	5.987017
67.58	5.990084
67.6	5.996448
67.62	5.999756
67.64	6.003083
67.66	6.000966
67.68	5.999668
67.7	6.004268
67.72	6.004725
67.74	6.006405
67.76	6.007501
67.78	6.008029
67.8	6.008009
67.82	6.00747
67.84	6.006448
67.86	6.003139
67.88	6.000964
67.9	5.949189
67.92	5.998599
67.94	6.01485
67.96	6.013743
67.98	6.024235
68	6.038895
68.02	6.076217
68.04	6.098576
68.06	6.195275
68.08	6.257105
68.1	6.331004
68.12	6.416006
68.14	6.511137
68.16	6.727954
68.18	6.847805
68.2	6.95917
68.22	6.958519
68.24	6.938656
68.26	6.644531
68.28	6.385616
68.3	6.167531
68.32	5.994436
68.34	5.993138
68.36	5.992176
68.38	5.991691
68.4	5.991832
68.42	6.007361
68.44	6.044435
68.46	6.081035
68.48	6.117043
68.5	6.18687
68.52	6.220501
68.54	6.25317
68.56	6.284802
68.58	6.315336
68.6	6.344715
68.62	6.331238
68.64	6.35228
68.66	6.38576
68.68	6.402128
68.7	6.4186
68.72	6.435246
68.74	6.452015
68.76	6.486012
68.78	6.503225
68.8	6.520578
68.82	6.538115
68.84	6.555776
68.86	6.591563
68.88	6.609674
68.9	6.627925
68.92	6.646363
68.94	6.664927
68.96	6.683631
68.98	6.702523
69	6.72154
69.02	6.760049
69.04	6.779524
69.06	6.799141
69.08	6.818948
69.1	6.838881
69.12	6.858959
69.14	6.879226
69.16	6.920159
69.18	6.940889
69.2	6.961747
69.22	6.982749
69.24	7.003943
69.26	7.025257
69.28	7.046762
69.3	7.090203
69.32	7.11214
69.34	7.134238
69.36	7.156487
69.38	7.178898
69.4	7.201461
69.42	7.224187
69.44	7.247064
69.46	7.270104
69.48	7.316651
69.5	7.340159
69.52	7.363831
69.54	7.387656
69.56	7.411644
69.58	7.435786
69.6	7.48455
69.62	7.509174
69.64	7.533952
69.66	7.558894
69.68	7.583991
69.7	7.609252
69.72	7.66025
69.74	7.685986
69.76	7.711888
69.78	7.737945
69.8	7.764167
69.82	7.790545
69.84	7.817089
69.86	7.870654
69.88	7.897675
69.9	7.924863
69.92	7.952208
69.94	7.979718
69.96	8.007385
69.98	8.035219
70	8.091368
70.02	8.119681
70.04	8.148162
70.06	8.1768
70.08	8.205605
70.1	8.234567
70.12	8.263697
70.14	8.292983
70.16	8.332082
70.18	8.336345
70.2	8.337425
70.22	8.338556
70.24	8.339097
70.26	8.34012
70.28	8.340592
70.3	8.341071
70.32	8.341558
70.34	8.342051
70.36	8.342551
70.38	8.343059
70.4	8.344096
70.42	8.344625
70.44	8.34516
70.46	8.345703
70.48	8.346252
70.5	8.347359
70.52	8.347926
70.54	8.348499
70.56	8.349076
70.58	8.349657
70.6	8.350241
70.62	8.350826
70.64	8.351415
70.66	8.352592
70.68	8.35318
70.7	8.353766
70.72	8.354349
70.74	8.354929
70.76	8.355498
70.78	8.356616
70.8	8.357162
70.82	8.3577
70.84	8.358227
70.86	8.358742
70.88	8.359241
70.9	8.359728
70.92	8.360198
70.94	8.361084
70.96	8.361498
70.98	8.361891
71	8.362261
71.02	8.362606
71.04	8.362928
71.06	8.363223
71.08	8.363803
71.1	8.364095
71.12	8.364379
71.14	8.364656
71.16	8.364724
71.18	8.364975
71.2	8.365262
71.22	8.365561
71.24	8.365866
71.26	8.366497
71.28	8.366822
71.3	8.367154
71.32	8.367492
71.34	8.367834
71.36	8.368183
71.38	8.368538
71.4	8.368897
71.42	8.369263
71.44	8.370008
71.46	8.370387
71.48	8.37077
71.5	8.371159
71.52	8.371551
71.54	8.371945
71.56	8.372344
71.58	8.372746
71.6	8.373149
71.62	8.373963
71.64	8.374372
71.66	8.374783
71.68	8.375194
71.7	8.375604
71.72	8.376014
71.74	8.37683
71.76	8.377234
71.78	8.377637
71.8	8.378035
71.82	8.378429
71.84	8.378736
71.86	8.379108
71.88	8.379479
71.9	8.380196
71.92	8.380538
71.94	8.380872
71.96	8.381195
71.98	8.381507
72	8.381808
72.02	8.382097
72.04	8.382637
72.06	8.382886
72.08	8.189633
72.1	7.972666
72.12	7.761673
72.14	7.326858
72.16	7.513106
72.18	7.228474
72.2	7.489762
72.22	7.20967
72.24	7.460604
72.26	7.187088
72.28	7.050798
72.3	6.831032
72.32	6.861804
72.34	6.870553
72.36	6.874423
72.38	6.877402
72.4	6.880312
72.42	6.883318
72.44	6.886453
72.46	6.893123
72.48	6.896666
72.5	6.900348
72.52	6.904164
72.54	6.908121
72.56	6.91222
72.58	6.916459
72.6	6.925357
72.62	6.930021
72.64	6.934824
72.66	6.939773
72.68	6.944867
72.7	6.950104
72.72	6.961021
72.74	6.966697
72.76	6.972522
72.78	6.978499
72.8	6.984622
72.82	6.990898
72.84	7.003901
72.86	7.010635
72.88	7.01752
72.9	7.024559
72.92	7.031757
72.94	7.046623
72.96	7.054292
72.98	7.044919
73	7.046487
73.02	7.043344
73.04	7.052137
73.06	7.045143
73.08	7.048284
73.1	7.06822
73.12	7.052829
73.14	7.078466
73.16	7.049465
73.18	7.099947
73.2	7.063755
73.22	7.078838
73.24	7.155894
73.26	7.107382
73.28	7.185547
73.3	7.135873
73.32	7.214936
73.34	7.198912
73.36	7.234149
73.38	7.284529
73.4	7.268794
73.42	7.318462
73.44	7.302876
73.46	7.351892
73.48	7.336525
73.5	7.390901
73.52	7.409685
73.54	7.446913
73.56	7.466244
73.58	7.486199
73.6	7.506564
73.62	7.527297
73.64	7.548399
73.66	7.569852
73.68	7.591663
73.7	7.613839
73.72	7.659253
73.74	7.682492
73.76	7.706087
73.78	7.730037
73.8	7.754342
73.82	7.779003
73.84	7.804017
73.86	7.855108
73.88	7.881184
73.9	7.907612
73.92	7.934393
73.94	7.961526
73.96	7.989012
73.98	8.016848
74	8.045036
74.02	8.073574
74.04	8.102463
74.06	8.131701
74.08	8.191229
74.1	8.221517
74.12	8.252152
74.14	8.283137
74.16	8.314469
74.18	8.34615
74.2	8.378178
74.22	8.443274
74.24	8.476344
74.26	8.509759
74.28	8.543521
74.3	8.577627
74.32	8.612081
74.34	8.646876
74.36	8.68202
74.38	8.717506
74.4	8.789514
74.42	8.826034
74.44	8.862896
74.46	8.900104
74.48	8.937652
74.5	8.975545
74.52	9.013779
74.54	9.091275
74.56	9.130538
74.58	9.17014
74.6	9.210086
74.62	9.250371
74.64	9.290999
74.66	9.331965
74.68	9.414923
74.7	9.456913
74.72	9.499241
74.74	9.541912
74.76	9.584919
74.78	9.628269
74.8	9.671954
74.82	9.760346
74.84	9.805053
74.86	9.850093
74.88	9.895476
74.9	9.941194
74.92	10.03365
74.94	10.08038
74.96	10.12745
74.98	10.13363
75	10.13985
75.02	10.14614
75.04	10.15888
75.06	10.16947
75.08	10.18101
75.1	10.1929
75.12	10.20515
75.14	10.21787
75.16	10.24426
75.18	10.25809
75.2	10.27222
75.22	10.2867
75.24	10.30165
75.26	10.31689
75.28	10.33248
75.3	10.35709
75.32	10.36915
75.34	10.38132
75.36	10.39342
75.38	10.40582
75.4	10.41824
75.42	10.4436
75.44	10.45647
75.46	10.46947
75.48	10.48267
75.5	10.49588
75.52	10.50928
75.54	10.52282
75.56	10.53649
75.58	10.56427
75.6	10.57828
75.62	10.59255
75.64	10.60686
75.66	10.62141
75.68	10.63601
75.7	10.65085
75.72	10.66575
75.74	10.69605
75.76	10.71143
75.78	10.72694
75.8	10.74262
75.82	10.75843
75.84	10.77441
75.86	10.79051
75.88	10.80679
75.9	10.81298
75.92	10.75007
75.94	10.77962
75.96	10.73056
75.98	10.77133
76	10.63548
76.02	10.64928
76.04	10.5251
76.06	10.53455
76.08	10.43259
76.1	10.34202
76.12	10.34332
76.14	10.26982
76.16	10.24704
76.18	10.23543
76.2	10.22312
76.22	10.21012
76.24	10.19649
76.26	10.18228
76.28	10.15232
76.3	10.13669
76.32	10.12072
76.34	10.02658
76.36	10.02539
76.38	10.03283
76.4	10.04913
76.42	10.04472
76.44	10.04904
76.46	10.04366
76.48	10.04479
76.5	10.04552
76.52	10.04586
76.54	10.0422
76.56	10.03565
76.58	10.02672
76.6	10.00634
76.62	9.996283
76.64	9.986222
76.66	9.976258
76.68	9.966285
76.7	9.956414
76.72	9.936838
76.74	9.927154
76.76	9.917439
76.78	9.907845
76.8	9.898354
76.82	9.888826
76.84	9.879427
76.86	9.869978
76.88	9.851469
76.9	9.842219
76.92	9.833112
76.94	9.823939
76.96	9.814919
76.98	9.806026
77	9.797062
77.02	9.77937
77.04	9.770651
77.06	9.762072
77.08	9.753406
77.1	9.744915
77.12	9.736326
77.14	9.727921
77.16	9.711312
77.18	9.70297
77.2	9.694825
77.22	9.686648
77.24	9.678671
77.26	9.670585
77.28	9.66271
77.3	9.654797
77.32	9.639279
77.34	9.631684
77.36	9.624047
77.38	9.616636
77.4	9.609097
77.42	9.601794
77.44	9.594445
77.46	9.587335
77.48	9.573088
77.5	9.566038
77.52	9.559241
77.54	9.552298
77.56	9.545617
77.58	9.538881
77.6	9.532411
77.62	9.525784
77.64	9.519436
77.66	9.50665
77.68	9.50056
77.7	9.494409
77.72	9.488287
77.74	9.482464
77.76	9.476578
77.78	9.465174
77.8	9.459561
77.82	9.45398
77.84	9.448718
77.86	9.443389
77.88	9.438092
77.9	9.42809
77.92	9.423089
77.94	9.418427
77.96	9.413696
77.98	9.409
78	9.404654
78.02	9.400237
78.04	9.391838
78.06	9.387748
78.08	9.383696
78.1	9.380014
78.12	9.37626
78.14	9.372547
78.16	9.369214
78.18	9.365808
78.2	9.359473
78.22	9.356428
78.24	9.353428
78.26	9.350829
78.28	9.348156
78.3	9.345531
78.32	9.343316
78.34	9.338791
78.36	9.336973
78.38	9.335082
78.4	9.333245
78.42	9.331838
78.44	9.330358
78.46	9.328935
78.48	9.32681
78.5	9.326113
78.52	9.325262
78.54	9.32486
78.56	9.324303
78.58	9.323945
78.6	9.323688
78.62	9.323683
78.64	9.323939
78.66	9.3243
78.68	9.324873
78.7	9.325553
78.72	9.326447
78.74	9.327452
78.76	9.33001
78.78	9.331569
78.8	9.333241
78.82	9.33514
78.84	9.337156
78.86	9.339402
78.88	9.341769
78.9	9.344368
78.92	9.350057
78.94	9.353136
78.96	9.350793
78.98	9.341939
79	9.332301
79.02	9.31221
79.04	9.302103
79.06	9.291999
79.08	9.281642
79.1	9.271636
79.12	9.261479
79.14	9.251204
79.16	9.241097
79.18	9.231177
79.2	9.210996
79.22	9.200987
79.24	9.191207
79.26	9.181439
79.28	9.171287
79.3	9.15178
79.32	9.14216
79.34	9.132147
79.36	9.122417
79.38	9.112929
79.4	9.103456
79.42	9.084002
79.44	9.074654
79.46	9.065321
79.48	9.055596
79.5	9.046152
79.52	9.03694
79.54	9.027742
79.56	9.008849
79.58	8.999768
79.6	8.990702
79.62	8.981254
79.64	8.972077
79.66	8.963124
79.68	8.954185
79.7	8.935819
79.72	8.926989
79.74	8.918173
79.76	8.908983
79.78	8.900058
79.8	8.891347
79.82	8.882649
79.84	8.873585
79.86	8.864779
79.88	8.856184
79.9	8.847603
79.92	8.829967
79.94	8.821485
79.96	8.813016
79.98	8.804186
80	8.795609
80.02	8.787237
80.04	8.778877
80.06	8.770161
80.08	8.753428
80.1	8.745173
80.12	8.736567
80.14	8.728207
80.16	8.720043
80.18	8.711893
80.2	8.703393
80.22	8.687075
80.24	8.679026
80.26	8.67063
80.28	8.662475
80.3	8.654511
80.32	8.646561
80.34	8.630209
80.36	8.622342
80.38	8.614489
80.4	8.606292
80.42	8.598331
80.44	8.590558
80.46	8.574697
80.48	8.566832
80.5	8.559151
80.52	8.551481
80.54	8.543476
80.56	8.535872
80.58	8.528198
80.6	8.512646
80.62	8.505136
80.64	8.497557
80.66	8.490008
80.68	8.482194
80.7	8.474779
80.72	8.459836
80.74	8.452117
80.76	8.444793
80.78	8.437398
80.8	8.430035
80.82	8.422407
80.84	8.415174
80.86	8.400593
80.88	8.393058
80.9	8.385911
80.92	8.378692
80.94	8.371505
80.96	8.356997
80.98	8.349864
81	8.342917
81.02	8.335957
81.04	8.32859
81.06	8.321687
81.08	8.314709
81.1	8.307935
81.12	8.293941
81.14	8.287207
81.16	8.280396
81.18	8.273792
81.2	8.267181
81.22	8.260139
81.24	8.253571
81.26	8.246927
81.28	8.234033
81.3	8.227159
81.32	8.220746
81.34	8.214261
81.36	8.207967
81.38	8.201669
81.4	8.194956
81.42	8.182356
81.44	8.176204
81.46	8.170049
81.48	8.163487
81.5	8.157364
81.52	8.151169
81.54	8.145151
81.56	8.132712
81.58	8.12672
81.6	8.120659
81.62	8.114768
81.64	8.108874
81.66	8.102592
81.68	8.096725
81.7	8.09079
81.72	8.079245
81.74	8.073092
81.76	8.067344
81.78	8.061527
81.8	8.055872
81.82	8.050212
81.84	8.038546
81.86	8.032844
81.88	8.027297
81.9	8.021748
81.92	8.015831
81.94	8.010303
81.96	8.004709
81.98	7.999267
82	7.988015
82.02	7.982591
82.04	7.9771
82.06	7.971757
82.08	7.966412
82.1	7.960711
82.12	7.955385
82.14	7.949993
82.16	7.944746
82.18	7.933896
82.2	7.928664
82.22	7.923367
82.24	7.918212
82.26	7.913053
82.28	7.90755
82.3	7.902409
82.32	7.897203
82.34	7.887066
82.36	7.881656
82.38	7.876602
82.4	7.871484
82.42	7.866502
82.44	7.861518
82.46	7.856196
82.48	7.851227
82.5	7.846194
82.52	7.836545
82.54	7.831747
82.56	7.82647
82.58	7.821632
82.6	7.816727
82.62	7.811975
82.64	7.802731
82.66	7.797583
82.68	7.792889
82.7	7.788128
82.72	7.783523
82.74	7.774567
82.76	7.769564
82.78	7.765012
82.8	7.760392
82.82	7.755925
82.84	7.751594
82.86	7.747235
82.88	7.737955
82.9	7.733469
82.92	7.729129
82.94	7.72492
82.96	7.720685
82.98	7.715962
83	7.711664
83.02	7.707302
83.04	7.703081
83.06	7.694865
83.08	7.690269
83.1	7.686083
83.12	7.681837
83.14	7.677726
83.16	7.673735
83.18	7.669724
83.2	7.665244
83.22	7.657026
83.24	7.653018
83.26	7.649125
83.28	7.645214
83.3	7.640843
83.32	7.636864
83.34	7.633003
83.36	7.625133
83.38	7.621287
83.4	7.617036
83.42	7.613158
83.44	7.609393
83.46	7.605483
83.48	7.601716
83.5	7.593818
83.52	7.590033
83.54	7.586356
83.56	7.582538
83.58	7.57886
83.6	7.575197
83.62	7.571145
83.64	7.563854
83.66	7.560123
83.68	7.556526
83.7	7.553047
83.72	7.510785
83.74	7.462003
83.76	7.413319
83.78	7.320516
83.8	7.276716
83.82	7.234675
83.84	7.194391
83.86	7.155859
83.88	7.119075
83.9	7.103698
83.92	7.096053
83.94	7.090506
83.96	7.088391
83.98	7.088529
84	7.085316
84.02	7.084131
84.04	7.079926
84.06	6.986104
84.08	7.011414
84.1	7.026402
84.12	7.043409
84.14	7.178773
84.16	7.127461
84.18	7.252037
84.2	7.188346
84.22	7.242522
84.24	7.233098
84.26	7.224461
84.28	7.216533
84.3	7.209234
84.32	7.182341
84.34	7.14352
84.36	7.113661
84.38	7.088952
84.4	7.058863
84.42	7.029726
84.44	6.965835
84.46	6.943472
84.48	6.981336
84.5	6.92211
84.52	6.975022
84.54	6.920978
84.56	6.970235
84.58	6.932044
84.6	6.981745
84.62	6.969774
84.64	7.007078
84.66	6.995312
84.68	7.020133
84.7	7.056074
84.72	7.067918
84.74	7.080467
84.76	7.10674
84.78	7.120395
84.8	7.134392
84.82	7.148726
84.84	7.163404
84.86	7.178418
84.88	7.193773
84.9	7.209465
84.92	7.225503
84.94	7.258589
84.96	7.275647
84.98	7.293036
85	7.31077
85.02	7.328847
85.04	7.347254
85.06	7.366006
85.08	7.385104
85.1	7.397547
85.12	7.398064
85.14	7.398217
85.16	7.245863
85.18	7.059477
85.2	6.885861
85.22	6.736147
85.24	6.625157
85.26	6.533881
85.28	6.042884
85.3	5.744413
85.32	5.520933
85.34	5.390022
85.36	5.342669
85.38	5.455064
85.4	5.632963
85.42	5.802953
85.44	6.350882
85.46	6.12557
85.48	5.592269
85.5	5.421001
85.52	5.41877
85.54	5.446114
85.56	5.448164
85.58	5.445235
85.6	5.441882
85.62	5.438274
85.64	5.434444
85.66	5.4304
85.68	5.426144
85.7	5.416991
85.72	5.412097
85.74	5.406991
85.76	5.401672
85.78	5.396142
85.8	5.390401
85.82	5.384451
85.84	5.378289
85.86	5.371916
85.88	5.358544
85.9	5.351541
85.92	5.344329
85.94	5.33691
85.96	5.329282
85.98	5.321445
86	5.305148
86.02	5.296688
86.04	5.288022
86.06	5.279149
86.08	5.27007
86.1	5.260784
86.12	5.251294
86.14	5.241599
86.16	5.221596
86.18	5.211287
86.2	5.200777
86.22	5.190065
86.24	5.17915
86.26	5.156713
86.28	5.145194
86.3	5.133475
86.32	5.121555
86.34	5.109437
86.36	5.09712
86.38	5.084607
86.4	5.058985
86.42	5.04588
86.44	5.032581
86.46	5.019085
86.48	5.005396
86.5	4.991514
86.52	4.963171
86.54	4.948714
86.56	4.934065
86.58	4.919225
86.6	4.904199
86.62	4.888984
86.64	4.87358
86.66	4.857992
86.68	4.826258
86.7	4.810117
86.72	4.793793
86.74	4.777286
86.76	4.7606
86.78	4.743734
86.8	4.726688
86.82	4.709468
86.84	4.692071
86.86	5.226609
86.88	5.694529
86.9	5.669314
86.92	5.641587
86.94	5.611355
86.96	5.578631
86.98	5.543432
87	5.505783
87.02	5.465711
87.04	5.423254
87.06	5.331352
87.08	5.282014
87.1	5.2305
87.12	5.176884
87.14	5.121247
87.16	5.063682
87.18	5.004293
87.2	4.943197
87.22	4.816412
87.24	4.751028
87.26	4.684547
87.28	4.617167
87.3	4.549106
87.32	4.480606
87.34	4.34338