0.02	8.041034
0.04	8.051895
0.06	8.061656
0.08	8.070312
0.1	8.077868
0.12	8.084332
0.14	8.075222
0.16	8.064642
0.18	8.052677
0.2	7.996404
0.22	7.953437
0.24	7.938139
0.26	7.913852
0.28	7.888914
0.3	7.863406
0.32	7.837416
0.34	7.784371
0.36	7.771076
0.38	7.755807
0.4	7.740367
0.42	7.719133
0.44	7.691087
0.46	7.656104
0.48	7.630733
0.5	7.642884
0.52	7.65417
0.54	7.665279
0.56	7.676327
0.58	7.687309
0.6	7.698198
0.62	7.708963
0.64	7.680821
0.66	7.664744
0.68	7.648352
0.7	7.631719
0.72	7.61487
0.74	7.597804
0.76	7.580517
0.78	7.563019
0.8	7.545305
0.82	7.527373
0.84	7.50923
0.86	7.472295
0.88	7.45351
0.9	7.434511
0.92	7.415295
0.94	7.39587
0.96	7.376232
0.98	7.356379
1	7.316042
1.02	7.295559
1.04	7.274867
1.06	7.253963
1.08	7.232851
1.1	7.211529
1.12	7.19
1.14	7.146316
1.16	7.124162
1.18	7.101802
1.2	7.079237
1.22	7.056465
1.24	7.033489
1.26	7.010308
1.28	6.986923
1.3	6.963336
1.32	6.939545
1.34	6.891358
1.36	6.866963
1.38	6.842368
1.4	6.817573
1.42	6.79258
1.44	6.767388
1.46	6.741999
1.48	6.716413
1.5	6.690631
1.52	6.638484
1.54	6.612119
1.56	6.585562
1.58	6.558814
1.6	6.531874
1.62	6.504745
1.64	6.477427
1.66	6.422227
1.68	6.394348
1.7	6.366283
1.72	6.338035
1.74	6.309603
1.76	6.280991
1.78	6.252197
1.8	6.194073
1.82	6.164746
1.84	6.135243
1.86	6.105566
1.88	6.075715
1.9	6.045694
1.92	6.015502
1.94	5.985142
1.96	5.923923
1.98	5.893066
2	5.862048
2.02	5.830869
2.04	5.799532
2.06	5.768037
2.08	5.736389
2.1	5.704586
2.12	5.672633
2.14	5.640531
2.16	5.608283
2.18	5.575889
2.2	5.510678
2.22	5.477866
2.24	5.444917
2.26	5.411837
2.28	5.378625
2.3	5.345288
2.32	5.311825
2.34	5.278242
2.36	5.24454
2.38	5.210806
2.4	5.142813
2.42	5.108661
2.44	5.074417
2.46	5.040077
2.48	5.005641
2.5	4.971116
2.52	4.936502
2.54	4.901802
2.56	4.832176
2.58	4.797255
2.6	4.762269
2.62	4.727223
2.64	4.692123
2.66	4.656973
2.68	4.621779
2.7	4.586546
2.72	4.551282
2.74	4.48068
2.76	4.445356
2.78	4.410026
2.8	4.374696
2.82	4.339376
2.84	4.30407
2.86	4.26879
2.88	4.23354
2.9	4.163174
2.92	4.128073
2.94	4.093129
2.96	4.058188
2.98	4.023221
3	3.988419
3.02	3.953741
3.04	3.884832
3.06	3.850606
3.08	3.816393
3.1	3.782388
3.12	3.748595
3.14	3.715005
3.16	3.681629
3.18	3.648483
3.2	3.615581
3.22	3.550579
3.24	3.518514
3.26	3.486764
3.28	3.455348
3.3	3.424286
3.32	3.363304
3.34	3.333429
3.36	3.303992
3.38	3.275018
3.4	3.246531
3.42	3.218554
3.44	3.191113
3.46	3.164234
3.48	3.112267
3.5	3.087234
3.52	3.062873
3.54	3.039211
3.56	3.016278
3.58	2.994103
3.6	2.95215
3.62	2.932433
3.64	2.913595
3.66	2.895669
3.68	2.878684
3.7	2.862671
3.72	2.84766
3.74	2.820765
3.76	2.80894
3.78	2.798234
3.8	2.788674
3.82	2.780287
3.84	2.773098
3.86	2.767133
3.88	2.758957
3.9	2.756789
3.92	2.755925
3.94	2.756382
3.96	2.758174
3.98	2.761313
4	2.771676
4.02	2.778914
4.04	2.78753
4.06	2.797527
4.08	2.808905
4.1	2.821662
4.12	2.817092
4.14	2.928971
4.16	3.246699
4.18	3.11471
4.2	3.447138
4.22	3.286083
4.24	3.615308
4.26	3.467143
4.28	3.7194
4.3	3.57041
4.32	3.603238
4.34	3.636184
4.36	3.669431
4.38	3.703
4.4	3.736879
4.42	3.771051
4.44	3.805501
4.46	3.840212
4.48	3.91035
4.5	3.945749
4.52	3.981348
4.54	4.017134
4.56	4.053094
4.58	4.089216
4.6	4.125489
4.62	4.198441
4.64	4.235099
4.66	4.271865
4.68	4.308731
4.7	4.345687
4.72	4.382725
4.74	4.419836
4.76	4.457014
4.78	4.49425
4.8	4.531538
4.82	4.606244
4.84	4.64365
4.86	4.681083
4.88	4.718538
4.9	4.75601
4.92	4.830986
4.94	4.868482
4.96	4.905977
4.98	4.943467
5	4.980949
5.02	5.018421
5.04	5.055878
5.06	5.093317
5.08	5.130735
5.1	5.168131
5.12	5.242845
5.14	5.280158
5.16	5.317439
5.18	5.354688
5.2	5.391901
5.22	5.429078
5.24	5.466217
5.26	5.540377
5.28	5.577396
5.3	5.614373
5.32	5.651306
5.34	5.688197
5.36	5.725044
5.38	5.798605
5.4	5.835319
5.42	5.871987
5.44	5.908611
5.46	5.945189
5.48	5.981724
5.5	6.018213
5.52	6.054658
5.54	6.127418
5.56	6.163733
5.58	6.200006
5.6	6.236238
5.62	6.272429
5.64	6.308581
5.66	6.344692
5.68	6.380766
5.7	6.416802
5.72	6.488767
5.74	6.524698
5.76	6.560596
5.78	6.596463
5.8	6.668107
5.82	6.703887
5.84	6.739642
5.86	6.775371
5.88	6.811077
5.9	6.846762
5.92	6.882427
5.94	6.918075
5.96	6.989321
5.98	7.024924
6	7.060515
6.02	7.096098
6.04	7.131674
6.06	7.167243
6.08	7.202809
6.1	7.273939
6.12	7.309506
6.14	7.345078
6.16	7.380657
6.18	7.416245
6.2	7.451842
6.22	7.487454
6.24	7.52308
6.26	7.594388
6.28	7.630074
6.3	7.665783
6.32	7.70152
6.34	7.737286
6.36	7.773083
6.38	7.808914
6.4	7.880686
6.42	7.916632
6.44	7.952622
6.46	7.988657
6.48	8.024741
6.5	8.060876
6.52	8.097064
6.54	8.16961
6.56	8.205974
6.58	8.242401
6.6	8.278893
6.62	8.315455
6.64	8.352089
6.66	8.388796
6.68	8.425581
6.7	8.462444
6.72	8.49939
6.74	8.573537
6.76	8.610744
6.78	8.648044
6.8	8.685439
6.82	8.722932
6.84	8.760526
6.86	8.798223
6.88	8.836027
6.9	8.911963
6.92	8.950102
6.94	8.988358
6.96	9.026732
6.98	9.06523
7	9.103853
7.02	9.142605
7.04	9.272449
7.06	9.308939
7.08	9.344839
7.1	9.380181
7.12	9.415005
7.14	9.449349
7.16	9.483262
7.18	9.516791
7.2	9.58292
7.22	9.615641
7.24	9.648216
7.26	9.680719
7.28	9.713223
7.3	9.745802
7.32	9.778541
7.34	9.8549
7.36	9.930931
7.38	10.01426
7.4	10.02773
7.42	10.11647
7.44	10.11589
7.46	10.17032
7.48	10.17354
7.5	10.179
7.52	10.18796
7.54	10.19153
7.56	10.19456
7.58	10.1971
7.6	10.1992
7.62	10.20092
7.64	10.20232
7.66	10.20446
7.68	10.20533
7.7	10.2062
7.72	10.2138
7.74	10.22221
7.76	10.22918
7.78	10.23581
7.8	10.24231
7.82	10.2097
7.84	10.21517
7.86	10.22017
7.88	10.2247
7.9	10.22878
7.92	10.23572
7.94	10.23864
7.96	10.24565
7.98	10.23365
8	10.22525
8.02	10.26178
8.04	10.22748
8.06	10.24428
8.08	10.24515
8.1	10.24559
8.12	10.24562
8.14	10.24527
8.16	10.24457
8.18	10.24356
8.2	10.24075
8.22	10.24442
8.24	10.24814
8.26	10.2515
8.28	10.25481
8.3	10.25815
8.32	10.26155
8.34	10.265
8.36	10.27209
8.38	10.27571
8.4	10.27941
8.42	10.28315
8.44	10.28697
8.46	10.29021
8.48	10.28944
8.5	10.28855
8.52	10.2875
8.54	10.2864
8.56	10.28525
8.58	10.28406
8.6	10.28284
8.62	10.28158
8.64	10.28029
8.66	10.27896
8.68	10.27622
8.7	10.27481
8.72	10.27337
8.74	10.27192
8.76	10.27044
8.78	10.26895
8.8	10.26745
8.82	10.26593
8.84	10.26276
8.86	10.26114
8.88	10.25949
8.9	10.25781
8.92	10.25612
8.94	10.25442
8.96	10.25099
8.98	10.24891
9	10.24704
9.02	10.24518
9.04	10.24323
9.06	10.24131
9.08	10.23743
9.1	10.23547
9.12	10.23351
9.14	10.23155
9.16	10.22959
9.18	10.22757
9.2	10.22556
9.22	10.22351
9.24	10.21938
9.26	10.2173
9.28	10.21522
9.3	10.21315
9.32	10.21062
9.34	10.2083
9.36	10.20607
9.38	10.20159
9.4	10.19934
9.42	10.19709
9.44	10.19485
9.46	10.19261
9.48	10.1903
9.5	10.18569
9.52	10.18335
9.54	10.18101
9.56	10.17868
9.58	10.17635
9.6	10.17353
9.62	10.17095
9.64	10.16846
9.66	10.16349
9.68	10.161
9.7	10.15852
9.72	10.15605
9.74	10.1535
9.76	10.15098
9.78	10.14843
9.8	10.14586
9.82	10.1433
9.84	10.13822
9.86	10.13515
9.88	10.13234
9.9	10.12964
9.92	10.12696
9.94	10.1216
9.96	10.11894
9.98	10.1162
10	10.11349
10.02	10.11076
10.04	10.10801
10.06	10.10527
10.08	10.10254
10.1	10.09984
10.12	10.09362
10.14	10.09076
10.16	10.0879
10.18	10.08506
10.2	10.08223
10.22	10.07937
10.24	10.07636
10.26	10.07344
10.28	10.07053
10.3	10.06763
10.32	10.06123
10.34	10.05811
10.36	10.05505
10.38	10.05201
10.4	10.04897
10.42	10.04595
10.44	10.04285
10.46	10.03978
10.48	10.03669
10.5	10.03361
10.52	10.027
10.54	10.02367
10.56	10.02044
10.58	10.01723
10.6	10.01403
10.62	10.01085
10.64	10.00766
10.66	10.00122
10.68	9.998005
10.7	9.994804
10.72	9.991629
10.74	9.987889
10.76	9.984414
10.78	9.981068
10.8	9.974434
10.82	9.971149
10.84	9.967773
10.86	9.964442
10.88	9.961099
10.9	9.957766
10.92	9.954459
10.94	9.950603
10.96	9.947004
10.98	9.940088
11	9.936661
11.02	9.933264
11.04	9.929772
11.06	9.92633
11.08	9.919443
11.1	9.916039
11.12	9.912061
11.14	9.908353
11.16	9.904784
11.18	9.901244
11.2	9.894248
11.22	9.890669
11.24	9.887146
11.26	9.883618
11.28	9.880109
11.3	9.876075
11.32	9.868629
11.34	9.864975
11.36	9.861349
11.38	9.857756
11.4	9.854067
11.42	9.850435
11.44	9.846802
11.46	9.843192
11.48	9.839063
11.5	9.831405
11.52	9.827663
11.54	9.823944
11.56	9.820228
11.58	9.816455
11.6	9.81274
11.62	9.809028
11.64	9.805344
11.66	9.801085
11.68	9.797091
11.7	9.789412
11.72	9.785615
11.74	9.781824
11.76	9.777978
11.78	9.774196
11.8	9.770419
11.82	9.766674
11.84	9.762324
11.86	9.499549
11.88	9.363958
11.9	9.23912
11.92	9.193591
11.94	9.184518
11.96	9.174689
11.98	9.152903
12	9.141026
12.02	9.128555
12.04	9.115547
12.06	9.102057
12.08	9.088152
12.1	9.0739
12.12	9.044663
12.14	9.029844
12.16	9.015014
12.18	9.000268
12.2	8.985712
12.22	8.971454
12.24	8.969356
12.26	8.966817
12.28	8.960407
12.3	8.957201
12.32	8.954174
12.34	8.951238
12.36	8.948373
12.38	8.945578
12.4	8.942779
12.42	8.940054
12.44	8.934813
12.46	8.932211
12.48	8.929684
12.5	8.927227
12.52	8.92484
12.54	8.922523
12.56	8.920199
12.58	8.915777
12.6	8.913598
12.62	8.911496
12.64	8.909467
12.66	8.907509
12.68	8.905623
12.7	8.903728
12.72	8.900167
12.74	8.898417
12.76	8.896747
12.78	8.89515
12.8	8.893627
12.82	8.892108
12.84	8.890669
12.86	8.889304
12.88	8.888013
12.9	8.885466
12.92	8.884309
12.94	8.883227
12.96	8.882146
12.98	8.881148
13	8.880226
13.02	8.87938
13.04	8.877719
13.06	8.877007
13.08	8.876372
13.1	8.875737
13.12	8.875187
13.14	8.874715
13.16	8.874233
13.18	8.873838
13.2	8.873522
13.22	8.873044
13.24	8.872891
13.26	8.872818
13.28	8.872734
13.3	8.872738
13.32	8.872823
13.34	8.872986
13.36	8.873148
13.38	8.873728
13.4	8.874046
13.42	8.874455
13.44	8.874946
13.46	8.875517
13.48	8.876743
13.5	8.877412
13.52	8.878173
13.54	8.879015
13.56	8.879873
13.58	8.880801
13.6	8.881822
13.62	8.882845
13.64	8.885345
13.66	8.886724
13.68	8.888185
13.7	8.889728
13.72	8.891117
13.74	8.892596
13.76	8.89416
13.78	8.895741
13.8	8.897416
13.82	8.900881
13.84	8.902726
13.86	8.904656
13.88	8.906603
13.9	8.908644
13.92	8.91077
13.94	8.912889
13.96	8.917347
13.98	8.919687
14	8.922114
14.02	8.924528
14.04	8.92705
14.06	8.929662
14.08	8.932291
14.1	8.935018
14.12	8.937758
14.14	8.936962
14.16	8.9384
14.18	8.939427
14.2	8.940063
14.22	8.940333
14.24	8.940271
14.26	8.939913
14.28	8.965157
14.3	8.912651
14.32	8.898055
14.34	8.898372
14.36	8.898246
14.38	8.897706
14.4	8.896783
14.42	8.895514
14.44	8.892107
14.46	8.890069
14.48	8.887883
14.5	8.885612
14.52	8.890182
14.54	8.896092
14.56	8.904881
14.58	8.909272
14.6	8.913734
14.62	8.918341
14.64	8.923083
14.66	8.927893
14.68	8.932847
14.7	8.943113
14.72	8.948432
14.74	8.953885
14.76	8.959407
14.78	8.965071
14.8	8.970868
14.82	8.976753
14.84	8.982777
14.86	8.988934
14.88	9.001527
14.9	9.008025
14.92	9.01461
14.94	9.016499
14.96	9.015643
14.98	9.014441
15	9.013345
15.02	9.010726
15.04	9.009456
15.06	9.008228
15.08	9.007044
15.1	9.005905
15.12	9.004811
15.14	9.002688
15.16	9.001679
15.18	9.000705
15.2	8.999767
15.22	8.998867
15.24	8.998004
15.26	8.99639
15.28	8.995567
15.3	8.994719
15.32	8.993999
15.34	8.993331
15.36	8.992699
15.38	8.992103
15.4	8.991541
15.42	8.991015
15.44	8.990524
15.46	8.989651
15.48	8.989268
15.5	8.988921
15.52	8.988612
15.54	8.988338
15.56	8.988101
15.58	8.748439
15.6	8.368627
15.62	8.093489
15.64	8.283724
15.66	8.021292
15.68	8.267007
15.7	8.071871
15.72	8.253771
15.74	8.060672
15.76	8.236384
15.78	8.04677
15.8	8.030687
15.82	8.191064
15.84	8.006426
15.86	8.156125
15.88	7.808214
15.9	7.853541
15.92	7.867822
15.94	7.868513
15.96	7.86884
15.98	7.869114
16	7.869398
16.02	7.86971
16.04	7.870047
16.06	7.87041
16.08	7.8708
16.1	7.871677
16.12	7.872158
16.14	7.872668
16.16	7.873214
16.18	7.873789
16.2	7.874395
16.22	7.875041
16.24	7.875718
16.26	7.877176
16.28	7.877959
16.3	7.878777
16.32	7.879639
16.34	7.880537
16.36	7.882452
16.38	7.883471
16.4	7.884535
16.42	7.885641
16.44	7.886788
16.46	7.887985
16.48	7.889224
16.5	7.891852
16.52	7.893235
16.54	7.894673
16.56	7.896164
16.58	7.897704
16.6	7.8993
16.62	7.900947
16.64	7.902655
16.66	7.904416
16.68	7.912868
16.7	7.926444
16.72	7.931789
16.74	7.919366
16.76	7.927875
16.78	7.927283
16.8	7.936179
16.82	7.943464
16.84	7.941704
16.86	7.951048
16.88	7.949698
16.9	7.959565
16.92	7.958444
16.94	8.045822
16.96	8.236628
16.98	8.32448
17	8.236271
17.02	8.320256
17.04	8.232821
17.06	8.31237
17.08	8.226609
17.1	8.30119
17.12	8.248371
17.14	8.142913
17.16	8.090563
17.18	8.038676
17.2	7.987428
17.22	7.948219
17.24	7.960976
17.26	7.966412
17.28	7.967641
17.3	7.968684
17.32	7.969578
17.34	7.970372
17.36	7.971059
17.38	7.972085
17.4	7.97245
17.42	7.972692
17.44	7.972848
17.46	7.97291
17.48	7.972852
17.5	7.972713
17.52	7.972486
17.54	7.971735
17.56	7.971215
17.58	7.97063
17.6	7.969957
17.62	7.969205
17.64	7.968369
17.66	7.967459
17.68	7.965408
17.7	7.964272
17.72	7.963069
17.74	7.961796
17.76	7.96046
17.78	7.959058
17.8	7.957598
17.82	7.956077
17.84	7.954502
17.86	7.95287
17.88	7.949459
17.9	7.947684
17.92	7.94586
17.94	7.943999
17.96	7.942095
17.98	7.938183
18	7.93618
18.02	7.934145
18.04	7.932086
18.06	7.930001
18.08	7.927899
18.1	7.925774
18.12	7.923638
18.14	7.919326
18.16	7.917156
18.18	7.914987
18.2	7.912812
18.22	7.910643
18.24	7.908473
18.26	7.906316
18.28	7.902032
18.3	7.899912
18.32	7.897815
18.34	7.895737
18.36	7.89369
18.38	7.891666
18.4	7.88968
18.42	7.887725
18.44	7.88394
18.46	7.882116
18.48	7.880336
18.5	7.878613
18.52	7.876941
18.54	7.875332
18.56	7.873782
18.58	7.872302
18.6	7.869548
18.62	7.868282
18.64	7.867101
18.66	7.865998
18.68	7.864987
18.7	7.864062
18.72	7.863237
18.74	7.86188
18.76	7.861355
18.78	7.860945
18.8	7.860642
18.82	7.860462
18.84	7.860397
18.86	7.860462
18.88	7.86065
18.9	7.860976
18.92	7.862033
18.94	7.862773
18.96	7.863666
18.98	7.864706
19	7.865906
19.02	7.867261
19.04	7.868784
19.06	7.872334
19.08	7.874368
19.1	7.876586
19.12	7.878983
19.14	7.881573
19.16	7.884348
19.18	7.887326
19.2	7.893878
19.22	7.897461
19.24	7.901262
19.26	7.905273
19.28	7.90951
19.3	7.913965
19.32	7.918654
19.34	7.923568
19.36	7.928726
19.38	7.939764
19.4	7.945654
19.42	7.951797
19.44	7.958194
19.46	7.964852
19.48	7.971774
19.5	7.978964
19.52	7.986425
19.54	7.994162
19.56	8.002179
19.58	8.019067
19.6	8.027945
19.62	8.037118
19.64	8.04659
19.66	8.056364
19.68	8.066443
19.7	8.076833
19.72	8.098555
19.74	8.109895
19.76	8.121558
19.78	8.133549
19.8	8.145869
19.82	8.158525
19.84	8.171517
19.86	8.198529
19.88	8.212554
19.9	8.22693
19.92	8.24166
19.94	8.256746
19.96	8.272192
19.98	8.288002
20	8.32072
20.02	8.337635
20.04	8.354925
20.06	8.372592
20.08	8.390638
20.1	8.427882
20.12	8.447085
20.14	8.466677
20.16	8.486662
20.18	8.507042
20.2	8.527819
20.22	8.570573
20.24	8.592555
20.26	8.614944
20.28	8.63774
20.3	8.660947
20.32	8.684566
20.34	8.708597
20.36	8.75791
20.38	8.783193
20.4	8.808897
20.42	8.835023
20.44	8.861573
20.46	8.940201
20.48	9.021548
20.5	9.097995
20.52	9.123942
20.54	9.149912
20.56	9.175941
20.58	9.202071
20.6	9.228351
20.62	9.25483
20.64	9.281566
20.66	9.308617
20.68	9.363925
20.7	9.392324
20.72	9.428235
20.74	9.474208
20.76	9.520955
20.78	9.568039
20.8	9.61538
20.82	9.645656
20.84	9.677529
20.86	9.706854
20.88	9.738356
20.9	9.795244
20.92	9.820621
20.94	9.843973
20.96	9.884548
20.98	9.905321
21	9.974365
21.02	9.963348
21.04	10.01818
21.06	10.08648
21.08	10.06973
21.1	10.13981
21.12	10.12091
21.14	10.19287
21.16	10.17306
21.18	10.247
21.2	10.32475
21.22	10.31534
21.24	10.39085
21.26	10.38363
21.28	10.45671
21.3	10.45145
21.32	10.52197
21.34	10.46312
21.36	10.47158
21.38	10.48083
21.4	10.48999
21.42	10.49909
21.44	10.5082
21.46	10.51739
21.48	10.52672
21.5	10.54611
21.52	10.55631
21.54	10.57417
21.56	10.59532
21.58	10.61341
21.6	10.63102
21.62	10.64873
21.64	10.6665
21.66	10.65559
21.68	10.64787
21.7	10.64044
21.72	10.63321
21.74	10.62584
21.76	10.61845
21.78	10.61122
21.8	10.604
21.82	10.58998
21.84	10.58305
21.86	10.57626
21.88	10.56958
21.9	10.56291
21.92	10.55636
21.94	10.54991
21.96	10.53727
21.98	10.53108
22	10.52498
22.02	10.51898
22.04	10.51302
22.06	10.50715
22.08	10.50137
22.1	10.49567
22.12	10.48454
22.14	10.4791
22.16	10.47373
22.18	10.46844
22.2	10.46327
22.22	10.45312
22.24	10.44816
22.26	10.44326
22.28	10.43851
22.3	10.43382
22.32	10.42919
22.34	10.42474
22.36	10.41597
22.38	10.41168
22.4	10.40756
22.42	10.40349
22.44	10.39946
22.46	10.39566
22.48	10.39188
22.5	10.38815
22.52	10.38109
22.54	10.37761
22.56	10.3744
22.58	10.37119
22.6	10.36803
22.62	10.36508
22.64	10.36214
22.66	10.35673
22.68	10.35407
22.7	10.35164
22.72	10.34936
22.74	10.34709
22.76	10.345
22.78	10.34291
22.8	10.34108
22.82	10.33761
22.84	10.33598
22.86	10.33462
22.88	10.33325
22.9	10.33209
22.92	10.33093
22.94	10.33006
22.96	10.32918
22.98	10.32804
23	10.32754
23.02	10.32728
23.04	10.3272
23.06	10.3271
23.08	10.32725
23.1	10.32759
23.12	10.3279
23.14	10.32925
23.16	10.32999
23.18	10.33101
23.2	10.33223
23.22	10.33343
23.24	10.33491
23.26	10.3366
23.28	10.34022
23.3	10.34239
23.32	10.34026
23.34	10.33474
23.36	10.32869
23.38	10.32298
23.4	10.31579
23.42	10.31105
23.44	10.30455
23.46	10.29468
23.48	10.28899
23.5	10.28283
23.52	10.27603
23.54	10.26723
23.56	10.27137
23.58	10.28009
23.6	10.29319
23.62	10.3271
23.64	10.30299
23.66	10.2409
23.68	10.20923
23.7	10.16601
23.72	10.15177
23.74	10.13615
23.76	10.1404
23.78	10.1614
23.8	10.18842
23.82	9.964566
23.84	9.765649
23.86	9.593882
23.88	9.450691
23.9	9.33495
23.92	9.250942
23.94	9.248733
23.96	9.24844
23.98	9.249039
24	9.233227
24.02	9.261781
24.04	9.25001
24.06	9.277926
24.08	9.269703
24.1	9.296525
24.12	9.316708
24.14	9.314264
24.16	9.337691
24.18	9.229235
24.2	9.164179
24.22	9.186409
24.24	9.186036
24.26	9.178883
24.28	9.171346
24.3	9.154242
24.32	9.145897
24.34	9.137614
24.36	9.12956
24.38	9.121589
24.4	9.11385
24.42	9.106147
24.44	9.091305
24.46	9.084168
24.48	9.077065
24.5	9.070212
24.52	9.063444
24.54	9.056801
24.56	9.05042
24.58	9.04412
24.6	9.037951
24.62	9.026235
24.64	9.02055
24.66	9.015144
24.68	9.009823
24.7	9.004635
24.72	8.999737
24.74	8.994923
24.76	8.985868
24.78	8.981575
24.8	8.977424
24.82	8.973579
24.84	8.969821
24.86	8.966209
24.88	8.962913
24.9	8.959704
24.92	8.956647
24.94	8.953913
24.96	8.948781
24.98	8.946626
25	8.944564
25.02	8.942659
25.04	8.939444
25.06	8.934209
25.08	8.928576
25.1	8.922925
25.12	8.911398
25.14	8.905624
25.16	8.899916
25.18	8.894238
25.2	8.888554
25.22	8.88291
25.24	8.87167
25.26	8.866073
25.28	8.860511
25.3	8.854947
25.32	8.849432
25.34	8.843993
25.36	8.838468
25.38	8.827615
25.4	8.822212
25.42	8.816866
25.44	8.811554
25.46	8.806249
25.48	8.801002
25.5	8.795794
25.52	8.78546
25.54	8.780333
25.56	8.775273
25.58	8.770225
25.6	8.765245
25.62	8.760279
25.64	8.755385
25.66	8.750522
25.68	8.740937
25.7	8.736217
25.72	8.731542
25.74	8.726923
25.76	8.722349
25.78	8.717835
25.8	8.708966
25.82	8.704614
25.84	8.700325
25.86	8.696091
25.88	8.691925
25.9	8.687815
25.92	8.683775
25.94	8.679794
25.96	8.675887
25.98	8.668274
26	8.664568
26.02	8.660943
26.04	8.657385
26.06	8.653909
26.08	8.650502
26.1	8.647182
26.12	8.640773
26.14	8.637687
26.16	8.634693
26.18	8.631777
26.2	8.628957
26.22	8.626215
26.24	8.623572
26.26	8.618552
26.28	8.616179
26.3	8.61391
26.32	8.611729
26.34	8.609655
26.36	8.607673
26.38	8.604022
26.4	8.602358
26.42	8.60079
26.44	8.599339
26.46	8.597987
26.48	8.596756
26.5	8.595625
26.52	8.593717
26.54	8.59294
26.56	8.592273
26.58	8.591734
26.6	8.591306
26.62	8.59101
26.64	8.590827
26.66	8.590779
26.68	8.590848
26.7	8.591055
26.72	8.591847
26.74	8.592437
26.76	8.59317
26.78	8.594028
26.8	8.595032
26.82	8.596164
26.84	8.597446
26.86	8.598858
26.88	8.600424
26.9	8.603975
26.92	8.605965
26.94	8.608113
26.96	8.610399
26.98	8.612847
27	8.615436
27.02	8.618189
27.04	8.62415
27.06	8.627358
27.08	8.630739
27.1	8.634266
27.12	8.637968
27.14	8.641818
27.16	8.645845
27.18	8.654385
27.2	8.658897
27.22	8.663593
27.24	8.668445
27.26	8.673482
27.28	8.678678
27.3	8.68406
27.32	8.695337
27.34	8.701234
27.36	8.707324
27.38	8.713577
27.4	8.720027
27.42	8.726643
27.44	8.733457
27.46	8.747622
27.48	8.754973
27.5	8.762529
27.52	8.770255
27.54	8.778188
27.56	8.786294
27.58	8.803095
27.6	8.811792
27.62	8.820666
27.64	8.829753
27.66	8.839017
27.68	8.848495
27.7	8.858151
27.72	8.868025
27.74	8.88835
27.76	8.898804
27.78	8.909478
27.8	8.920334
27.82	8.931412
27.84	8.942674
27.86	8.954161
27.88	8.977727
27.9	8.989808
27.92	9.002118
27.94	9.014613
27.96	9.027337
27.98	9.040249
28	9.053391
28.02	9.06672
28.04	9.080282
28.06	9.108015
28.08	9.122188
28.1	9.136595
28.12	9.151191
28.14	9.166023
28.16	9.181046
28.18	9.196304
28.2	9.22744
28.22	9.243317
28.24	9.259434
28.26	9.275741
28.28	9.292288
28.3	9.309026
28.32	9.326004
28.34	9.343174
28.36	9.378185
28.38	9.396029
28.4	9.414064
28.42	9.432342
28.44	9.450809
28.46	9.469521
28.48	9.488422
28.5	9.507567
28.52	9.539484
28.54	9.628678
28.56	9.640897
28.58	9.710479
28.6	9.700405
28.62	9.775382
28.64	9.76424
28.66	9.84128
28.68	9.705496
28.7	9.807207
28.72	9.648639
28.74	9.758518
28.76	9.57679
28.78	9.559014
28.8	9.544481
28.82	9.533251
28.84	9.52526
28.86	9.520422
28.88	9.518637
28.9	9.518956
28.92	9.521503
28.94	9.662535
28.96	9.526049
28.98	9.667386
29	9.532763
29.02	9.674493
29.04	9.541704
29.06	9.683828
29.08	9.552924
29.1	9.695439
29.12	9.684819
29.14	9.666184
29.16	9.646999
29.18	9.627299
29.2	9.607123
29.22	9.586515
29.24	9.565525
29.26	9.522624
29.28	9.500837
29.3	9.486263
29.32	9.471775
29.34	9.456713
29.36	9.441663
29.38	9.426567
29.4	9.411597
29.42	9.396821
29.44	9.368042
29.46	9.354049
29.48	9.339362
29.5	9.32483
29.52	9.310306
29.54	9.295957
29.56	9.281625
29.58	9.25196
29.6	9.235441
29.62	9.218625
29.64	9.202582
29.66	9.186646
29.68	9.171265
29.7	9.155462
29.72	9.139442
29.74	9.124092
29.76	9.092307
29.78	9.077032
29.8	9.061331
29.82	9.045374
29.84	9.030192
29.86	9.01458
29.88	8.998704
29.9	8.983624
29.92	8.968109
29.94	8.937354
29.96	8.921943
29.98	8.906263
30	8.891398
30.02	8.876094
30.04	8.86052
30.06	8.845766
30.08	8.83057
30.1	8.800464
30.12	8.785378
30.14	8.770022
30.16	8.755495
30.18	8.740521
30.2	8.725277
30.22	8.710866
30.24	8.680874
30.26	8.666579
30.28	8.651834
30.3	8.636816
30.32	8.62264
30.34	8.608009
30.36	8.593108
30.38	8.579051
30.4	8.564538
30.42	8.535817
30.44	8.521423
30.46	8.506757
30.48	8.492943
30.5	8.478669
30.52	8.464122
30.54	8.43628
30.56	8.421854
30.58	8.408291
30.6	8.39426
30.62	8.379957
30.64	8.366521
30.66	8.352615
30.68	8.338436
30.7	8.311348
30.72	8.297296
30.74	8.284116
30.76	8.270465
30.78	8.256538
30.8	8.243492
30.82	8.216173
30.84	8.203259
30.86	8.189869
30.88	8.176202
30.9	8.163424
30.92	8.150165
30.94	8.13663
30.96	8.110864
30.98	8.097464
31	8.08496
31.02	8.071971
31.04	8.058707
31.06	8.033492
31.08	8.020366
31.1	8.008144
31.12	7.995433
31.14	7.982445
31.16	7.970368
31.18	7.957797
31.2	7.944951
31.22	7.933019
31.24	7.907887
31.26	7.896103
31.28	7.883821
31.3	7.871262
31.32	7.859626
31.34	7.835079
31.36	7.823594
31.38	7.811606
31.4	7.799343
31.42	7.788012
31.44	7.776175
31.46	7.764061
31.48	7.752885
31.5	7.7412
31.52	7.729239
31.54	7.706689
31.56	7.694882
31.58	7.684021
31.6	7.672647
31.62	7.660996
31.64	7.650296
31.66	7.63908
31.68	7.61705
31.7	7.605994
31.72	7.594661
31.74	7.584289
31.76	7.573395
31.78	7.562224
31.8	7.552018
31.82	7.541288
31.84	7.520244
31.86	7.50968
31.88	7.49884
31.9	7.488973
31.92	7.478577
31.94	7.467905
31.96	7.447984
31.98	7.437482
32	7.427962
32.02	7.417908
32.04	7.407578
32.06	7.398234
32.08	7.388355
32.1	7.378199
32.12	7.35933
32.14	7.349351
32.16	7.340366
32.18	7.33084
32.2	7.321038
32.22	7.312236
32.24	7.302891
32.26	7.284651
32.28	7.275488
32.3	7.266049
32.32	7.257617
32.34	7.248638
32.36	7.239382
32.38	7.23114
32.4	7.213277
32.42	7.205225
32.44	7.196619
32.46	7.187738
32.48	7.179878
32.5	7.171462
32.52	7.155105
32.54	7.146882
32.56	7.138383
32.58	7.130913
32.6	7.122883
32.62	7.114578
32.64	7.107306
32.66	7.091363
32.68	7.084291
32.7	7.076654
32.72	7.068744
32.74	7.061872
32.76	7.054435
32.78	7.046724
32.8	7.032821
32.82	7.025312
32.84	7.01885
32.86	7.011817
32.88	7.004511
32.9	6.998256
32.92	6.991428
32.94	6.984328
32.96	6.978281
32.98	6.964767
33	6.95893
33.02	6.952518
33.04	6.945832
33.06	6.940208
33.08	6.934005
33.1	6.927531
33.12	6.92212
33.14	6.91613
33.16	6.904672
33.18	6.898894
33.2	6.892845
33.22	6.887867
33.24	6.882304
33.26	6.876471
33.28	6.871711
33.3	6.866364
33.32	6.856206
33.34	6.851078
33.36	6.845679
33.38	6.84136
33.4	6.836451
33.42	6.831272
33.44	6.822487
33.46	6.817529
33.48	6.813656
33.5	6.809189
33.52	6.804454
33.54	6.800806
33.56	6.796562
33.58	6.792051
33.6	6.784609
33.62	6.780324
33.64	6.777129
33.66	6.773335
33.68	6.769275
33.7	6.766309
33.72	6.762742
33.74	6.758909
33.76	6.756172
33.78	6.749228
33.8	6.746721
33.82	6.74361
33.84	6.740236
33.86	6.737959
33.88	6.735079
33.9	6.731934
33.92	6.72989
33.94	6.72724
33.96	6.724326
33.98	6.720095
34	6.717413
34.02	6.715836
34.04	6.713648
34.06	6.711199
34.08	6.709855
34.1	6.707901
34.12	6.704575
34.14	6.702854
34.16	6.700872
34.18	6.699996
34.2	6.698509
34.22	6.696762
34.24	6.696122
34.26	6.693356
34.28	6.692952
34.3	6.691933
34.32	6.690655
34.34	6.690487
34.36	6.689702
34.38	6.688661
34.4	6.688728
34.42	6.687373
34.44	6.687677
34.46	6.687363
34.48	6.686793
34.5	6.687333
34.52	6.687253
34.54	6.686919
34.56	6.687696
34.58	6.687851
34.6	6.687753
34.62	6.689156
34.64	6.689293
34.66	6.690541
34.68	6.691167
34.7	6.69154
34.72	6.693024
34.74	6.693884
34.76	6.696212
34.78	6.697307
34.8	6.698151
34.82	6.700103
34.84	6.701433
34.86	6.702511
34.88	6.704698
34.9	6.707575
34.92	6.709995
34.94	6.711791
34.96	6.713338
34.98	6.715991
35	6.71802
35.02	6.7198
35.04	6.722686
35.06	6.726959
35.08	6.730076
35.1	6.732568
35.12	6.734812
35.14	6.73816
35.16	6.740882
35.18	6.743358
35.2	6.746936
35.22	6.749887
35.24	6.756399
35.26	6.759578
35.28	6.762514
35.3	6.766548
35.32	6.769954
35.34	6.773118
35.36	6.777379
35.38	6.781012
35.4	6.784403
35.42	6.792748
35.44	6.796366
35.46	6.801075
35.48	6.805158
35.5	6.809
35.52	6.813933
35.54	6.818239
35.56	6.82746
35.58	6.831987
35.6	6.836277
35.62	6.84165
35.64	6.846398
35.66	6.850908
35.68	6.856501
35.7	6.861466
35.72	6.866197
35.74	6.877191
35.76	6.882139
35.78	6.888165
35.8	6.893565
35.82	6.89873
35.84	6.904969
35.86	6.915964
35.88	6.922416
35.9	6.928243
35.92	6.933837
35.94	6.9405
35.96	6.946537
35.98	6.952344
36	6.965463
36.02	6.97148
36.04	6.978559
36.06	6.985014
36.08	6.99124
36.1	6.998525
36.12	7.011618
36.14	7.019106
36.16	7.025971
36.18	7.032609
36.2	7.040299
36.22	7.047367
36.24	7.062099
36.26	7.069366
36.28	7.076409
36.3	7.084497
36.32	7.091964
36.34	7.099207
36.36	7.115155
36.38	7.122596
36.4	7.131074
36.42	7.138932
36.44	7.146568
36.46	7.155239
36.48	7.16329
36.5	7.171121
36.52	7.188223
36.54	7.196246
36.56	7.205295
36.58	7.213726
36.6	7.221939
36.62	7.231173
36.64	7.239791
36.66	7.248192
36.68	7.266414
36.7	7.275001
36.72	7.284601
36.74	7.293587
36.76	7.302358
36.78	7.312139
36.8	7.330258
36.82	7.340217
36.84	7.349562
36.86	7.358695
36.88	7.368829
36.9	7.378351
36.92	7.387662
36.94	7.397969
36.96	7.407667
36.98	7.417153
37	7.437502
37.02	7.447162
37.04	7.45781
37.06	7.467851
37.08	7.477683
37.1	7.488498
37.12	7.498707
37.14	7.508708
37.16	7.530065
37.18	7.540235
37.2	7.551378
37.22	7.561918
37.24	7.572253
37.26	7.583558
37.28	7.59426
37.3	7.616221
37.32	7.627084
37.34	7.637743
37.36	7.649364
37.38	7.660385
37.4	7.671203
37.42	7.682979
37.44	7.694155
37.46	7.705131
37.48	7.717059
37.5	7.739521
37.52	7.7516
37.54	7.763083
37.56	7.774367
37.58	7.786594
37.6	7.798228
37.62	7.809662
37.64	7.822037
37.66	7.833818
37.68	7.845402
37.7	7.85792
37.72	7.869848
37.74	7.881579
37.76	7.906311
37.78	7.918188
37.8	7.930989
37.82	7.943202
37.84	7.955222
37.86	7.968162
37.88	7.980515
37.9	7.992676
37.92	8.018243
37.94	8.030543
37.96	8.043754
37.98	8.056381
38	8.068819
38.02	8.082162
38.04	8.094924
38.06	8.107496
38.08	8.120972
38.1	8.146571
38.12	8.160174
38.14	8.173199
38.16	8.186037
38.18	8.199767
38.2	8.21292
38.22	8.239743
38.24	8.253023
38.26	8.266119
38.28	8.280097
38.3	8.293502
38.32	8.306724
38.34	8.334352
38.36	8.347696
38.38	8.361917
38.4	8.375566
38.42	8.389033
38.44	8.403371
38.46	8.41714
38.48	8.430729
38.5	8.445182
38.52	8.472775
38.54	8.487344
38.56	8.501347
38.58	8.515171
38.6	8.529852
38.62	8.543969
38.64	8.557909
38.66	8.586929
38.68	8.600984
38.7	8.615884
38.72	8.630224
38.74	8.64439
38.76	8.659398
38.78	8.673848
38.8	8.688124
38.82	8.703238
38.84	8.717795
38.86	8.747398
38.88	8.762063
38.9	8.776555
38.92	8.791876
38.94	8.806643
38.96	8.821242
38.98	8.836663
39	8.866236
39.02	8.881758
39.04	8.896729
39.06	8.911533
39.08	8.927153
39.1	8.942225
39.12	8.95713
39.14	8.972847
39.16	8.988016
39.18	9.018832
39.2	9.0341
39.22	9.049202
39.24	9.065105
39.26	9.080468
39.28	9.095262
39.3	9.110826
39.32	9.126409
39.34	9.157569
39.36	9.17301
39.38	9.188269
39.4	9.203764
39.42	9.219201
39.44	9.234704
39.46	9.250823
39.48	9.266887
39.5	9.282231
39.52	9.298488
39.54	9.314706
39.56	9.346614
39.58	9.362976
39.6	9.378621
39.62	9.395188
39.64	9.411715
39.66	9.42751
39.68	9.444232
39.7	9.460379
39.72	9.476596
39.74	9.510565
39.76	9.527338
39.78	9.544359
39.8	9.561227
39.82	9.577281
39.84	9.594389
39.86	9.61144
39.88	9.627728
39.9	9.662196
39.92	9.678657
39.94	9.696062
39.96	9.713418
39.98	9.73003
40	9.747579
40.02	9.765077
40.04	9.781832
40.06	9.799519
40.08	9.817156
40.1	9.851873
40.12	9.869647
40.14	9.886675
40.16	9.904634
40.18	9.922542
40.2	9.939702
40.22	9.957795
40.24	9.975834
40.26	9.993126
40.28	10.01135
40.3	10.04749
40.32	10.06532
40.34	10.09546
40.36	10.11939
40.38	10.14237
40.4	10.15625
40.42	10.19262
40.44	10.21088
40.46	10.22923
40.48	10.25064
40.5	10.3015
40.52	10.32298
40.54	10.336
40.56	10.37733
40.58	10.39787
40.6	10.41836
40.62	10.43884
40.64	10.45935
40.66	10.48425
40.68	10.54363
40.7	10.56618
40.72	10.60345
40.74	10.62616
40.76	10.64869
40.78	10.67108
40.8	10.69335
40.82	10.71554
40.84	10.7409
40.86	10.79295
40.88	10.81931
40.9	10.82098
40.92	10.81507
40.94	10.80848
40.96	10.80286
40.98	10.79683
41	10.78462
41.02	10.77872
41.04	10.77297
41.06	10.76735
41.08	10.7619
41.1	10.7566
41.12	10.7464
41.14	10.74149
41.16	10.73667
41.18	10.73192
41.2	10.72723
41.22	10.72261
41.24	10.71803
41.26	10.71351
41.28	10.70903
41.3	10.70029
41.32	10.696
41.34	10.69179
41.36	10.68761
41.38	10.68349
41.4	10.67942
41.42	10.67147
41.44	10.66758
41.46	10.66376
41.48	10.65997
41.5	10.65624
41.52	10.65256
41.54	10.64895
41.56	10.64539
41.58	10.63843
41.6	10.63505
41.62	10.6317
41.64	10.62841
41.66	10.62517
41.68	10.62198
41.7	10.61579
41.72	10.61277
41.74	10.60982
41.76	10.60697
41.78	10.60415
41.8	10.60133
41.82	10.59853
41.84	10.59582
41.86	10.59316
41.88	10.59056
41.9	10.58802
41.92	10.58553
41.94	10.58073
41.96	10.57845
41.98	10.5762
42	10.57399
42.02	10.57184
42.04	10.56973
42.06	10.56562
42.08	10.56359
42.1	10.56165
42.12	10.55977
42.14	10.55795
42.16	10.55618
42.18	10.55446
42.2	10.5512
42.22	10.54964
42.24	10.54812
42.26	10.54665
42.28	10.54522
42.3	10.54385
42.32	10.54252
42.34	10.54124
42.36	10.54001
42.38	10.5377
42.4	10.53662
42.42	10.53559
42.44	10.5346
42.46	10.53366
42.48	10.53278
42.5	10.53194
42.52	10.53115
42.54	10.52973
42.56	10.5291
42.58	10.52853
42.6	10.528
42.62	10.52752
42.64	10.5271
42.66	10.53827
42.68	10.53552
42.7	10.53682
42.72	10.54163
42.74	10.54367
42.76	10.54536
42.78	10.54665
42.8	10.54755
42.82	10.54806
42.84	10.54818
42.86	10.54792
42.88	10.54635
42.9	10.54305
42.92	10.54032
42.94	10.54117
42.96	10.54331
42.98	10.57001
43	10.58727
43.02	10.58208
43.04	10.5605
43.06	10.54976
43.08	10.53976
43.1	10.53054
43.12	10.52207
43.14	10.51401
43.16	10.50593
43.18	10.498
43.2	10.49004
43.22	10.48223
43.24	10.4744
43.26	10.46672
43.28	10.45148
43.3	10.44392
43.32	10.43652
43.34	10.42911
43.36	10.42186
43.38	10.41461
43.4	10.40751
43.42	10.39348
43.44	10.38655
43.46	10.37978
43.48	10.37302
43.5	10.36644
43.52	10.35985
43.54	10.35345
43.56	10.34626
43.58	10.34867
43.6	10.35067
43.62	10.35225
43.64	10.35378
43.66	10.35527
43.68	10.35673
43.7	10.35816
43.72	10.36092
43.74	10.36224
43.76	10.36353
43.78	10.36479
43.8	10.366
43.82	10.36718
43.84	10.3683
43.86	10.36938
43.88	10.37042
43.9	10.37141
43.92	10.37319
43.94	10.37403
43.96	10.37482
43.98	10.37555
44	10.37622
44.02	10.37738
44.04	10.37787
44.06	10.37832
44.08	10.37873
44.1	10.3791
44.12	10.37941
44.14	10.37528
44.16	10.34059
44.18	10.10135
44.2	9.990182
44.22	9.929663
44.24	9.887057
44.26	9.843493
44.28	9.855684
44.3	9.810213
44.32	9.819942
44.34	9.77281
44.36	9.780352
44.38	9.731847
44.4	9.56389
44.42	9.588002
44.44	9.590767
44.46	9.588209
44.48	9.584375
44.5	9.580108
44.52	9.575575
44.54	9.570813
44.56	9.565827
44.58	9.555193
44.6	9.549543
44.62	9.543673
44.64	9.537581
44.66	9.531269
44.68	9.524735
44.7	9.517982
44.72	9.511007
44.74	9.503812
44.76	9.496397
44.78	9.48876
44.8	9.472827
44.82	9.464531
44.84	9.456015
44.86	9.447278
44.88	9.438322
44.9	9.429146
44.92	9.419749
44.94	9.410134
44.96	9.390246
44.98	9.379972
45	9.369479
45.02	9.358768
45.04	9.347837
45.06	9.336689
45.08	9.32532
45.1	9.301928
45.12	9.289905
45.14	9.277662
45.16	9.265202
45.18	9.252522
45.2	9.239627
45.22	9.226513
45.24	9.19963
45.26	9.185863
45.28	9.192163
45.3	9.163466
45.32	9.164046
45.34	9.133584
45.36	9.133187
45.38	9.100818
45.4	9.069529
45.42	9.067195
45.44	9.03567
45.46	9.032373
45.48	9.047858
45.5	9.107891
45.52	9.214431
45.54	9.243814
45.56	9.31568
45.58	9.157292
45.6	9.255538
45.62	9.096002
45.64	9.116017
45.66	9.044295
45.68	8.974437
45.7	8.906859
45.72	8.841998
45.74	8.7803
45.76	8.72223
45.78	8.63115
45.8	8.606719
45.82	8.604999
45.84	8.600909
45.86	8.594185
45.88	8.584564
45.9	8.634027
45.92	8.621908
45.94	8.698761
45.96	8.565553
45.98	8.638446
46	8.586809
46.02	8.572991
46.04	8.519423
46.06	8.502466
46.08	8.427297
46.1	8.370966
46.12	8.348003
46.14	8.290955
46.16	8.265212
46.18	8.184082
46.2	8.130411
46.22	8.111695
46.24	8.089185
46.26	8.065747
46.28	8.041965
46.3	8.017954
46.32	7.993743
46.34	7.94473
46.36	7.919929
46.38	7.894933
46.4	7.869741
46.42	7.844355
46.44	7.818773
46.46	7.792998
46.48	7.740862
46.5	7.714502
46.52	7.68795
46.54	7.661203
46.56	7.634264
46.58	7.607129
46.6	7.579803
46.62	7.52457
46.64	7.496665
46.66	7.468568
46.68	7.440279
46.7	7.411799
46.72	7.383126
46.74	7.354263
46.76	7.295965
46.78	7.266529
46.8	7.236905
46.82	7.207089
46.84	7.177086
46.86	7.116512
46.88	7.085941
46.9	7.055185
46.92	7.024239
46.94	6.993107
46.96	6.961787
46.98	6.930282
47	6.89859
47.02	6.866714
47.04	6.834652
47.06	6.769974
47.08	6.737361
47.1	6.704563
47.12	6.671584
47.14	6.638421
47.16	6.605079
47.18	6.571553
47.2	6.537849
47.22	6.503963
47.24	6.469901
47.26	6.435657
47.28	6.401238
47.3	6.331867
47.32	6.296916
47.34	6.261792
47.36	6.226492
47.38	6.19102
47.4	6.155374
47.42	6.119557
47.44	6.083567
47.46	6.04741
47.48	5.974586
47.5	5.937921
47.52	5.901093
47.54	5.864096
47.56	5.826939
47.58	5.789615
47.6	5.752131
47.62	5.714485
47.64	5.676682
47.66	5.638718
47.68	5.562323
47.7	5.523895
47.72	5.485311
47.74	5.446579
47.76	5.407694
47.78	5.368665
47.8	5.329485
47.82	5.250698
47.84	5.211094
47.86	5.171348
47.88	5.131468
47.9	5.091449
47.92	5.051302
47.94	5.01102
47.96	4.970614
47.98	4.889424
48	4.848645
48.02	4.807753
48.04	4.766741
48.06	4.725622
48.08	4.684389
48.1	4.643055
48.12	4.601615
48.14	4.560081
48.16	4.476726
48.18	4.434913
48.2	4.393022
48.22	4.351048
48.24	4.309003
48.26	4.266885
48.28	4.224708
48.3	4.182466
48.32	4.140174
48.34	4.055448
48.36	4.013025
48.38	3.970573
48.4	3.928097
48.42	3.885607
48.44	3.843107
48.46	3.800608
48.48	3.758116
48.5	3.715641
48.52	3.673192
48.54	3.588409
48.56	3.546096
48.58	3.50385
48.6	3.461683
48.62	3.419607
48.64	3.377635
48.66	3.294056
48.68	3.25248
48.7	3.211066
48.72	3.169832
48.74	3.128794
48.76	3.087973
48.78	3.047386
48.8	2.967002
48.82	2.927249
48.84	2.88782
48.86	2.848742
48.88	2.810039
48.9	2.77174
48.92	2.733876
48.94	2.696476
48.96	2.623201
48.98	2.587397
49	2.552198
49.02	2.517642
49.04	2.483771
49.06	2.450628
49.08	2.418257
49.1	2.386703
49.12	2.326245
49.14	2.297441
49.16	2.269656
49.18	2.242944
49.2	2.21736
49.22	2.192961
49.24	2.169803
49.26	2.147943
49.28	2.127438
49.3	2.09072
49.32	2.074619
49.34	2.060095
49.36	2.0472
49.38	2.035984
49.4	2.026492
49.42	2.018767
49.44	2.012848
49.46	2.006564
49.48	2.006254
49.5	2.00786
49.52	2.011396
49.54	2.016872
49.56	2.024289
49.58	2.033647
49.6	2.044938
49.62	2.058147
49.64	2.090248
49.66	2.10909
49.68	2.179665
49.7	2.251981
49.72	2.268734
49.74	2.285114
49.76	2.301234
49.78	2.333239
49.8	2.349432
49.82	2.365984
49.84	2.383088
49.86	2.42225
49.88	2.553871
49.9	2.691164
49.92	2.851258
49.94	2.929554
49.96	3.006475
49.98	3.081908
50	3.059531
50.02	3.131166
50.04	3.109868
50.06	3.17802
50.08	3.158798
50.1	3.161707
50.12	3.173945
50.14	3.184116
50.16	3.222067
50.18	3.266551
50.2	3.319197
50.22	3.373749
50.24	3.432043
50.26	3.487592
50.28	3.600508
50.3	3.665225
50.32	3.730007
50.34	3.795998
50.36	3.861753
50.38	3.928231
50.4	3.994732
50.42	4.061473
50.44	4.195462
50.46	4.263439
50.48	4.32892
50.5	4.397525
50.52	4.462324
50.54	4.531668
50.56	4.595644
50.58	4.665665
50.6	4.799286
50.62	4.87003
50.64	4.930687
50.66	4.989477
50.68	5.047113
50.7	5.104511
50.72	5.16281
50.74	5.22127
50.76	5.337822
50.78	5.395845
50.8	5.453689
50.82	5.511347
50.84	5.568816
50.86	5.626092
50.88	5.740052
50.9	5.796728
50.92	5.853198
50.94	5.909458
50.96	5.965506
50.98	6.02134
51	6.076956
51.02	6.132353
51.04	6.242478
51.06	6.297203
51.08	6.351698
51.1	6.405965
51.12	6.46
51.14	6.513801
51.16	6.567367
51.18	6.673788
51.2	6.726641
51.22	6.779253
51.24	6.831624
51.26	6.883751
51.28	6.987273
51.3	6.979843
51.32	6.980476
51.34	6.982584
51.36	6.984817
51.38	6.922943
51.4	6.848096
51.42	6.700099
51.44	6.630044
51.46	6.562892
51.48	6.498653
51.5	6.472965
51.52	6.447754
51.54	6.42321
51.56	6.376964
51.58	6.366206
51.6	6.374889
51.62	6.37885
51.64	6.381734
51.66	6.384283
51.68	6.372715
51.7	6.362664
51.72	6.352652
51.74	6.342441
51.76	6.321516
51.78	6.339974
51.8	6.329219
51.82	6.349049
51.84	6.355205
51.86	6.355444
51.88	6.354397
51.9	6.351236
51.92	6.349376
51.94	6.347224
51.96	6.344978
51.98	6.342495
52	6.337072
52.02	6.334145
52.04	6.330982
52.06	6.327752
52.08	6.324237
52.1	6.320667
52.12	6.316867
52.14	6.308862
52.16	6.304614
52.18	6.300189
52.2	6.29574
52.22	6.29107
52.24	6.286232
52.26	6.281386
52.28	6.276324
52.3	6.26589
52.32	6.260468
52.34	6.254895
52.36	6.249349
52.38	6.2436
52.4	6.237711
52.42	6.231866
52.44	6.225827
52.46	6.213552
52.48	6.207218
52.5	6.200833
52.52	6.194351
52.54	6.187829
52.56	6.181219
52.58	6.174579
52.6	6.167859
52.62	6.154311
52.64	6.147495
52.66	6.140619
52.68	6.133746
52.7	6.126823
52.72	6.119916
52.74	6.11297
52.76	6.099105
52.78	6.0922
52.8	6.085278
52.82	6.078409
52.84	6.071536
52.86	6.06473
52.88	6.051214
52.9	6.044517
52.92	6.037915
52.94	6.031347
52.96	6.024889
52.98	6.018478
53	6.012192
53.02	6.005967
53.04	5.999883
53.06	5.993875
53.08	5.982262
53.1	5.976674
53.12	5.971191
53.14	5.965898
53.16	5.960725
53.18	5.95576
53.2	5.950931
53.22	5.946326
53.24	5.941875
53.26	5.937665
53.28	5.933625
53.3	5.926251
53.32	5.922935
53.34	5.919825
53.36	5.917009
53.38	5.914416
53.4	5.912137
53.42	5.910099
53.44	5.908393
53.46	5.906946
53.48	5.90585
53.5	5.905032
53.52	5.904585
53.54	5.90467
53.56	5.905222
53.58	5.906139
53.6	5.907431
53.62	5.909108
53.64	5.911179
53.66	5.91654
53.68	5.919848
53.7	5.923589
53.72	5.92777
53.74	5.9324
53.76	5.93749
53.78	5.943048
53.8	5.949082
53.82	5.955603
53.84	5.970137
53.86	5.978168
53.88	5.986721
53.9	5.995802
53.92	6.005421
53.94	6.015585
53.96	6.037583
53.98	6.049433
54	6.06186
54.02	6.074871
54.04	6.088474
54.06	6.117485
54.08	6.132906
54.1	6.148947
54.12	6.165613
54.14	6.182911
54.16	6.200848
54.18	6.238659
54.2	6.452798
54.22	6.423244
54.24	6.631376
54.26	6.618694
54.28	6.823804
54.3	6.81999
54.32	7.022488
54.34	7.225293
54.36	7.23419
54.38	7.33459
54.4	7.293625
54.42	7.397439
54.44	7.346601
54.46	7.398496
54.48	7.501242
54.5	7.450417
54.52	7.552155
54.54	7.502583
54.56	7.603305
54.58	7.555033
54.6	7.654751
54.62	7.706506
54.64	7.660801
54.66	7.75857
54.68	7.71412
54.7	7.810944
54.72	7.76773
54.74	7.863629
54.76	7.82163
54.78	7.916625
54.8	7.875825
54.82	7.930316
54.84	8.023565
54.86	7.98511
54.88	8.077518
54.9	8.04021
54.92	8.131798
54.94	8.095624
54.96	8.186413
54.98	8.241368
55	8.207418
55.02	8.296674
55.04	8.263817
55.06	8.352337
55.08	8.320559
55.1	8.408367
55.12	8.464775
55.14	8.435122
55.16	8.52157
55.18	8.492965
55.2	8.578765
55.22	8.551196
55.24	8.636371
55.26	8.591116
55.28	8.597668
55.3	8.654636
55.32	8.60056
55.34	8.657316
55.36	8.603151
55.38	8.659827
55.4	8.605697
55.42	8.66231
55.44	8.664827
55.46	8.610856
55.48	8.667424
55.5	8.613557
55.52	8.670143
55.54	8.616395
55.56	8.673028
55.58	8.619416
55.6	8.622666
55.62	8.679473
55.64	8.626188
55.66	8.683125
55.68	8.63003
55.7	8.687123
55.72	8.634238
55.74	8.638862
55.76	8.696355
55.78	8.64395
55.8	8.701685
55.82	8.649551
55.84	8.707557
55.86	8.655717
55.88	8.71402
55.9	8.662498
55.92	8.657523
55.94	8.724615
55.96	8.663495
55.98	8.730793
56	8.672254
56.02	8.740604
56.04	8.682241
56.06	8.751033
56.08	8.762346
56.1	8.718438
56.12	8.779298
56.14	8.731801
56.16	8.793503
56.18	8.745705
56.2	8.808016
56.22	8.760601
56.24	8.823498
56.26	8.840123
56.28	8.793849
56.3	8.857972
56.32	8.812329
56.34	8.877102
56.36	8.83212
56.38	8.897568
56.4	8.853276
56.42	8.875854
56.44	8.942725
56.46	8.899903
56.48	8.967525
56.5	8.925481
56.52	8.993873
56.54	8.952637
56.56	9.021823
56.58	9.051427
56.6	9.011894
56.62	9.082734
56.64	9.044098
56.66	9.115796
56.68	9.078085
56.7	9.150661
56.72	9.187378
56.74	9.151602
56.76	9.225992
56.78	9.191226
56.8	9.26655
56.82	9.232821
56.84	9.276433
56.86	9.353675
56.88	9.322103
56.9	9.400328
56.92	9.369873
56.94	9.41071
56.96	9.395469
56.98	9.379562
57	9.363025
57.02	9.328219
57.04	9.310048
57.06	9.291435
57.08	9.272443
57.1	9.253137
57.12	9.233589
57.14	9.213877
57.16	9.174295
57.18	9.154611
57.2	9.141268
57.22	9.131026
57.24	9.11761
57.26	9.103607
57.28	9.089628
57.3	9.0756
57.32	9.047832
57.34	9.034108
57.36	9.02037
57.38	9.006812
57.4	8.993268
57.42	8.979871
57.44	8.953302
57.46	8.940123
57.48	8.92715
57.5	8.914186
57.52	8.901441
57.54	8.888712
57.56	8.87621
57.58	8.86373
57.6	8.851489
57.62	8.827314
57.64	8.815389
57.66	8.803721
57.68	8.792099
57.7	8.780746
57.72	8.769445
57.74	8.758426
57.76	8.736798
57.78	8.725481
57.8	8.710673
57.82	8.692497
57.84	8.675005
57.86	8.657718
57.88	8.618066
57.9	8.537287
57.92	8.496615
57.94	8.455834
57.96	8.414987
57.98	8.367995
58	8.324832
58.02	8.271588
58.04	8.113955
58.06	7.977696
58.08	7.842732
58.1	7.713982
58.12	7.592498
58.14	7.478538
58.16	7.456762
58.18	7.348742
58.2	7.27267
58.22	7.186315
58.24	7.105706
58.26	7.028327
58.28	6.959188
58.3	6.891032
58.32	6.778844
58.34	6.749188
58.36	6.757718
58.38	6.751168
58.4	6.741681
58.42	6.732244
58.44	6.722672
58.46	6.713254
58.48	6.704524
58.5	6.687245
58.52	6.679373
58.54	6.671509
58.56	6.663823
58.58	6.656799
58.6	6.649789
58.62	6.636771
58.64	6.630603
58.66	6.624614
58.68	6.619256
58.7	6.61392
58.72	6.608762
58.74	6.599706
58.76	6.59537
58.78	6.591634
58.8	6.58793
58.82	6.584803
58.84	6.581548
58.86	6.578868
58.88	6.576231
58.9	6.574147
58.92	6.571955
58.94	6.570314
58.96	6.568724
58.98	6.566516
59	6.565897
59.02	6.565335
59.04	6.565286
59.06	6.565159
59.08	6.565543
59.1	6.566356
59.12	6.567084
59.14	6.567965
59.16	6.569336
59.18	6.572835
59.2	6.575019
59.22	6.577137
59.24	6.579719
59.26	6.582692
59.28	6.585622
59.3	6.588994
59.32	6.596092
59.34	6.600233
59.36	6.604354
59.38	6.608891
59.4	6.613411
59.42	6.618343
59.44	6.628919
59.46	6.6346
59.48	6.640289
59.5	6.646365
59.52	6.652778
59.54	6.659217
59.56	6.672864
59.58	6.680066
59.6	6.687587
59.62	6.695158
59.64	6.703074
59.66	6.711048
59.68	6.71936
59.7	6.727974
59.72	6.745674
59.74	6.754766
59.76	6.764176
59.78	6.77387
59.8	6.783663
59.82	6.793756
59.84	6.814451
59.86	6.825216
59.88	6.836102
59.9	6.847268
59.92	6.858565
59.94	6.870137
59.96	6.881962
59.98	6.893934
60	6.906103
60.02	6.931145
60.04	6.944008
60.06	6.957046
60.08	6.970326
60.1	6.983803
60.12	6.997515
60.14	7.011418
60.16	7.039887
60.18	7.054444
60.2	7.069211
60.22	7.084192
60.24	7.099389
60.26	7.114792
60.28	7.130423
60.3	7.146253
60.32	7.162309
60.34	7.195054
60.36	7.211755
60.38	7.228681
60.4	7.245786
60.42	7.263132
60.44	7.280707
60.46	7.298451
60.48	7.316444
60.5	7.334669
60.52	7.353054
60.54	7.371696
60.56	7.4096
60.58	7.428891
60.6	7.448421
60.62	7.468093
60.64	7.488036
60.66	7.508221
60.68	7.528541
60.7	7.549139
60.72	7.569981
60.74	7.590951
60.76	7.633708
60.78	7.65533
60.8	7.677245
60.82	7.699411
60.84	7.72169
60.86	7.744267
60.88	7.776963
60.9	7.775331
60.92	7.773062
60.94	7.770841
60.96	7.768572
60.98	7.766352
61	7.764204
61.02	7.762131
61.04	7.760134
61.06	7.758218
61.08	7.756357
61.1	7.752914
61.12	7.751342
61.14	7.749879
61.16	7.74853
61.18	7.7473
61.2	7.745661
61.22	7.744408
61.24	7.742147
61.26	7.741111
61.28	7.740137
61.3	7.739226
61.32	7.73838
61.34	7.737599
61.36	7.736885
61.38	7.736238
61.4	7.735658
61.42	7.734707
61.44	7.734337
61.46	7.733833
61.48	7.733584
61.5	7.733423
61.52	7.558954
61.54	7.554546
61.56	7.389425
61.58	7.373322
61.6	7.153383
61.62	7.06993
61.64	6.974208
61.66	6.622879
61.68	6.892056
61.7	6.547876
61.72	6.855125
61.74	6.518003
61.76	6.485096
61.78	6.363062
61.8	6.272278
61.82	6.284857
61.84	6.28571
61.86	6.284014
61.88	6.281718
61.9	6.276599
61.92	6.27387
61.94	6.271042
61.96	6.26811
61.98	6.265077
62	6.261941
62.02	6.258705
62.04	6.255372
62.06	6.248405
62.08	6.244772
62.1	6.241045
62.12	6.237218
62.14	6.233293
62.16	6.229271
62.18	6.225158
62.2	6.220947
62.22	6.212241
62.24	6.20775
62.26	6.203165
62.28	6.198491
62.3	6.193724
62.32	6.188865
62.34	6.18392
62.36	6.178884
62.38	6.173759
62.4	6.163253
62.42	6.157869
62.44	6.152404
62.46	6.146853
62.48	6.141222
62.5	6.135507
62.52	6.123835
62.54	6.11788
62.56	6.11185
62.58	6.105741
62.6	6.099555
62.62	6.093297
62.64	6.086966
62.66	6.08056
62.68	6.074085
62.7	6.067537
62.72	6.127879
62.74	6.11934
62.76	6.109802
62.78	6.099285
62.8	6.087814
62.82	6.075426
62.84	6.062163
62.86	6.048073
62.88	6.033216
62.9	6.017654
62.92	6.001465
62.94	5.988031
62.96	5.980037
62.98	5.971197
63	5.962108
63.02	5.95436
63.04	5.946858
63.06	5.931889
63.08	5.924376
63.1	5.916843
63.12	5.909288
63.14	5.901719
63.16	5.894135
63.18	5.886536
63.2	5.87904
63.22	5.871339
63.24	6.031471
63.26	6.021864
63.28	6.011175
63.3	6.199821
63.32	6.184858
63.34	6.16867
63.36	6.102542
63.38	5.983722
63.4	5.966793
63.42	5.949179
63.44	5.930967
63.46	5.912247
63.48	5.873702
63.5	5.854106
63.52	5.834466
63.54	5.814919
63.56	5.811197
63.58	5.900567
63.6	5.801953
63.62	5.890511
63.64	5.791584
63.66	5.880534
63.68	5.873073
63.7	5.775266
63.72	5.866396
63.74	5.768507
63.76	6.037453
63.78	6.032362
63.8	6.026226
63.82	6.019071
63.84	6.010934
63.86	5.991886
63.88	5.747435
63.9	5.749971
63.92	5.749955
63.94	5.749651
63.96	5.749528
63.98	5.750136
64	5.750904
64.02	5.751991
64.04	5.753405
64.06	5.755151
64.08	5.757237
64.1	5.75967
64.12	5.762454
64.14	5.765598
64.16	5.769107
64.18	5.772989
64.2	5.781896
64.22	5.786933
64.24	5.792368
64.26	5.798208
64.28	5.804459
64.3	5.811126
64.32	5.818216
64.34	5.825737
64.36	5.84209
64.38	5.850935
64.4	5.860232
64.42	5.86999
64.44	5.880212
64.46	5.890905
64.48	5.902075
64.5	5.913726
64.52	5.938494
64.54	5.951622
64.56	5.965253
64.58	5.979392
64.6	5.994042
64.62	6.00921
64.64	6.0249
64.66	6.041117
64.68	6.075146
64.7	6.092968
64.72	6.111333
64.74	6.130245
64.76	6.149707
64.78	6.169724
64.8	6.211434
64.82	6.233134
64.84	6.255402
64.86	6.27824
64.88	6.301651
64.9	6.325638
64.92	6.37535
64.94	6.401079
64.96	6.427393
64.98	6.454294
65	6.481784
65.02	6.509864
65.04	6.538537
65.06	6.567803
65.08	6.628121
65.1	6.659174
65.12	6.690827
65.14	6.723078
65.16	6.755927
65.18	6.789377
65.2	6.823428
65.22	6.893332
65.24	6.929185
65.26	6.965639
65.28	7.002695
65.3	7.040351
65.32	7.078608
65.34	7.156922
65.36	7.196978
65.38	7.26419
65.4	7.278141
65.42	7.346354
65.44	7.36245
65.46	7.431637
65.48	7.449307
65.5	7.538589
65.52	7.575784
65.54	7.617773
65.56	7.661535
65.58	7.706473
65.6	7.752458
65.62	7.847441
65.64	7.896403
65.66	7.946328
65.68	7.997197
65.7	8.093878
65.72	8.199895
65.74	8.314656
65.76	8.437576
65.78	8.673899
65.8	8.81536
65.82	8.92588
65.84	8.901856
65.86	9.009051
65.88	9.020722
65.9	9.032334
65.92	9.055749
65.94	9.067751
65.96	9.035873
65.98	9.003861
66	8.971768
66.02	8.939674
66.04	8.907664
66.06	8.882669
66.08	8.863566
66.1	8.856985
66.12	8.860199
66.14	8.863394
66.16	8.867064
66.18	8.871561
66.2	8.876573
66.22	8.887946
66.24	8.894298
66.26	8.901093
66.28	8.908334
66.3	8.916021
66.32	8.924157
66.34	8.932742
66.36	8.941777
66.38	8.961208
66.4	8.971604
66.42	8.982457
66.44	8.993768
66.46	9.005536
66.48	9.017763
66.5	9.030451
66.52	9.043599
66.54	9.057209
66.56	9.085815
66.58	9.100814
66.6	9.116276
66.62	9.185745
66.64	9.20098
66.66	9.216169
66.68	9.231333
66.7	9.246495
66.72	9.276937
66.74	9.292291
66.76	9.307789
66.78	9.32348
66.8	9.339416
66.82	9.355655
66.84	9.372258
66.86	9.395359
66.88	9.458706
66.9	9.491538
66.92	9.524179
66.94	9.598074
66.96	9.681059
66.98	9.725444
67	9.821797
67.02	9.87179
67.04	9.867998
67.06	9.916756
67.08	9.961438
67.1	9.960435
67.12	9.992939
67.14	10.0252
67.16	10.03954
67.18	10.07148
67.2	10.11909
67.22	10.13681
67.24	10.1686
67.26	10.18863
67.28	10.22063
67.3	10.20884
67.32	10.24612
67.34	10.28115
67.36	10.31762
67.38	10.35542
67.4	10.39451
67.42	10.43487
67.44	10.47644
67.46	10.5192
67.48	10.49707
67.5	10.48943
67.52	10.4895
67.54	10.48951
67.56	10.49119
67.58	10.4925
67.6	10.48839
67.62	10.44345
67.64	10.38765
67.66	10.18911
67.68	10.09519
67.7	10.0111
67.72	9.909383
67.74	9.973545
67.76	9.875215
67.78	9.94215