0.7	7.38427
0.72	7.172586
0.74	7.042252
0.76	7.053628
0.78	6.814082
0.8	6.59484
0.82	6.647088
0.84	6.388332
0.86	6.459505
0.88	6.198835
0.9	6.287382
0.92	6.031065
0.94	5.890082
0.96	6.006692
0.98	5.781128
1	5.907323
1.02	5.709367
1.04	5.841475
1.06	5.696484
1.08	5.865461
1.1	5.923543
1.12	5.820991
1.14	6.019477
1.16	5.942508
1.18	6.154414
1.2	6.10307
1.22	6.326591
1.24	6.533157
1.26	6.529695
1.28	6.77079
1.3	6.788772
1.32	7.036029
1.34	7.073575
1.36	7.325495
1.38	7.38072
1.4	7.63602
1.42	7.964718
1.44	8.049968
1.46	8.30901
1.48	8.407436
1.5	8.6685
1.52	8.776302
1.54	9.036172
1.56	9.414427
1.58	9.542137
1.6	9.771074
1.62	9.896703
1.64	10.10191
1.66	10.23072
1.68	10.19645
1.7	10.29883
1.72	10.39371
1.74	10.42735
1.76	10.5141
1.78	10.58157
1.8	10.54553
1.82	10.5095
1.84	10.45853
1.86	10.43953
1.88	10.38223
1.9	10.31473
1.92	10.32381
1.94	10.259
1.96	10.27364
1.98	10.27512
2	10.26838
2.02	10.25022
2.04	10.21234
2.06	10.16125
2.08	10.14091
2.1	10.09151
2.12	10.07549
2.14	10.02839
2.16	9.901421
2.18	9.842698
2.2	9.850205
2.22	9.865269
2.24	9.872963
2.26	9.881507
2.28	9.890506
2.3	9.899854
2.32	9.909561
2.34	9.9196
2.36	9.92999
2.38	9.951803
2.4	9.963227
2.42	9.974982
2.44	10.02935
2.46	10.08432
2.48	10.13907
2.5	10.19342
2.52	10.27971
2.54	10.35754
2.56	10.35766
2.58	10.3573
2.6	10.35661
2.62	10.3556
2.64	10.35429
2.66	10.35507
2.68	10.35622
2.7	10.35688
2.72	10.35762
2.74	10.35844
2.76	10.35935
2.78	10.36033
2.8	10.3614
2.82	10.36255
2.84	10.36509
2.86	10.36649
2.88	10.36796
2.9	10.36952
2.92	10.37117
2.94	10.3729
2.96	10.37471
2.98	10.3766
3	10.38065
3.02	10.38279
3.04	10.38503
3.06	10.38735
3.08	10.38975
3.1	10.39224
3.12	10.39482
3.14	10.39748
3.16	10.40306
3.18	10.40599
3.2	10.409
3.22	10.4121
3.24	10.41529
3.26	10.41857
3.28	10.42193
3.3	10.42539
3.32	10.42894
3.34	10.4363
3.36	10.44012
3.38	10.44403
3.4	10.44803
3.42	10.45213
3.44	10.45631
3.46	10.46059
3.48	10.46943
3.5	10.474
3.52	10.47865
3.54	10.4834
3.56	10.48825
3.58	10.4932
3.6	10.49824
3.62	10.50338
3.64	10.50861
3.66	10.51938
3.68	10.52491
3.7	10.53054
3.72	10.53627
3.74	10.5421
3.76	10.58812
3.78	10.63465
3.8	10.67527
3.82	10.67957
3.84	10.68097
3.86	10.6819
3.88	10.68239
3.9	10.68248
3.92	10.68222
3.94	10.68163
3.96	10.68079
3.98	10.68508
4	10.69001
4.02	10.69451
4.04	10.69858
4.06	10.70223
4.08	10.70679
4.1	10.69257
4.12	10.71764
4.14	10.77093
4.16	10.79918
4.18	10.82848
4.2	10.8588
4.22	10.88819
4.24	10.8962
4.26	10.89416
4.28	10.89202
4.3	10.88975
4.32	10.88741
4.34	10.885
4.36	10.88255
4.38	10.88006
4.4	10.87753
4.42	10.87474
4.44	10.86956
4.46	10.86699
4.48	10.86445
4.5	10.86194
4.52	10.85949
4.54	10.85658
4.56	10.85389
4.58	10.84836
4.6	10.84551
4.62	10.84261
4.64	10.83966
4.66	10.83668
4.68	10.83345
4.7	10.82731
4.72	10.82428
4.74	10.82127
4.76	10.81786
4.78	10.81462
4.8	10.81134
4.82	10.808
4.84	10.80461
4.86	10.80117
4.88	10.79396
4.9	10.79041
4.92	10.78687
4.94	10.78335
4.96	10.77944
4.98	10.77568
5	10.77189
5.02	10.76415
5.04	10.76022
5.06	10.75605
5.08	10.75202
5.1	10.74802
5.12	10.74405
5.14	10.7397
5.16	10.73549
5.18	10.70686
5.2	10.6692
5.22	10.68872
5.24	10.65435
5.26	10.67333
5.28	10.64066
5.3	10.65929
5.32	10.62746
5.34	10.57377
5.36	10.61371
5.38	10.55174
5.4	10.5911
5.42	10.53269
5.44	10.51505
5.46	10.55369
5.48	10.49809
5.5	10.53641
5.52	10.46586
5.54	10.48303
5.56	10.37653
5.58	10.38245
5.6	10.28433
5.62	10.19946
5.64	10.19973
5.66	10.12193
5.68	10.11906
5.7	10.08992
5.72	10.06661
5.74	10.04459
5.76	10.0024
5.78	9.982249
5.8	9.962855
5.82	9.944094
5.84	9.924604
5.86	9.904439
5.88	9.752534
5.9	9.621416
5.92	9.471098
5.94	9.402318
5.96	9.321895
5.98	9.363255
6	9.20329
6.02	9.195129
6.04	9.21371
6.06	9.232287
6.08	9.256068
6.1	9.283276
6.12	9.311392
6.14	9.339909
6.16	9.368709
6.18	9.427029
6.2	9.456501
6.22	9.525962
6.24	9.602337
6.26	9.684965
6.28	9.745533
6.3	9.741121
6.32	9.724566
6.34	9.706553
6.36	9.672668
6.38	9.657103
6.4	9.616001
6.42	9.574992
6.44	9.534261
6.46	9.494002
6.48	9.415718
6.5	9.37812
6.52	9.341851
6.54	9.307144
6.56	9.27424
6.58	9.158743
6.6	9.074558
6.62	9.051662
6.64	8.992718
6.66	8.932079
6.68	8.939292
6.7	8.945428
6.72	8.951617
6.74	8.958152
6.76	8.965179
6.78	8.972577
6.8	8.980384
6.82	8.988698
6.84	9.006484
6.86	9.016091
6.88	9.026073
6.9	9.036467
6.92	9.047371
6.94	9.05865
6.96	9.070341
6.98	9.095125
7	9.108117
7.02	9.121625
7.04	9.135508
7.06	9.149805
7.08	9.164618
7.1	9.179806
7.12	9.195409
7.14	9.228026
7.16	9.244939
7.18	9.26237
7.2	9.280157
7.22	9.298462
7.24	9.317123
7.26	9.336235
7.28	9.355772
7.3	9.396173
7.32	9.417038
7.34	9.43833
7.36	9.460073
7.38	9.482242
7.4	9.504863
7.42	9.52791
7.44	9.575336
7.46	9.599716
7.48	9.624523
7.5	9.649782
7.52	9.675468
7.54	9.701608
7.56	9.728175
7.58	9.755195
7.6	9.810541
7.62	9.838869
7.64	9.86765
7.66	9.896858
7.68	9.926518
7.7	9.956609
7.72	9.98715
7.74	10.01812
7.76	10.04954
7.78	9.953706
7.8	9.926695
7.82	9.927558
7.84	9.9341
7.86	9.940717
7.88	9.947436
7.9	9.954291
7.92	9.968558
7.94	9.976057
7.96	9.988223
7.98	10.00049
8	10.01286
8.02	10.02534
8.04	10.03785
8.06	10.1158
8.08	10.12508
8.1	10.13441
8.12	10.14381
8.14	10.15331
8.16	10.16449
8.18	10.17614
8.2	10.2006
8.22	10.20695
8.24	10.21065
8.26	10.21429
8.28	10.21769
8.3	10.22099
8.32	10.22436
8.34	10.2313
8.36	10.23488
8.38	10.23853
8.4	10.2422
8.42	10.24593
8.44	10.24969
8.46	10.25356
8.48	10.26115
8.5	10.26518
8.52	10.26919
8.54	10.27333
8.56	10.33633
8.58	10.40174
8.6	10.46771
8.62	10.53383
8.64	10.66614
8.66	10.7322
8.68	10.79812
8.7	10.78171
8.72	10.78657
8.74	10.79879
8.76	10.80376
8.78	10.80659
8.8	10.8088
8.82	10.81026
8.84	10.80757
8.86	10.80787
8.88	10.90862
8.9	10.90108
8.92	10.90011
8.94	10.75795
8.96	10.89873
8.98	10.89892
9	10.89856
9.02	10.89796
9.04	10.89646
9.06	10.89561
9.08	10.89473
9.1	10.89382
9.12	10.8929
9.14	10.89199
9.16	10.8911
9.18	10.89024
9.2	10.88868
9.22	10.88801
9.24	10.88743
9.26	10.88694
9.28	10.88656
9.3	10.88628
9.32	10.77771
9.34	10.78785
9.36	10.78974
9.38	10.7894
9.4	10.78896
9.42	10.78847
9.44	10.78795
9.46	10.7874
9.48	10.78682
9.5	10.78622
9.52	10.78558
9.54	10.7841
9.56	10.78267
9.58	10.78094
9.6	10.77914
9.62	10.77721
9.64	10.7752
9.66	10.77092
9.68	10.76866
9.7	10.76631
9.72	10.7639
9.74	10.7614
9.76	10.75876
9.78	10.75607
9.8	10.75053
9.82	10.7477
9.84	10.74484
9.86	10.74196
9.88	10.73855
9.9	10.73535
9.92	10.73212
9.94	10.72546
9.96	10.72203
9.98	10.71841
10	10.71484
10.02	10.71124
10.04	10.70763
10.06	10.70006
10.08	10.6962
10.1	10.69229
10.12	10.68832
10.14	10.68429
10.16	10.68006
10.18	10.6759
10.2	10.58361
10.22	10.61847
10.24	10.52668
10.26	10.55274
10.28	10.54502
10.3	10.53676
10.32	10.52802
10.34	10.51881
10.36	10.50919
10.38	10.49919
10.4	10.40652
10.42	10.38288
10.44	10.24703
10.46	10.23587
10.48	10.15189
10.5	10.15972
10.52	10.0877
10.54	10.02975
10.56	10.03353
10.58	9.976676
10.6	9.977612
10.62	9.928082
10.64	9.882977
10.66	9.838988
10.68	9.748558
10.7	9.702473
10.72	9.656056
10.74	9.609507
10.76	9.56303
10.78	9.516841
10.8	9.471162
10.82	9.188982
10.84	9.093463
10.86	9.057977
10.88	8.98843
10.9	9.037234
10.92	8.999009
10.94	9.002919
10.96	9.059508
10.98	9.052423
11	9.047479
11.02	9.044829
11.04	9.044639
11.06	9.053743
11.08	9.085742
11.1	9.134214
11.12	9.152132
11.14	9.185043
11.16	9.197431
11.18	9.230552
11.2	9.240067
11.22	9.273692
11.24	9.28306
11.26	9.326821
11.28	9.361176
11.3	9.371368
11.32	9.406014
11.34	9.46104
11.36	9.519938
11.38	9.636829
11.4	9.693857
11.42	9.749804
11.44	9.804621
11.46	9.858263
11.48	9.845568
11.5	9.890231
11.52	9.937105
11.54	10.0523
11.56	10.09054
11.58	10.06474
11.6	10.02812
11.62	9.991542
11.64	9.965934
11.66	9.935657
11.68	9.734911
11.7	9.580159
11.72	9.451499
11.74	9.358833
11.76	9.373334
11.78	9.380664
11.8	9.392093
11.82	9.397517
11.84	9.402987
11.86	9.408381
11.88	9.413733
11.9	9.419148
11.92	9.424491
11.94	9.429795
11.96	9.440469
11.98	9.445735
12	9.451074
12.02	9.456343
12.04	9.461579
12.06	9.466894
12.08	9.47214
12.1	9.482658
12.12	9.487893
12.14	9.4931
12.16	9.498397
12.18	9.50363
12.2	9.508838
12.22	9.51414
12.24	9.524601
12.26	9.52992
12.28	9.535179
12.3	9.540421
12.32	9.545767
12.34	9.551057
12.36	9.556332
12.38	9.561716
12.4	9.572366
12.42	9.5778
12.44	9.583182
12.46	9.588557
12.48	9.594052
12.5	9.599498
12.52	9.604939
12.54	9.610508
12.56	9.616001
12.58	9.627174
12.6	9.632857
12.62	9.63847
12.64	9.644132
12.66	9.649811
12.68	9.655543
12.7	9.661296
12.72	9.667105
12.74	9.678826
12.76	9.684741
12.78	9.690719
12.8	9.696724
12.82	9.702794
12.84	9.708896
12.86	9.715065
12.88	9.721268
12.9	9.727542
12.92	9.740236
12.94	9.746659
12.96	9.75316
12.98	9.759702
13	9.766325
13.02	9.772991
13.04	9.779743
13.06	9.786541
13.08	9.793427
13.1	9.807389
13.12	9.814468
13.14	9.821642
13.16	9.82887
13.18	9.836196
13.2	9.84358
13.22	9.840432
13.24	9.836165
13.26	9.824667
13.28	9.818605
13.3	9.812468
13.32	9.806368
13.34	9.80026
13.36	9.794083
13.38	9.787731
13.4	9.781524
13.42	9.769036
13.44	9.762905
13.46	9.756709
13.48	9.750207
13.5	9.743945
13.52	9.737618
13.54	9.725226
13.56	9.71902
13.58	9.712462
13.6	9.706182
13.62	9.699836
13.64	9.693583
13.66	9.681223
13.68	9.674645
13.7	9.668361
13.72	9.662008
13.74	9.655756
13.76	9.649607
13.78	9.6434
13.8	9.636817
13.82	9.624184
13.84	9.617935
13.86	9.611791
13.88	9.60559
13.9	9.599008
13.92	9.592731
13.94	9.586386
13.96	9.580144
13.98	9.574008
14	9.561239
14.02	9.5547
14.04	9.548335
14.06	9.542017
14.08	9.535811
14.1	9.529503
14.12	9.523356
14.14	9.517254
14.16	9.510976
14.18	9.498725
14.2	9.492374
14.22	9.486098
14.24	9.479631
14.26	9.473132
14.28	9.466888
14.3	9.460759
14.32	9.448652
14.34	9.442305
14.36	9.436095
14.38	9.430025
14.4	9.423973
14.42	9.417869
14.44	9.411888
14.46	9.405411
14.48	9.393047
14.5	9.386981
14.52	9.380872
14.54	9.374882
14.56	9.368354
14.58	9.362063
14.6	9.355963
14.62	9.349895
14.64	9.343786
14.66	9.331251
14.68	9.324956
14.7	9.318756
14.72	9.312719
14.74	9.306614
14.76	9.300645
14.78	9.294188
14.8	9.281844
14.82	9.275789
14.84	9.269687
14.86	9.263712
14.88	9.257189
14.9	9.250908
14.92	9.244822
14.94	9.23877
14.96	9.226707
14.98	9.220168
15	9.213887
15.02	9.207809
15.04	9.201768
15.06	9.19596
15.08	9.190302
15.1	9.177961
15.12	9.17229
15.14	9.166719
15.16	9.160877
15.18	9.155222
15.2	9.148582
15.22	9.142461
15.24	9.136651
15.26	9.12512
15.28	9.119475
15.3	9.113132
15.32	9.10711
15.34	9.101333
15.36	9.095588
15.38	9.089832
15.4	9.084185
15.42	9.07201
15.44	9.066254
15.46	9.06053
15.48	9.05477
15.5	9.049122
15.52	9.042911
15.54	9.036958
15.56	9.025475
15.58	9.019712
15.6	9.014064
15.62	9.007852
15.64	9.001897
15.66	8.99614
15.68	8.984652
15.7	8.979005
15.72	8.97279
15.74	8.966835
15.76	8.96108
15.78	8.955357
15.8	8.943955
15.82	8.937739
15.84	8.931787
15.86	8.926036
15.88	8.920319
15.9	8.914563
15.92	8.908931
15.94	8.902716
15.96	8.896767
15.98	8.885315
16	8.879568
16.02	8.873946
16.04	8.867735
16.06	8.861794
16.08	8.856062
16.1	8.850364
16.12	8.844627
16.14	8.832813
16.16	8.826882
16.18	8.821163
16.2	8.815478
16.22	8.809755
16.24	8.804161
16.26	8.797966
16.28	8.786344
16.3	8.780674
16.32	8.774967
16.34	8.76939
16.36	8.763206
16.38	8.757303
16.4	8.751616
16.42	8.745964
16.44	8.734717
16.46	8.728547
16.48	8.722661
16.5	8.716993
16.52	8.711361
16.54	8.70569
16.56	8.700155
16.58	8.694001
16.6	8.682487
16.62	8.676877
16.64	8.671227
16.66	8.665715
16.68	8.659579
16.7	8.653732
16.72	8.648108
16.74	8.642521
16.76	8.636895
16.78	8.625291
16.8	8.619467
16.82	8.613867
16.84	8.608304
16.86	8.602703
16.88	8.597241
16.9	8.585346
16.92	8.579773
16.94	8.574237
16.96	8.568662
16.98	8.563226
17	8.557155
17.02	8.55138
17.04	8.545834
17.06	8.534778
17.08	8.529371
17.1	8.523325
17.12	8.517577
17.14	8.512059
17.16	8.506579
17.18	8.495684
17.2	8.489663
17.22	8.483944
17.24	8.478456
17.26	8.473006
17.28	8.467518
17.3	8.462173
17.32	8.45618
17.34	8.450489
17.36	8.439614
17.38	8.434155
17.4	8.428843
17.42	8.422879
17.44	8.41722
17.46	8.411795
17.48	8.406409
17.5	8.400984
17.52	8.38977
17.54	8.384142
17.56	8.37875
17.58	8.373398
17.6	8.368006
17.62	8.362761
17.64	8.356856
17.66	8.351262
17.68	8.340586
17.7	8.335229
17.72	8.33002
17.74	8.324147
17.76	8.318586
17.78	8.313264
17.8	8.307981
17.82	8.297485
17.84	8.291646
17.86	8.28612
17.88	8.280834
17.9	8.275587
17.92	8.2703
17.94	8.265165
17.96	8.259359
17.98	8.24862
18	8.24341
18.02	8.23816
18.04	8.233063
18.06	8.227292
18.08	8.221838
18.1	8.216627
18.12	8.206243
18.14	8.201183
18.16	8.195448
18.18	8.190031
18.2	8.184858
18.22	8.179725
18.24	8.174552
18.26	8.163833
18.28	8.158455
18.3	8.153321
18.32	8.148227
18.34	8.143093
18.36	8.138114
18.38	8.132452
18.4	8.127112
18.42	8.116965
18.44	8.111872
18.46	8.106934
18.48	8.101309
18.5	8.09601
18.52	8.090958
18.54	8.085944
18.56	8.080891
18.58	8.070409
18.6	8.06515
18.62	8.06014
18.64	8.055167
18.66	8.050156
18.68	8.045302
18.7	8.039757
18.72	8.034538
18.74	8.02464
18.76	8.01967
18.78	8.01486
18.8	8.009354
18.82	8.004178
18.84	7.999252
18.86	7.994366
18.88	7.989439
18.9	7.984673
18.92	7.979207
18.94	7.969192
18.96	7.964348
18.98	7.959466
19	7.954743
19.02	7.949319
19.04	7.944229
19.06	7.939392
19.08	7.934592
19.1	7.925076
19.12	7.919695
19.14	7.914649
19.16	7.909855
19.18	7.905101
19.2	7.900307
19.22	7.895675
19.24	7.885335
19.26	7.880588
19.28	7.875878
19.3	7.87113
19.32	7.866544
19.34	7.86125
19.36	7.856293
19.38	7.846929
19.4	7.842227
19.42	7.837688
19.44	7.832437
19.46	7.827526
19.48	7.822871
19.5	7.818254
19.52	7.809108
19.54	7.803902
19.56	7.799037
19.58	7.79443
19.6	7.78986
19.62	7.785253
19.64	7.780809
19.66	7.770831
19.68	7.766271
19.7	7.76175
19.72	7.75719
19.74	7.752795
19.76	7.747681
19.78	7.74291
19.8	7.733926
19.82	7.729414
19.84	7.725069
19.86	7.720001
19.88	7.715279
19.9	7.710817
19.92	7.706393
19.94	7.697635
19.96	7.692614
19.98	7.687941
20	7.683528
20.02	7.679153
20.04	7.674741
20.06	7.670495
20.08	7.665522
20.1	7.656536
20.12	7.652212
20.14	7.647849
20.16	7.643654
20.18	7.63873
20.2	7.634155
20.22	7.629844
20.24	7.621259
20.26	7.617115
20.28	7.61224
20.3	7.607716
20.32	7.603456
20.34	7.599234
20.36	7.594973
20.38	7.590882
20.4	7.581583
20.42	7.577376
20.44	7.573205
20.46	7.568996
20.48	7.564958
20.5	7.560182
20.52	7.555761
20.54	7.547487
20.56	7.543331
20.58	7.539345
20.6	7.53462
20.62	7.530252
20.64	7.526149
20.66	7.522084
20.68	7.514049
20.7	7.509375
20.72	7.505059
20.74	7.50101
20.76	7.496998
20.78	7.492949
20.8	7.489071
20.82	7.484449
20.84	7.480187
20.86	7.472235
20.88	7.468239
20.9	7.464417
20.92	7.459847
20.94	7.455638
20.96	7.451699
20.98	7.447796
21	7.440088
21.02	7.435571
21.04	7.431417
21.06	7.427533
21.08	7.419799
21.1	7.416087
21.12	7.411624
21.14	7.407526
21.16	7.403697
21.18	7.399905
21.2	7.396075
21.22	7.39242
21.24	7.388011
21.26	7.380196
21.28	7.37646
21.3	7.372686
21.32	7.369088
21.34	7.364735
21.36	7.360747
21.38	7.357032
21.4	7.353353
21.42	7.349637
21.44	7.346096
21.46	7.337866
21.48	7.334209
21.5	7.330587
21.52	7.326928
21.54	7.323446
21.56	7.319203
21.58	7.31533
21.6	7.31173
21.62	7.308166
21.64	7.301141
21.66	7.296955
21.68	7.293139
21.7	7.289598
21.72	7.286093
21.74	7.282549
21.76	7.279185
21.78	7.275056
21.8	7.271298
21.82	7.267817
21.84	7.26437
21.86	7.260886
21.88	7.253509
21.9	7.249811
21.92	7.246388
21.94	7.243001
21.96	7.239577
21.98	7.236332
22	7.232319
22.02	7.22868
22.04	7.221991
22.06	7.218626
22.08	7.215443
22.1	7.211488
22.12	7.207908
22.14	7.204607
22.16	7.198037
22.18	7.194915
22.2	7.191019
22.22	7.1875
22.24	7.18426
22.26	7.181055
22.28	7.177813
22.3	7.174751
22.32	7.167457
22.34	7.164279
22.36	7.161135
22.38	7.157955
22.4	7.154956
22.42	7.15118
22.44	7.147783
22.46	7.141586
22.48	7.138468
22.5	7.135531
22.52	7.131816
22.54	7.128482
22.56	7.125429
22.58	7.122409
22.6	7.119354
22.62	7.112828
22.64	7.109556
22.66	7.106566
22.68	7.10361
22.7	7.100617
22.72	7.097808
22.74	7.094217
22.76	7.091009
22.78	7.088082
22.8	7.082261
22.82	7.079515
22.84	7.075986
22.86	7.072842
22.88	7.069979
22.9	7.067151
22.92	7.064286
22.94	7.061606
22.96	7.05814
22.98	7.052262
23	7.049498
23.02	7.046698
23.04	7.044083
23.06	7.04068
23.08	7.037664
23.1	7.034931
23.12	7.029498
23.14	7.026948
23.16	7.02361
23.18	7.020658
23.2	7.017992
23.22	7.015358
23.24	7.01269
23.26	7.010206
23.28	7.004046
23.3	7.001446
23.32	6.998878
23.34	6.996275
23.36	6.993858
23.38	6.987829
23.4	6.985296
23.42	6.982794
23.44	6.980258
23.46	6.974764
23.48	6.972011
23.5	6.969544
23.52	6.96711
23.54	6.964641
23.56	6.962358
23.58	6.95928
23.6	6.954195
23.62	6.951828
23.64	6.949426
23.66	6.947211
23.68	6.944199
23.7	6.941581
23.72	6.939249
23.74	6.93695
23.76	6.934616
23.78	6.932469
23.8	6.926973
23.82	6.924711
23.84	6.92248
23.86	6.920214
23.88	6.918137
23.9	6.915258
23.92	6.910582
23.94	6.908419
23.96	6.906222
23.98	6.904214
24	6.901403
24.02	6.89899
24.04	6.896865
24.06	6.892644
24.08	6.890705
24.1	6.887963
24.12	6.885618
24.14	6.883563
24.16	6.881538
24.18	6.87948
24.2	6.877611
24.22	6.872662
24.24	6.870677
24.26	6.868722
24.28	6.866734
24.3	6.864935
24.32	6.862331
24.34	6.860126
24.36	6.858211
24.38	6.856327
24.4	6.852681
24.42	6.850145
24.44	6.84801
24.46	6.846166
24.48	6.844352
24.5	6.842505
24.52	6.840848
24.54	6.836318
24.56	6.834545
24.58	6.832801
24.6	6.831025
24.62	6.82944
24.64	6.827044
24.66	6.825051
24.68	6.82335
24.7	6.821678
24.72	6.818459
24.74	6.816134
24.76	6.814212
24.78	6.812583
24.8	6.810982
24.82	6.807907
24.84	6.805653
24.86	6.803803
24.88	6.802246
24.9	6.800717
24.92	6.799156
24.94	6.797786
24.96	6.795603
24.98	6.793826
25	6.790884
25.02	6.789394
25.04	6.788097
25.06	6.785986
25.08	6.784282
25.1	6.782869
25.12	6.781485
25.14	6.778844
25.16	6.776805
25.18	6.775173
25.2	6.773834
25.22	6.772522
25.24	6.771179
25.26	6.770028
25.28	6.768061
25.3	6.765235
25.32	6.763998
25.34	6.762726
25.36	6.761649
25.38	6.759756
25.4	6.758269
25.42	6.757077
25.44	6.754714
25.46	6.753711
25.48	6.75189
25.5	6.750477
25.52	6.749358
25.54	6.748267
25.56	6.747142
25.58	6.746213
25.6	6.744465
25.62	6.742083
25.64	6.741064
25.66	6.740015
25.68	6.73916
25.7	6.737485
25.72	6.73622
25.74	6.73525
25.76	6.733331
25.78	6.73255
25.8	6.730949
25.82	6.729759
25.84	6.728864
25.86	6.727993
25.88	6.727092
25.9	6.726386
25.92	6.724858
25.94	6.722922
25.96	6.722126
25.98	6.721299
26	6.720668
26.02	6.719215
26.04	6.718175
26.06	6.717428
26.08	6.716707
26.1	6.715399
26.12	6.714021
26.14	6.713055
26.16	6.712384
26.18	6.711737
26.2	6.710578
26.22	6.709275
26.24	6.708385
26.26	6.707789
26.28	6.707217
26.3	6.706615
26.32	6.706209
26.34	6.70498
26.36	6.704165
26.38	6.703644
26.4	6.703147
26.42	6.70262
26.44	6.701135
26.46	6.700395
26.48	6.69995
26.5	6.699529
26.52	6.699077
26.54	6.698822
26.56	6.697078
26.58	6.696709
26.6	6.696363
26.62	6.695987
26.64	6.695807
26.66	6.694804
26.68	6.694215
26.7	6.693921
26.72	6.69365
26.74	6.693349
26.76	6.692317
26.78	6.691804
26.8	6.691586
26.82	6.691391
26.84	6.691166
26.86	6.691137
26.88	6.690284
26.9	6.689847
26.92	6.689705
26.94	6.689585
26.96	6.689482
26.98	6.688706
27	6.688344
27.02	6.688278
27.04	6.688233
27.06	6.688282
27.08	6.687582
27.1	6.687296
27.12	6.687305
27.14	6.687338
27.16	6.687537
27.18	6.686912
27.2	6.686703
27.22	6.686788
27.24	6.686894
27.26	6.686972
27.28	6.687247
27.3	6.686697
27.32	6.686726
27.34	6.686907
27.36	6.687061
27.38	6.687411
27.4	6.686938
27.42	6.68688
27.44	6.687118
27.46	6.687605
27.48	6.68803
27.5	6.687633
27.52	6.687651
27.54	6.687964
27.56	6.688602
27.58	6.689104
27.6	6.688782
27.62	6.688877
27.64	6.689266
27.66	6.690055
27.68	6.690632
27.7	6.690386
27.72	6.690557
27.74	6.691022
27.76	6.691505
27.78	6.691961
27.8	6.692614
27.82	6.69269
27.84	6.693231
27.86	6.693791
27.88	6.694323
27.9	6.69505
27.92	6.694956
27.94	6.695279
27.96	6.695895
27.98	6.696529
28	6.697136
28.02	6.697921
28.04	6.69832
28.06	6.699011
28.08	6.699721
28.1	6.700403
28.12	6.701281
28.14	6.701813
28.16	6.702579
28.18	6.703363
28.2	6.704121
28.22	6.705075
28.24	6.705208
28.26	6.7066
28.28	6.707459
28.3	6.708292
28.32	6.70932
28.34	6.709529
28.36	6.710154
28.38	6.711071
28.4	6.712913
28.42	6.714015
28.44	6.7143
28.46	6.715
28.48	6.715992
28.5	6.717001
28.52	6.717983
28.54	6.719161
28.56	6.720295
28.58	6.721362
28.6	6.722445
28.62	6.723502
28.64	6.724753
28.66	6.725188
28.68	6.726038
28.7	6.72718
28.72	6.728337
28.74	6.730793
28.76	6.731304
28.78	6.732229
28.8	6.733445
28.82	6.734675
28.84	6.73588
28.86	6.737279
28.88	6.737864
28.9	6.738864
28.92	6.740154
28.94	6.742738
28.96	6.744211
28.98	6.74487
29	6.745944
29.02	6.747308
29.04	6.748686
29.06	6.750039
29.08	6.752319
29.1	6.753467
29.12	6.754904
29.14	6.756356
29.16	6.757782
29.18	6.759402
29.2	6.76021
29.22	6.762943
29.24	6.764467
29.26	6.765965
29.28	6.767659
29.3	6.76854
29.32	6.769835
29.34	6.77142
29.36	6.773016
29.38	6.776354
29.4	6.777309
29.42	6.778678
29.44	6.780335
29.46	6.782004
29.48	6.783649
29.5	6.786515
29.52	6.787958
29.54	6.789687
29.56	6.791428
29.58	6.793144
29.6	6.795054
29.62	6.796156
29.64	6.797671
29.66	6.801286
29.68	6.803074
29.7	6.805056
29.72	6.806231
29.74	6.807817
29.76	6.809691
29.78	6.811575
29.8	6.815488
29.82	6.816736
29.84	6.818395
29.86	6.82034
29.88	6.822296
29.9	6.824227
29.92	6.826351
29.94	6.827671
29.96	6.831418
29.98	6.833444
30	6.835447
30.02	6.83764
30.04	6.839033
30.06	6.840836
30.08	6.842922
30.1	6.847092
30.12	6.849356
30.14	6.85082
30.16	6.852694
30.18	6.854851
30.2	6.857017
30.22	6.85916
30.24	6.863029
30.26	6.864974
30.28	6.867201
30.3	6.869438
30.32	6.87165
30.34	6.874054
30.36	6.87566
30.38	6.879972
30.4	6.882277
30.42	6.88456
30.44	6.887032
30.46	6.888709
30.48	6.890793
30.5	6.895535
30.52	6.897886
30.54	6.900427
30.56	6.902174
30.58	6.904328
30.6	6.906763
30.62	6.909206
30.64	6.911626
30.66	6.916052
30.68	6.918276
30.7	6.920779
30.72	6.92329
30.74	6.925778
30.76	6.928455
30.78	6.932634
30.8	6.935205
30.82	6.937784
30.84	6.94034
30.86	6.943084
30.88	6.94504
30.9	6.9474
30.92	6.95004
30.94	6.952686
30.96	6.958121
30.98	6.960145
31	6.962573
31.02	6.965279
31.04	6.967992
31.06	6.970682
31.08	6.97356
31.1	6.975652
31.12	6.980921
31.14	6.9837
31.16	6.986456
31.18	6.9894
31.2	6.99156
31.22	6.994123
31.24	6.996962
31.26	7.002629
31.28	7.005639
31.3	7.007866
31.32	7.010495
31.34	7.0134
31.36	7.01631
31.38	7.019198
31.4	7.024567
31.42	7.027263
31.44	7.030233
31.46	7.033208
31.48	7.0393
31.5	7.041661
31.52	7.044423
31.54	7.047457
31.56	7.050497
31.58	7.053514
31.6	7.056717
31.62	7.059144
31.64	7.06507
31.66	7.068173
31.68	7.071254
31.7	7.074521
31.72	7.077013
31.74	7.079905
31.76	7.083067
31.78	7.086234
31.8	7.09271
31.82	7.095267
31.84	7.098222
31.86	7.101449
31.88	7.104678
31.9	7.107887
31.92	7.111279
31.94	7.11692
31.96	7.120209
31.98	7.123501
32	7.126772
32.02	7.130226
32.04	7.132913
32.06	7.135995
32.08	7.1427
32.1	7.146033
32.12	7.149549
32.14	7.152299
32.16	7.155445
32.18	7.158857
32.2	7.162272
32.22	7.169244
32.24	7.172058
32.26	7.175265
32.28	7.17874
32.3	7.182215
32.32	7.185671
32.34	7.189308
32.36	7.192184
32.38	7.198989
32.4	7.202526
32.42	7.206041
32.44	7.209739
32.46	7.212677
32.48	7.216008
32.5	7.223199
32.52	7.226776
32.54	7.230533
32.56	7.233533
32.58	7.236924
32.6	7.24058
32.62	7.244235
32.64	7.24787
32.66	7.251686
32.68	7.254747
32.7	7.258199
32.72	7.265627
32.74	7.269322
32.76	7.273196
32.78	7.276319
32.8	7.27983
32.82	7.283603
32.84	7.287375
32.86	7.291129
32.88	7.295061
32.9	7.301813
32.92	7.305645
32.94	7.309475
32.96	7.313287
32.98	7.317276
33	7.320518
33.02	7.324146
33.04	7.331923
33.06	7.335792
33.08	7.339837
33.1	7.343138
33.12	7.346825
33.14	7.350771
33.16	7.354715
33.18	7.362743
33.2	7.366102
33.22	7.369846
33.24	7.373849
33.26	7.377849
33.28	7.381831
33.3	7.385988
33.32	7.389406
33.34	7.397265
33.36	7.401321
33.38	7.405359
33.4	7.409572
33.42	7.413047
33.44	7.416904
33.46	7.421019
33.48	7.42513
33.5	7.429223
33.52	7.43349
33.54	7.440936
33.56	7.445104
33.58	7.44927
33.6	7.453417
33.62	7.457739
33.64	7.461328
33.66	7.465296
33.68	7.469519
33.7	7.47794
33.72	7.482315
33.74	7.48596
33.76	7.489984
33.78	7.49426
33.8	7.498533
33.82	7.502789
33.84	7.507217
33.86	7.514994
33.88	7.519325
33.9	7.52365
33.92	7.527958
33.94	7.532439
33.96	7.536194
33.98	7.540326
34	7.544709
34.02	7.553447
34.04	7.55798
34.06	7.56179
34.08	7.565975
34.1	7.57041
34.12	7.57484
34.14	7.579253
34.16	7.583837
34.18	7.5877
34.2	7.591938
34.22	7.600905
34.24	7.60537
34.26	7.610004
34.28	7.613921
34.3	7.61821
34.32	7.622748
34.34	7.62728
34.36	7.63648
34.38	7.64045
34.4	7.644792
34.42	7.64938
34.44	7.653962
34.46	7.658528
34.48	7.663262
34.5	7.667284
34.52	7.671677
34.54	7.680947
34.56	7.685562
34.58	7.690346
34.6	7.69442
34.62	7.698863
34.64	7.703551
34.66	7.708232
34.68	7.712896
34.7	7.717729
34.72	7.726348
34.74	7.731085
34.76	7.735815
34.78	7.740528
34.8	7.745409
34.82	7.749585
34.84	7.754127
34.86	7.758913
34.88	7.768453
34.9	7.773381
34.92	7.777607
34.94	7.782198
34.96	7.787032
34.98	7.791858
35	7.796667
35.02	7.801642
35.04	7.810558
35.06	7.815439
35.08	7.820311
35.1	7.825168
35.12	7.83019
35.14	7.834515
35.16	7.839203
35.18	7.84905
35.2	7.853953
35.22	7.859022
35.24	7.863395
35.26	7.86813
35.28	7.873105
35.3	7.878069
35.32	7.883019
35.34	7.888133
35.36	7.892554
35.38	7.902357
35.4	7.907367
35.42	7.912363
35.44	7.917521
35.46	7.92199
35.48	7.926819
35.5	7.931884
35.52	7.94198
35.54	7.947184
35.56	7.9517
35.58	7.956574
35.6	7.961684
35.62	7.966784
35.64	7.977117
35.66	7.981679
35.68	7.986599
35.7	7.991754
35.72	7.996898
35.74	8.002027
35.76	8.007317
35.78	8.011927
35.8	8.022089
35.82	8.027277
35.84	8.03245
35.86	8.037784
35.88	8.042439
35.9	8.047447
35.92	8.05269
35.94	8.05792
35.96	8.068512
35.98	8.073212
36	8.078265
36.02	8.083549
36.04	8.088822
36.06	8.094081
36.08	8.0995
36.1	8.104244
36.12	8.10934
36.14	8.114667
36.16	8.125282
36.18	8.130742
36.2	8.13553
36.22	8.14067
36.24	8.151395
36.26	8.156737
36.28	8.162238
36.3	8.16707
36.32	8.172252
36.34	8.177662
36.36	8.183059
36.38	8.193983
36.4	8.198859
36.42	8.204082
36.44	8.209534
36.46	8.214972
36.48	8.220395
36.5	8.225976
36.52	8.230894
36.54	8.241651
36.56	8.247128
36.58	8.252593
36.6	8.258214
36.62	8.263174
36.64	8.268479
36.66	8.279529
36.68	8.285032
36.7	8.290692
36.72	8.295694
36.74	8.301041
36.76	8.306611
36.78	8.312168
36.8	8.317712
36.82	8.328454
36.84	8.33384
36.86	8.33945
36.88	8.345046
36.9	8.350628
36.92	8.356364
36.94	8.366875
36.96	8.372522
36.98	8.378157
37	8.383777
37.02	8.389551
37.04	8.394676
37.06	8.405828
37.08	8.4115
37.1	8.417158
37.12	8.42297
37.14	8.428135
37.16	8.433639
37.18	8.445071
37.2	8.450768
37.22	8.456615
37.24	8.46182
37.26	8.467362
37.28	8.473123
37.3	8.478869
37.32	8.490486
37.34	8.495729
37.36	8.501309
37.38	8.507107
37.4	8.512889
37.42	8.518659
37.44	8.52458
37.46	8.529861
37.48	8.541313
37.5	8.547131
37.52	8.552937
37.54	8.558892
37.56	8.564213
37.58	8.569867
37.6	8.575737
37.62	8.581591
37.64	8.593424
37.66	8.598782
37.68	8.604472
37.7	8.610376
37.72	8.616266
37.74	8.622143
37.76	8.628169
37.78	8.63929
37.8	8.64523
37.82	8.651154
37.84	8.657065
37.86	8.663126
37.88	8.668557
37.9	8.680293
37.92	8.686251
37.94	8.692197
37.96	8.698291
37.98	8.703758
38	8.709556
38.02	8.715564
38.04	8.721556
38.06	8.733663
38.08	8.739166
38.1	8.744998
38.12	8.75104
38.14	8.757065
38.16	8.763079
38.18	8.769238
38.2	8.780643
38.22	8.786719
38.24	8.792777
38.26	8.798823
38.28	8.805017
38.3	8.81059
38.32	8.816489
38.34	8.822598
38.36	8.834767
38.38	8.840992
38.4	8.846601
38.42	8.852533
38.44	8.858675
38.46	8.864798
38.48	8.87091
38.5	8.877166
38.52	8.888774
38.54	8.894947
38.56	8.901101
38.58	8.907246
38.6	8.913533
38.62	8.919209
38.64	8.925208
38.66	8.931413
38.68	8.943773
38.7	8.950092
38.72	8.955802
38.74	8.961833
38.76	8.968068
38.78	8.974285
38.8	8.98684
38.82	8.992584
38.84	8.998647
38.86	9.004913
38.88	9.011161
38.9	9.017397
38.92	9.023776
38.94	9.029552
38.96	9.035647
38.98	9.048222
39	9.054489
39.02	9.060898
39.04	9.066706
39.06	9.072831
39.08	9.079159
39.1	9.085466
39.12	9.091763
39.14	9.098202
39.16	9.110198
39.18	9.116554
39.2	9.122891
39.22	9.129218
39.24	9.135686
39.26	9.141559
39.28	9.147745
39.3	9.154131
39.32	9.160498
39.34	9.17335
39.36	9.179254
39.38	9.185469
39.4	9.191885
39.42	9.198279
39.44	9.204664
39.46	9.211189
39.48	9.217123
39.5	9.229814
39.52	9.236237
39.54	9.242651
39.56	9.249203
39.58	9.255168
39.6	9.261443
39.62	9.267916
39.64	9.280809
39.66	9.287389
39.68	9.293384
39.7	9.299687
39.72	9.306188
39.74	9.312667
39.76	9.319138
39.78	9.331769
39.8	9.338101
39.82	9.344629
39.84	9.351136
39.86	9.357633
39.88	9.37032
39.9	9.376682
39.92	9.383237
39.94	9.389771
39.96	9.396296
39.98	9.402956
40	9.409039
40.02	9.415427
40.04	9.422009
40.06	9.435122
40.08	9.441808
40.1	9.447789
40.12	9.454219
40.14	9.460796
40.16	9.467323
40.18	9.473886
40.2	9.480585
40.22	9.486712
40.24	9.499763
40.26	9.506362
40.28	9.512954
40.3	9.519678
40.32	9.525835
40.34	9.532292
40.36	9.538908
40.38	9.551502
40.4	9.557715
40.42	9.564131
40.44	9.570614
40.46	9.577063
40.48	9.583518
40.5	9.589834
40.52	9.596397
40.54	9.609509
40.56	9.616119
40.58	9.622645
40.6	9.629257
40.62	9.636007
40.64	9.642548
40.66	9.648785
40.68	9.662149
40.7	9.668797
40.72	9.675599
40.74	9.681973
40.76	9.688586
40.78	9.695368
40.8	9.702127
40.82	9.715761
40.84	9.722115
40.86	9.728746
40.88	9.735559
40.9	9.74235
40.92	9.749129
40.94	9.756043
40.96	9.762405
40.98	9.775896
41	9.782709
41.02	9.789514
41.04	9.79645
41.06	9.802831
41.08	9.809505
41.1	9.816364
41.12	9.8232
41.14	9.830027
41.16	9.836985
41.18	9.850083
41.2	9.856964
41.22	9.863821
41.24	9.870669
41.26	9.877647
41.28	9.884072
41.3	9.890791
41.32	9.90457
41.34	9.91144
41.36	9.918439
41.38	9.924886
41.4	9.931626
41.42	9.938549
41.44	9.945447
41.46	9.952338
41.48	9.965828
41.5	9.97259
41.52	9.979534
41.54	9.986452
41.56	9.993364
41.58	10.0004
41.6	10.0069
41.62	10.02064
41.64	10.02758
41.66	10.03452
41.68	10.04158
41.7	10.04809
41.72	10.0549
41.74	10.06188
41.76	10.06884
41.78	10.08287
41.8	10.08941
41.82	10.09624
41.84	10.10324
41.86	10.11022
41.88	10.11719
41.9	10.12429
41.92	10.13085
41.94	10.14473
41.96	10.15173
41.98	10.15872
42	10.16584
42.02	10.17242
42.04	10.17929
42.06	10.19335
42.08	10.20037
42.1	10.2075
42.12	10.21411
42.14	10.221
42.16	10.22806
42.18	10.2351
42.2	10.24929
42.22	10.25592
42.24	10.26283
42.26	10.26992
42.28	10.27697
42.3	10.28403
42.32	10.2912
42.34	10.29785
42.36	10.30478
42.38	10.31189
42.4	10.32604
42.42	10.33323
42.44	10.3399
42.46	10.34686
42.48	10.35398
42.5	10.36108
42.52	10.36817
42.54	10.38208
42.56	10.38905
42.58	10.39619
42.6	10.40331
42.62	10.41042
42.64	10.41765
42.66	10.42436
42.68	10.43136
42.7	10.44565
42.72	10.45278
42.74	10.46004
42.76	10.46677
42.78	10.47378
42.8	10.48096
42.82	10.48812
42.84	10.49526
42.86	10.50929
42.88	10.51632
42.9	10.52352
42.92	10.53069
42.94	10.53786
42.96	10.54515
42.98	10.55192
43	10.55897
43.02	10.57338
43.04	10.58057
43.06	10.58788
43.08	10.59467
43.1	10.60174
43.12	10.60898
43.14	10.61619
43.16	10.62339
43.18	10.63072
43.2	10.64462
43.22	10.65188
43.24	10.65911
43.26	10.66633
43.28	10.67367
43.3	10.6805
43.32	10.68761
43.34	10.69488
43.36	10.70937
43.38	10.71673
43.4	10.72359
43.42	10.73071
43.44	10.738
43.46	10.74527
43.48	10.75252
43.5	10.7599
43.52	10.77392
43.54	10.78123
43.56	10.78851
43.58	10.79579
43.6	10.80318
43.62	10.81007
43.64	10.81723
43.66	10.82106
43.68	10.81674
43.7	10.81456
43.72	10.81203
43.74	10.80958
43.76	10.80722
43.78	10.80493
43.8	10.8027
43.82	10.80054
43.84	10.79638
43.86	10.79442
43.88	10.79252
43.9	10.79071
43.92	10.78898
43.94	10.78734
43.96	10.78581
43.98	10.78433
44	10.78292
44.02	10.78025
44.04	10.77905
44.06	10.77792
44.08	10.77687
44.1	10.77589
44.12	10.77498
44.14	10.77414
44.16	10.77339
44.18	10.77209
44.2	10.77156
44.22	10.7711
44.24	10.77071
44.26	10.55187
44.28	10.64115
44.3	10.49598
44.32	10.57238
44.34	10.51981
44.36	10.42463
44.38	10.47421
44.4	10.39988
44.42	10.43315
44.44	10.38278
44.46	10.40402
44.48	10.38025
44.5	10.36388
44.52	10.36041
44.54	10.36022
44.56	10.3441
44.58	10.19304
44.6	10.24138
44.62	10.26027
44.64	10.27216
44.66	10.27654
44.68	10.281
44.7	10.28563
44.72	10.29045
44.74	10.29291
44.76	10.29529
44.78	10.29634
44.8	10.29743
44.82	10.29856
44.84	10.29973
44.86	10.30095
44.88	10.30221
44.9	10.30351
44.92	10.30624
44.94	10.30766
44.96	10.30912
44.98	10.31062
45	10.31219
45.02	10.31379
45.04	10.31543
45.06	10.31711
45.08	10.31878
45.1	10.32232
45.12	10.32417
45.14	10.32605
45.16	10.32798
45.18	10.32994
45.2	10.33194
45.22	10.33398
45.24	10.33605
45.26	10.34035
45.28	10.34256
45.3	10.34482
45.32	10.34712
45.34	10.34947
45.36	10.35186
45.38	10.35422
45.4	10.35659
45.42	10.35906
45.44	10.36415
45.46	10.36675
45.48	10.36945
45.5	10.37214
45.52	10.37484
45.54	10.37762
45.56	10.38044
45.58	10.3833
45.6	10.38915
45.62	10.39213
45.64	10.39515
45.66	10.39826
45.68	10.4014
45.7	10.40458
45.72	10.40775
45.74	10.4142
45.76	10.41752
45.78	10.42088
45.8	10.42427
45.82	10.42772
45.84	10.43121
45.86	10.43474
45.88	10.44192
45.9	10.44559
45.92	10.44928
45.94	10.453
45.96	10.45679
45.98	10.46061
46	10.46447
46.02	10.47233
46.04	10.47632
46.06	10.48035
46.08	10.48441
46.1	10.48854
46.12	10.49269
46.14	10.49689
46.16	10.50543
46.18	10.50975
46.2	10.51411
46.22	10.51853
46.24	10.52299
46.26	10.52748
46.28	10.53203
46.3	10.53662
46.32	10.54591
46.34	10.55063
46.36	10.55538
46.38	10.56018
46.4	10.56503
46.42	10.56992
46.44	10.57484
46.46	10.57986
46.48	10.58489
46.5	10.59502
46.52	10.60016
46.54	10.60535
46.56	10.61065
46.58	10.61599
46.6	10.62132
46.62	10.62664
46.64	10.63205
46.66	10.64304
46.68	10.64861
46.7	10.65421
46.72	10.65988
46.74	10.66557
46.76	10.6713
46.78	10.6771
46.8	10.68882
46.82	10.69475
46.84	10.67579
46.86	10.65512
46.88	10.63124
46.9	10.58263
46.92	10.57101
46.94	10.52669
46.96	10.51614
46.98	10.47641
47	10.47176
47.02	10.47406
47.04	10.47626
47.06	10.47843
47.08	10.48062
47.1	10.48289
47.12	10.48532
47.14	10.49089
47.16	10.4942
47.18	10.49797
47.2	10.50956
47.22	10.50333
47.24	10.52338
47.26	10.49641
47.28	10.52653
47.3	10.53946
47.32	10.50051
47.34	10.54068
47.36	10.49317
47.38	10.54399
47.4	10.48743
47.42	10.52963
47.44	10.52669
47.46	10.54313
47.48	10.56201
47.5	10.5607
47.52	10.58027
47.54	10.57975
47.56	10.60006
47.58	10.60033
47.6	10.64358
47.62	10.63212
47.64	10.6359
47.66	10.63771
47.68	10.64063
47.7	10.64361
47.72	10.64666
47.74	10.64981
47.76	10.65309
47.78	10.66017
47.8	10.66405
47.82	10.66822
47.84	10.67515
47.86	10.68218
47.88	10.68933
47.9	10.6966
47.92	10.70397
47.94	10.72092
47.96	10.73004
47.98	10.73957
48	10.74949
48.02	10.7598
48.04	10.76959
48.06	10.77602
48.08	10.78202
48.1	10.76107
48.12	10.7466
48.14	10.74688
48.16	10.74835
48.18	10.74989
48.2	10.75153
48.22	10.75318
48.24	10.75587
48.26	10.75949
48.28	10.76333
48.3	10.76756
48.32	10.77712
48.34	10.78246
48.36	10.78818
48.38	10.7941
48.4	10.79919
48.42	10.80414
48.44	10.80918
48.46	10.81953
48.48	10.81977
48.5	10.8186
48.52	10.81719
48.54	10.81604
48.56	10.81477
48.58	10.81355
48.6	10.81136
48.62	10.81039
48.64	10.80951
48.66	10.80871
48.68	10.808
48.7	10.80737
48.72	10.80637
48.74	10.80598
48.76	10.80568
48.78	10.81994
48.8	10.63945
48.82	10.46057
48.84	10.32013
48.86	10.14905
48.88	10.05251
48.9	10.04248
48.92	9.886468
48.94	9.885334
48.96	9.718346
48.98	9.722162
49	9.532655
49.02	9.578094
49.04	9.435575
49.06	9.24961
49.08	9.294802
49.1	9.112075
49.12	9.156057
49.14	8.977669
49.16	9.019726
49.18	8.840586
49.2	8.742053
49.22	8.817873
49.24	8.633655
49.26	8.715318
49.28	8.52668
49.3	8.612631
49.32	8.423608
49.34	8.446889
49.36	8.395496
49.38	8.330173
49.4	8.299364
49.42	8.235249
49.44	8.205508
49.46	8.142813
49.48	8.11416
49.5	8.053149
49.52	7.928634
49.54	7.954265
49.56	7.858129
49.58	7.885487
49.6	7.792405
49.62	7.822874
49.64	7.731782
49.66	7.765072
49.68	7.676038
49.7	7.633352
49.72	7.664506
49.74	7.587471
49.76	7.621334
49.78	7.546391
49.8	7.582916
49.82	7.549297
49.84	7.478744
49.86	7.520465
49.88	7.454064
49.9	7.507813
49.92	7.444536
49.94	7.497865
49.96	7.437512
49.98	7.490237
50	7.484637
50.02	7.42971
50.04	7.480871
50.06	7.437299
50.08	7.432793
50.1	7.401597
50.12	7.429605
50.14	7.407949
50.16	7.436595
50.18	7.45349
50.2	7.454284
50.22	7.469879
50.24	7.426199
50.26	7.506049
50.28	7.445097
50.3	7.525426
50.32	7.546497
50.34	7.488308
50.36	7.572684
50.38	7.519011
50.4	7.606607
50.42	7.668032
50.44	7.780299
50.46	7.876472
50.48	8.011477
50.5	8.292246
50.52	8.445453
50.54	8.614829
50.56	8.790425
50.58	8.971961
50.6	8.87897
50.62	8.787345
50.64	8.701579
50.66	8.621838
50.68	8.545214
50.7	8.414041
50.72	8.364523
50.74	8.312358
50.76	8.281252
50.78	8.299109
50.8	8.317431
50.82	8.336316
50.84	8.376166
50.86	8.397342
50.88	8.4195
50.9	8.442754
50.92	8.467223
50.94	8.493031
50.96	8.502365
50.98	8.59371
51	8.750541
51.02	8.831612
51.04	8.955565
51.06	9.00016
51.08	9.126536
51.1	9.163096
51.12	9.289184
51.14	9.33496
51.16	9.357168
51.18	9.378963
51.2	9.400378
51.22	9.425892
51.24	9.446651
51.26	9.471622
51.28	9.491871
51.3	9.516418
51.32	9.604164
51.34	9.626932
51.36	9.691279
51.38	9.724643
51.4	9.795377
51.42	9.840807
51.44	9.952544
51.46	10.02305
51.48	10.06138
51.5	10.09924
51.52	10.1385
51.54	10.17546
51.56	10.21381
51.58	10.2875
51.6	10.32296
51.62	10.3598
51.64	10.40033
51.66	10.44387
51.68	10.48705
51.7	10.52985
51.72	10.51485
51.74	10.51929
51.76	10.52711
51.78	10.5413
51.8	10.55013
51.82	10.55118
51.84	10.54914
51.86	10.54562
51.88	10.54064
51.9	10.53341
51.92	10.52556
51.94	10.51752
51.96	10.50943
51.98	10.49281
52	10.48441
52.02	10.47582
52.04	10.46717
52.06	10.45834
52.08	10.44944
52.1	10.44047
52.12	10.43132
52.14	10.41272
52.16	10.40325
52.18	10.3937
52.2	10.38399
52.22	10.37419
52.24	10.36425
52.26	10.35421
52.28	10.33379
52.3	10.32342
52.32	10.31291
52.34	10.30229
52.36	10.29157
52.38	10.28073
52.4	10.26977
52.42	10.2587
52.44	10.24751
52.46	10.2362
52.48	10.21326
52.5	10.20162
52.52	10.18986
52.54	10.17797
52.56	10.16599
52.58	10.15391
52.6	10.14169
52.62	10.11693
52.64	10.1044
52.66	10.09173
52.68	10.07898
52.7	10.06608
52.72	10.05311
52.74	10.04
52.76	10.02681
52.78	10.01346
52.8	9.986509
52.82	9.972885
52.84	9.959104
52.86	9.945282
52.88	9.931298
52.9	9.917252
52.92	9.888805
52.94	9.8744
52.96	9.859942
52.98	9.845402
53	9.830688
53.02	9.815928
53.04	9.801091
53.06	9.771022
53.08	9.755894
53.1	9.740584
53.12	9.725245
53.14	9.709834
53.16	9.69424
53.18	9.678621
53.2	9.647066
53.22	9.631178
53.24	9.615231
53.26	9.599092
53.28	9.582945
53.3	9.566744
53.32	9.550349
53.34	9.517509
53.36	9.50087
53.38	9.484237
53.4	9.467561
53.42	9.450688
53.44	9.433831
53.46	9.399842
53.48	9.382773
53.5	9.365673
53.52	9.348373
53.54	9.331143
53.56	9.313714
53.58	9.296361
53.6	9.26146
53.62	9.243915
53.64	9.226339
53.66	9.208688
53.68	9.191012
53.7	9.173265
53.72	9.155496
53.74	9.137657
53.76	9.101885
53.78	9.083956
53.8	9.065964
53.82	9.047965
53.84	9.029909
53.86	9.011852
53.88	8.993742
53.9	8.975636
53.92	8.95748
53.94	8.939335
53.96	8.902968
53.98	8.884752
54	8.866558
54.02	8.848327
54.04	8.830125
54.06	8.81189
54.08	8.79369
54.1	8.775463
54.12	8.739069
54.14	8.72091
54.16	8.702734
54.18	8.684612
54.2	8.66648
54.22	8.64841
54.24	8.630334
54.26	8.594322
54.28	8.576393
54.3	8.558472
54.32	8.540634
54.34	8.52281
54.36	8.505077
54.38	8.487367
54.4	8.452171
54.42	8.434695
54.44	8.417254
54.46	8.39993
54.48	8.382648
54.5	8.36549
54.52	8.348383
54.54	8.331409
54.56	8.314494
54.58	8.297722
54.6	8.281015
54.62	8.24798
54.64	8.231662
54.66	8.215426
54.68	8.199362
54.7	8.183389
54.72	8.167598
54.74	8.151908
54.76	8.121019
54.78	8.105833
54.8	8.090765
54.82	8.07591
54.84	8.061183
54.86	8.046679
54.88	8.032315
54.9	8.018186
54.92	7.990469
54.94	7.976893
54.96	7.963573
54.98	7.950423
55	7.937542
55.02	7.92484
55.04	7.912418
55.06	7.900188
55.08	7.88825
55.1	7.865081
55.12	7.853861
55.14	7.842958
55.16	7.83228
55.18	7.821929
55.2	7.811864
55.22	7.802091
55.24	7.792615
55.26	7.783442
55.28	7.77458
55.3	7.766032
55.32	7.749908
55.34	7.742344
55.36	7.735119
55.38	7.728241
55.4	7.721714
55.42	7.715546
55.44	7.709741
55.46	7.704307
55.48	7.699249
55.5	7.694573
55.52	7.686393
55.54	7.682901
55.56	7.679814
55.58	7.67714
55.6	7.674884
55.62	7.673052
55.64	7.670683
55.66	7.670158
55.68	7.67008
55.7	7.670455
55.72	7.671288
55.74	7.672584
55.76	7.67435
55.78	7.67659
55.8	7.679311
55.82	7.686213
55.84	7.690404
55.86	7.695096
55.88	7.700293
55.9	7.706001
55.92	7.712224
55.94	7.718966
55.96	7.726233
55.98	7.734028
56	7.742357
56.02	7.760631
56.04	7.770584
56.06	7.781086
56.08	7.792142
56.1	7.803755
56.12	7.87472
56.14	8.050219
56.16	8.264562
56.18	8.296028
56.2	8.471476
56.22	8.331748
56.24	8.512087
56.26	8.361199
56.28	8.542501
56.3	8.571773
56.32	8.420302
56.34	8.601799
56.36	8.451518
56.38	8.632995
56.4	8.484033
56.42	8.665476
56.44	8.517897
56.46	8.553152
56.48	8.734505
56.5	8.58984
56.52	8.771135
56.54	8.628
56.56	8.809229
56.58	8.667671
56.6	8.848825
56.62	8.889962
56.64	8.751697
56.66	8.932675
56.68	8.796126
56.7	8.977004
56.72	8.842214
56.74	9.022981
56.76	8.889994
56.78	9.070641
56.8	9.120018
56.82	8.990769
56.84	9.171145
56.86	9.043828
56.88	9.224055
56.9	9.098709
56.92	9.278778
56.94	9.155442
56.96	9.335343
56.98	9.393778
57	9.274574
57.02	9.45411
57.04	9.337027
57.06	9.516366
57.08	9.401438
57.1	9.580571
57.12	9.467831
57.14	9.646749
57.16	9.714923
57.18	9.60665
57.2	9.785112
57.22	9.679117
57.24	9.85734
57.26	9.753648
57.28	9.931623
57.3	9.83026
57.32	9.908971
57.34	10.08643
57.36	9.989794
57.38	10.16698
57.4	10.07274
57.42	10.24966
57.44	10.15783
57.46	10.29657
57.48	10.29935
57.5	10.30498
57.52	10.30712
57.54	10.30887
57.56	10.31029
57.58	10.31142
57.6	10.31233
57.62	10.3183
57.64	10.29483
57.66	10.3242
57.68	10.32411
57.7	10.32347
57.72	10.3223
57.74	10.32063
57.76	10.31848
57.78	10.31589
57.8	10.31289
57.82	10.31569
57.84	10.31694
57.86	10.31814
57.88	10.31931
57.9	10.32044
57.92	10.32154
57.94	10.32259
57.96	10.3236
57.98	10.32552
58	10.32645
58.02	10.32732
58.04	10.32816
58.06	10.32808
58.08	10.32685
58.1	10.3252
58.12	10.32183
58.14	10.32002
58.16	10.31811
58.18	10.31613
58.2	10.31408
58.22	10.31196
58.24	10.30978
58.26	10.30521
58.28	10.30284
58.3	10.30032
58.32	10.29777
58.34	10.29517
58.36	10.29255
58.38	10.28989
58.4	10.28689
58.42	10.28405
58.44	10.27824
58.46	10.27526
58.48	10.27221
58.5	10.26911
58.52	10.26581
58.54	10.26258
58.56	10.25934
58.58	10.25215
58.6	10.24866
58.62	10.24515
58.64	10.24162
58.66	10.23802
58.68	10.23425
58.7	10.23051
58.72	10.22252
58.74	10.2185
58.76	10.2145
58.78	10.21049
58.8	10.08556
58.82	9.944924
58.84	9.806448
58.86	9.673885
58.88	9.548093
58.9	9.429339
58.92	9.21345
58.94	9.116505
58.96	9.030515
58.98	9.055286
59	9.03947
59.02	9.022959
59.04	9.005817
59.06	8.969926
59.08	8.951332
59.1	8.932418
59.12	8.913277
59.14	8.894006
59.16	8.87471
59.18	8.855499
59.2	8.83649
59.22	8.799572
59.24	8.781928
59.26	8.765014
59.28	8.748977
59.3	8.733971
59.32	8.720157
59.34	8.707699
59.36	8.710801
59.38	8.718257
59.4	8.720583
59.42	8.722825
59.44	8.725228
59.46	8.727819
59.48	8.730598
59.5	8.736725
59.52	8.740071
59.54	8.743606
59.56	8.747377
59.58	8.751334
59.6	8.755477
59.62	8.759808
59.64	8.769125
59.66	8.774061
59.68	8.779182
59.7	8.784489
59.72	8.790032
59.74	8.795754
59.76	8.801662
59.78	8.807808
59.8	8.820637
59.82	8.827328
59.84	8.875832
59.86	8.881786
59.88	8.887401
59.9	8.897681
59.92	8.902397
59.94	8.906872
59.96	8.911142
59.98	8.915252
60	8.919248
60.02	8.923183
60.04	8.931108
60.06	8.941682
60.08	8.943944
60.1	8.936725
60.12	8.953479
60.14	8.941526
60.16	8.966227
60.18	8.948098
60.2	9.071137
60.22	9.370585
60.24	9.398262
60.26	9.40323
60.28	9.36244
60.3	9.356241
60.32	9.344973
60.34	9.070389
60.36	9.27462
60.38	9.245257
60.4	9.215623
60.42	9.185847
60.44	9.156068
60.46	9.126425
60.48	9.097071
60.5	9.039862
60.52	9.012344
60.54	8.808819
60.56	8.687502
60.58	8.67691
60.6	8.714589
60.62	8.752683
60.64	8.802794
60.66	8.864857
60.68	8.93885
60.7	8.993514
60.72	9.026654
60.74	9.121069
60.76	9.181438
60.78	9.249955
60.8	9.32614
60.82	9.409511
60.84	9.456328
60.86	9.434258
60.88	9.356165
60.9	9.325554
60.92	9.298508
60.94	9.272747
60.96	9.247834
60.98	9.223697
61	9.229543
61.02	9.236831
61.04	9.24431
61.06	8.952478
61.08	8.714759
61.1	8.536957
61.12	8.42412
61.14	8.386929
61.16	8.441559
61.18	8.49264
61.2	8.513933
61.22	8.535201
61.24	8.556656
61.26	8.578329
61.28	8.600243
61.3	8.622396
61.32	8.64478
61.34	8.690267
61.36	8.713363
61.38	8.736696
61.4	8.760269
61.42	8.784077
61.44	8.808122
61.46	8.832405
61.48	8.856924
61.5	8.881681
61.52	8.931906
61.54	8.957373
61.56	8.983077
61.58	9.009019
61.6	9.035198
61.62	9.061614
61.64	9.088269
61.66	9.11516
61.68	9.142289
61.7	9.169656
61.72	9.225105
61.74	9.253186
61.76	9.255308
61.78	9.229987
61.8	9.208082
61.82	9.189487
61.84	9.248792
61.86	9.290199
61.88	9.277647
61.9	9.331599
61.92	9.321527
61.94	9.37238
61.96	9.274561
61.98	9.216785
62	9.242804
62.02	9.268795
62.04	9.280518
62.06	9.29243
62.08	9.304649
62.1	9.317282
62.12	9.330212
62.14	9.343472
62.16	9.357152
62.18	9.37113
62.2	9.400174
62.22	9.412253
62.24	9.420823
62.26	9.428817
62.28	9.436791
62.3	9.444863
62.32	9.453037
62.34	9.461333
62.36	9.478294
62.38	9.486948
62.4	9.495729
62.42	9.504624
62.44	9.513645
62.46	9.522855
62.48	9.532068
62.5	9.541463
62.52	9.550988
62.54	9.570404
62.56	9.580372
62.58	9.590347
62.6	9.600511
62.62	9.610807
62.64	9.62123
62.66	9.631782
62.68	9.642535
62.7	9.653301
62.72	9.67536
62.74	9.686587
62.76	9.697972
62.78	9.709486
62.8	9.721157
62.82	9.732959
62.84	9.744921
62.86	9.757016
62.88	9.769266
62.9	9.794207
62.92	9.8069
62.94	9.819752
62.96	9.832749
62.98	9.845909
63	9.859216
63.02	9.872685
63.04	9.886305
63.06	9.900089
63.08	9.914024
63.1	9.942383
63.12	9.956807
63.14	9.971385
63.16	9.986135
63.18	10.00104
63.2	10.01612
63.22	10.03135
63.24	10.06233
63.26	10.07808
63.28	10.09398
63.3	10.11007
63.32	10.12631
63.34	10.14274
63.36	10.15933
63.38	10.1761
63.4	10.21016
63.42	10.22744
63.44	10.24492
63.46	10.26256
63.48	10.28038
63.5	10.29838
63.52	10.31656
63.54	10.33492
63.56	10.35346
63.58	10.39109
63.6	10.41016
63.62	10.42944
63.64	10.44889
63.66	10.46853
63.68	10.48835
63.7	10.50837
63.72	10.54894
63.74	10.56951
63.76	10.59028
63.78	10.61122
63.8	10.63236
63.82	10.65368
63.84	10.69691
63.86	10.71883
63.88	10.74091
63.9	10.76321
63.92	10.78568
63.94	10.80837
63.96	10.81136
63.98	10.80589
64	10.79334
64.02	10.78643
64.04	10.7794
64.06	10.77241
64.08	10.76556
64.1	10.75882
64.12	10.75216
64.14	10.74567
64.16	10.73895
64.18	10.72618
64.2	10.72009
64.22	10.71398
64.24	10.70807
64.26	10.60474
64.28	10.57043
64.3	10.54439
64.32	10.49888
64.34	10.47797
64.36	10.45813
64.38	10.43933
64.4	10.42153
64.42	10.40472
64.44	10.38887
64.46	10.34016
64.48	10.33888
64.5	10.30543
64.52	10.32946
64.54	10.29616
64.56	10.32425
64.58	10.28976
64.6	10.32084
64.62	10.31823
64.64	10.28734
64.66	10.3205
64.68	10.28934
64.7	10.32387
64.72	10.30587
64.74	10.33307
64.76	10.31592
64.78	10.34215
64.8	10.35745
64.82	10.33498
64.84	10.36787
64.86	10.34659
64.88	10.38079
64.9	10.36041
64.92	10.39532
64.94	10.3757
64.96	10.39245
64.98	10.43349
65	10.44326
65.02	10.45294
65.04	10.46293
65.06	10.4733
65.08	10.48397
65.1	10.50644
65.12	10.51823
65.14	10.53035
65.16	10.54288
65.18	10.55573
65.2	10.56897
65.22	10.58255
65.24	10.59654
65.26	10.62555
65.28	10.64059
65.3	10.65598
65.32	10.67178
65.34	10.68791
65.36	10.7044
65.38	10.72129
65.4	10.75609
65.42	10.76358
65.44	10.76389
65.46	10.76389
65.48	10.76366
65.5	10.76348
65.52	10.76328
65.54	10.61808
65.56	10.49886
65.58	10.46902
65.6	10.37043
65.62	10.34417
65.64	10.26754
65.66	10.24469
65.68	10.19266
65.7	10.15201
65.72	10.15052
65.74	10.12985
65.76	10.11864
65.78	10.07863
65.8	10.08133
65.82	10.04364
65.84	10.00631
65.86	9.707253
65.88	9.538466
65.9	9.570536
65.92	9.577646
65.94	9.578333
65.96	9.577655
65.98	9.57668
66	9.574526
66.02	9.573399
66.04	9.572243
66.06	9.57106
66.08	9.569854
66.1	9.568618
66.12	9.567355
66.14	9.564747
66.16	9.563402
66.18	9.562036
66.2	9.560641
66.22	9.559221
66.24	9.557774
66.26	9.556299
66.28	9.553277
66.3	9.551728
66.32	9.550154
66.34	9.548553
66.36	9.546932
66.38	9.545286
66.4	9.543613
66.42	9.540195
66.44	9.538453
66.46	9.536687
66.48	9.534897
66.5	9.533082
66.52	9.531249
66.54	9.529392
66.56	9.525608
66.58	9.523686
66.6	9.521741
66.62	9.519773
66.64	9.517788
66.66	9.51578
66.68	9.513751
66.7	9.511701
66.72	9.507545
66.74	9.505437
66.76	9.50325
66.78	9.50054
66.8	9.497788
66.82	9.494978
66.84	9.49209
66.86	9.489192
66.88	9.486261
66.9	9.480277
66.92	9.477246
66.94	9.474191
66.96	9.47109
66.98	9.467964
67	9.464814
67.02	9.461614
67.04	9.455152
67.06	9.451886
67.08	9.448572
67.1	9.44524
67.12	9.441886
67.14	9.438476
67.16	9.435056
67.18	9.431611
67.2	9.428147
67.22	9.421105
67.24	9.417534
67.26	9.413942
67.28	9.410335
67.3	9.406687
67.32	9.403021
67.34	9.39934
67.36	9.395597
67.38	9.391859
67.4	9.384294
67.42	9.380476
67.44	9.376646
67.46	9.372749
67.48	9.368867
67.5	9.364959
67.52	9.357051
67.54	9.353045
67.56	9.349036
67.58	9.345016
67.6	9.34095
67.62	9.336882
67.64	9.341477
67.66	9.347908
67.68	9.342445
67.7	9.336553
67.72	9.33025
67.74	9.323561
67.76	9.316517
67.78	9.309151
67.8	9.293009
67.82	9.289643
67.84	9.313328
67.86	9.340322
67.88	9.370407
67.9	9.403374
67.92	9.439013
67.94	9.477129
67.96	9.517526
67.98	9.580219
68	9.535998
68.02	9.551805
68.04	9.505581
68.06	9.519648
68.08	9.471524
68.1	9.484035
68.12	9.445359
68.14	9.394001
68.16	9.416116
68.18	9.437366
68.2	9.457547
68.22	9.351748
68.24	9.364472
68.26	9.2651
68.28	9.270221
68.3	9.175675
68.32	9.092212
68.34	8.973345
68.36	8.975129
68.38	8.986234
68.4	8.984022
68.42	8.974474
68.44	8.96535
68.46	8.956672
68.48	8.940773
