129.9	3.850231
129.92	6.4306
129.94	7.560236
129.96	7.538916
129.98	7.52726
130	7.516243
130.02	7.548894
130.04	7.982
130.06	8.125066
130.08	8.189981
130.1	8.284037
130.12	8.400057
130.14	8.532564
130.16	8.679412
130.18	9.01166
130.2	9.195144
130.22	9.388968
130.24	9.59225
130.26	9.665339
130.28	9.735239
130.3	9.804204
130.32	9.873838
130.34	9.943936
130.36	10.08559
130.38	10.157
130.4	10.22871
130.42	10.30066
130.44	10.59666
130.46	10.91084
130.48	11.23522
130.5	11.56642
130.52	11.9235
130.54	12.00976
130.56	11.98973
130.58	12.04965
130.6	11.52445
130.62	11.74116
130.64	11.34297
130.66	11.33017
130.68	11.63549
130.7	11.33624
130.72	11.622
130.74	11.34611
130.76	11.61222
130.78	11.35558
130.8	11.59976
130.82	11.35536
130.84	11.56791
130.86	11.3239
130.88	11.56903
130.9	11.5746
130.92	11.35504
130.94	11.488
130.96	11.27081
130.98	11.38901
131	11.19343
131.02	11.28965
131.04	11.11272
131.06	11.18946
131.08	11.03296
131.1	10.47011
131.12	9.875772
131.14	10.00149
131.16	9.488006
131.18	9.623683
131.2	9.205745
131.22	9.351353
131.24	9.042685
131.26	9.009209
131.28	9.17245
131.3	9.110685
131.32	9.280675
131.34	9.34664
131.36	9.521675
131.38	9.638017
131.4	9.779101
131.42	9.947129
131.44	9.725477
131.46	9.675352
131.48	9.654133
131.5	9.631855
131.52	9.608557
131.54	9.584281
131.56	9.559077
131.58	9.532997
131.6	9.506101
131.62	9.450116
131.64	9.421172
131.66	9.402501
131.68	9.386426
131.7	9.366962
131.72	9.346536
131.74	9.325614
131.76	9.304296
131.78	9.282619
131.8	9.238153
131.82	9.21538
131.84	9.192238
131.86	9.168727
131.88	9.144859
131.9	9.120625
131.92	9.096023
131.94	9.071064
131.96	9.045734
131.98	8.99399
132	8.967574
132.02	8.940794
132.04	8.913652
132.06	8.886147
132.08	8.858282
132.1	8.830053
132.12	8.801464
132.14	8.772511
132.16	8.743199
132.18	8.713524
132.2	8.68349
132.22	8.622337
132.24	8.59122
132.26	8.559743
132.28	8.527905
132.3	8.49571
132.32	8.463154
132.34	8.430239
132.36	8.363331
132.38	8.329339
132.4	8.29499
132.42	8.260282
132.44	8.225217
132.46	8.189793
132.48	8.154012
132.5	8.117874
132.52	8.04453
132.54	8.007323
132.56	7.96976
132.58	7.931842
132.6	7.893569
132.62	7.854941
132.64	7.815958
132.66	7.73693
132.68	7.696886
132.7	7.656488
132.72	7.615737
132.74	7.574635
132.76	7.533179
132.78	7.491372
132.8	7.449214
132.82	7.406705
132.84	7.363845
132.86	7.320635
132.88	7.233167
132.9	7.188909
132.92	7.144304
132.94	7.09935
132.96	7.05405
132.98	7.008402
133	6.962409
133.02	6.91607
133.04	6.822356
133.06	6.774984
133.08	6.727269
133.1	6.679212
133.12	6.630812
133.14	6.582071
133.16	6.532991
133.18	6.48357
133.2	6.383713
133.22	6.333278
133.24	6.282506
133.26	6.2314
133.28	6.179958
133.3	6.128184
133.32	6.076077
133.34	6.023638
133.36	5.970868
133.38	5.962448
133.4	6.005148
133.42	5.93522
133.44	5.773106
133.46	5.835552
133.48	5.663104
133.5	5.728396
133.52	5.550689
133.54	5.618578
133.56	5.436524
133.58	5.507115
133.6	5.32076
133.62	5.394239
133.64	5.280026
133.66	5.084594
133.68	5.164522
133.7	4.964241
133.72	5.047771
133.74	4.842406
133.76	4.92982
133.78	4.719119
133.8	4.810721
133.82	4.594409
133.84	4.690534
133.86	4.468313
133.88	4.569323
133.9	4.340871
133.92	4.447165
133.94	4.324142
133.96	4.082138
133.98	4.200351
134	3.950959
134.02	4.075901
134.04	3.818661
134.06	3.950915
134.08	3.685327
134.1	3.825536
134.12	3.551049
134.14	3.699929
134.16	3.574284
134.18	3.280131
134.2	3.448819
134.22	3.143778
134.24	3.323791
134.26	3.007068
134.28	3.199498
134.3	2.870228
134.32	3.076288
134.34	2.733531
134.36	2.95457
134.38	2.834823
134.4	2.461982
134.42	2.717611
134.44	2.328054
134.46	2.603597
134.48	2.196164
134.5	2.493556
134.52	2.067112
134.54	2.388393
134.56	1.941904
134.58	2.289157
134.6	2.197044
134.62	1.708403
134.64	2.113399
134.66	1.603669
134.68	2.039699
134.7	1.509791
134.72	1.977056
134.74	1.909249
134.76	1.332667
134.78	1.840719
134.8	1.253534
134.82	1.779307
134.84	1.200251
134.86	1.748792
134.88	1.200207
134.9	1.243693
134.92	1.844265
134.94	1.291872
134.96	1.888889
134.98	1.344237
135	1.931745
135.02	1.414392
135.04	2.003686
135.06	1.503387
135.08	2.079349
135.1	1.59683
135.12	2.153421
135.14	1.698295
135.16	2.239488
135.18	2.337599
135.2	1.936868
135.22	2.445334
135.24	2.069537
135.26	2.561567
135.28	2.209446
135.3	2.685473
135.32	2.355672
135.34	2.816345
135.36	2.507464
135.38	2.664209
135.4	3.096562
135.42	2.825402
135.44	3.24487
135.46	2.990631
135.48	3.39806
135.5	3.159555
135.52	3.331892
135.54	3.71765
135.56	3.507406
135.58	3.883449
135.6	3.685902
135.62	4.052911
135.64	3.867214
135.66	4.225824
135.68	4.051202
135.7	4.402001
135.72	4.581279
135.74	4.42675
135.76	4.763515
135.78	4.61812
135.8	4.948583
135.82	4.811784
135.84	5.136371
135.86	5.007676
135.88	5.326783
135.9	5.205739
135.92	5.51973
135.94	5.715136
135.96	5.608189
135.98	5.912932
136	5.812494
136.02	6.113057
136.04	6.018805
136.06	6.315454
136.08	6.227093
136.1	6.520077
136.12	6.43733
136.14	6.726878
136.16	6.649492
136.18	6.863559
136.2	7.146864
136.22	7.079512
136.24	7.35998
136.26	7.297332
136.28	7.575137
136.3	7.517004
136.32	7.792308
136.34	7.738514
136.36	8.011468
136.38	7.96185
136.4	8.232595
136.42	8.455668
136.44	8.41395
136.46	8.68067
136.48	8.642694
136.5	8.907581
136.52	8.873221
136.54	9.136386
136.56	9.105525
136.58	9.339596
136.6	9.59962
136.62	9.575428
136.64	9.834023
136.66	9.813013
136.68	10.07027
136.7	10.05235
136.72	10.29342
136.74	10.54824
136.76	10.53624
136.78	10.73896
136.8	10.68109
136.82	10.78874
136.84	10.66087
136.86	10.77297
136.88	10.76244
136.9	10.75206
136.92	10.73126
136.94	10.72086
136.96	10.71049
136.98	10.70015
137	10.68988
137.02	10.67971
137.04	10.66966
137.06	10.65978
137.08	10.65011
137.1	10.6407
137.12	10.67125
137.14	10.70701
137.16	10.75562
137.18	10.75576
137.2	10.76209
137.22	10.76836
137.24	10.77441
137.26	10.77975
137.28	10.78701
137.3	10.78576
137.32	10.78201
137.34	10.7784
137.36	10.77497
137.38	10.77175
137.4	10.76892
137.42	10.76638
137.44	10.76404
137.46	10.7619
137.48	10.76015
137.5	10.75871
137.52	10.75745
137.54	10.75653
137.56	10.75545
137.58	10.75528
137.6	10.75546
137.62	10.75582
137.64	10.75657
137.66	10.7575
137.68	10.76081
137.7	10.76292
137.72	10.76492
137.74	10.76826
137.76