0.02	3.5486
0.04	4.011251
0.06	4.509704
0.08	5.574952
0.1	6.129628
0.12	6.693869
0.14	7.265163
0.16	7.715343
0.18	7.703917
0.2	7.712715
0.22	7.921931
0.24	8.33947
0.26	8.555212
0.28	8.565199
0.3	8.588186
0.32	8.615394
0.34	8.644918
0.36	8.676414
0.38	8.709851
0.4	8.745263
0.42	8.822186
0.44	8.863799
0.46	8.90758
0.48	8.953583
0.5	9.001859
0.52	9.052462
0.54	9.105444
0.56	9.21876
0.58	9.279201
0.6	9.342232
0.62	9.407907
0.64	9.476276
0.66	9.547393
0.68	9.621305
0.7	9.698065
0.72	9.777717
0.74	9.860311
0.76	9.94589
0.78	10.08238
0.8	10.13645
0.82	10.19282
0.84	10.25229
0.86	10.26532
0.88	10.26457
0.9	10.27153
0.92	10.28173
0.94	10.29425
0.96	10.30545
0.98	10.31339
1	10.33594
1.02	10.35011
1.04	10.36572
1.06	10.38272
1.08	10.40101
1.1	10.42066
1.12	10.43704
1.14	10.4304
1.16	10.42028
1.18	10.41001
1.2	10.39052
1.22	10.38126
1.24	10.37228
1.26	10.36357
1.28	10.35514
1.3	10.37398
1.32	10.38075
1.34	10.38122
1.36	10.37964
1.38	10.37776
1.4	10.37421
1.42	10.37243
1.44	10.37059
1.46	10.3687
1.48	10.38134
1.5	10.39285
1.52	10.4103
1.54	10.43072
1.56	10.45329
1.58	10.47781
1.6	10.50423
1.62	10.53254
1.64	10.56276
1.66	10.59493
1.68	10.57482
1.7	10.58161
1.72	10.59561
1.74	10.61175
1.76	10.64616
1.78	10.66398
1.8	10.68217
1.82	10.70071
1.84	10.71961
1.86	10.81432
1.88	10.87717
1.9	10.93297
1.92	10.9883
1.94	11.04602
1.96	11.10628
1.98	11.16914
2	11.30322
2.02	11.37431
2.04	11.49545
2.06	11.61553
2.08	11.73888
2.1	11.81974
2.12	11.8689
2.14	11.99137
2.16	12.04303
2.18	12.09018
2.2	12.13443
2.22	12.01382
2.24	11.94291
2.26	11.91106
2.28	11.2214
2.3	11.38514
2.32	10.76899
2.34	10.93011
2.36	10.35871
2.38	9.983494
2.4	10.11593
2.42	9.653509
2.44	9.771486
2.46	9.383537
2.48	9.488483
2.5	9.12893
2.52	9.301748
2.54	9.008341
2.56	9.172495
2.58	8.951477
2.6	9.106004
2.62	8.958116
2.64	8.984164
2.66	9.163719
2.68	9.019006
2.7	9.203668
2.72	9.062131
2.74	9.250475
2.76	9.113101
2.78	9.172641
2.8	9.237751
2.82	9.304937
2.84	9.308744
2.86	9.378295
2.88	9.386498
2.9	9.457683
2.92	9.470541
2.94	9.54303
2.96	9.497911
2.98	9.625868
3	9.711516
3.02	9.590221
3.04	9.560503
3.06	9.446478
3.08	9.469076
3.1	9.346815
3.12	9.394238
3.14	9.395279
3.16	9.401747
3.18	9.409256
3.2	9.418363
3.22	9.428044
3.24	9.445115
3.26	9.451053
3.28	9.455161
3.3	9.457372
3.32	9.37405
3.34	9.31304
3.36	9.292921
3.38	9.277926
3.4	9.295577
3.42	9.247274
3.44	9.26669
3.46	9.21006
3.48	9.229692
3.5	9.211497
3.52	9.181809
3.54	9.221298
3.56	9.194066
3.58	9.232958
3.6	9.205953
3.62	9.244281
3.64	9.216988
3.66	9.165172
3.68	9.115421
3.7	9.109166
3.72	9.059216
3.74	9.051204
3.76	9.000972
3.78	8.991744
3.8	8.941222
3.82	8.930883
3.84	8.880081
3.86	8.868648
3.88	8.803185
3.9	8.754278
3.92	8.767143
3.94	8.702331
3.96	8.711753
3.98	8.646902
4	8.652712
4.02	8.587624
4.04	8.45205
4.06	8.496082
4.08	8.359678
4.1	8.413589
4.12	8.25564
4.14	8.313132
4.16	8.148219
4.18	8.208193
4.2	8.037509
4.22	8.098864
4.24	7.905063
4.26	7.969743
4.28	7.837252
4.3	7.631364
4.32	7.701747
4.34	7.492561
4.36	7.563693
4.38	7.353223
4.4	7.195393
4.42	7.253306
4.44	7.100534
4.46	7.145336
4.48	7.018903
4.5	7.078441
4.52	6.96492
4.54	7.033964
4.56	6.896626
4.58	6.89552
4.6	6.826612
4.62	6.76244
4.64	6.747444
4.66	6.682085
4.68	6.664746
4.7	6.598679
4.72	6.578732
4.74	6.519001
4.76	6.504198
4.78	6.471664
4.8	6.382115
4.82	6.408303
4.84	6.310574
4.86	6.337955
4.88	6.237719
4.9	6.265993
4.92	6.164399
4.94	6.193517
4.96	6.091716
4.98	6.115731
5	6.012623
5.02	6.034513
5.04	5.93719
5.06	5.863095
5.08	5.889886
5.1	5.788472
5.12	5.816096
5.14	5.716327
5.16	5.754784
5.18	5.643032
5.2	5.683123
5.22	5.609088
5.24	5.491955
5.26	5.534337
5.28	5.415699
5.3	5.459205
5.32	5.360571
5.34	5.381272
5.36	5.280649
5.38	5.298377
5.4	5.196414
5.42	5.210627
5.44	5.108075
5.46	5.028127
5.48	5.046751
5.5	4.939655
5.52	4.984239
5.54	4.86607
5.56	4.913296
5.58	4.788393
5.6	4.837251
5.62	4.709662
5.64	4.759993
5.66	4.630514
5.68	4.577961
5.7	4.597916
5.72	4.492623
5.74	4.511793
5.76	4.411749
5.78	4.43533
5.8	4.332293
5.82	4.357296
5.84	4.252429
5.86	4.278861
5.88	4.178164
5.9	4.110587
5.92	4.228677
5.94	4.032443
5.96	4.157143
5.98	3.9536
6	3.873004
6.02	4.003413
6.04	3.78957
6.06	3.958412
6.08	3.71327
6.1	3.888872
6.12	3.633561
6.14	3.814465
6.16	3.55331
6.18	3.739394
6.2	3.473185
6.22	3.393407
6.24	3.590378
6.26	3.314113
6.28	3.518531
6.3	3.236446
6.32	3.445224
6.34	3.373458
6.36	3.081442
6.38	3.302971
6.4	3.005548
6.42	3.233853
6.44	2.930947
6.46	3.166277
6.48	3.10045
6.5	2.786518
6.52	3.036597
6.54	2.717196
6.56	2.974965
6.58	2.650184
6.6	2.5858
6.62	2.859435
6.64	2.524394
6.66	2.80612
6.68	2.466339
6.7	2.756186
6.72	2.412037
6.74	2.361912
6.76	2.667796
6.78	2.316408
6.8	2.630027
6.82	2.275979
6.84	2.597007
6.86	2.241083
6.88	2.569081
6.9	2.212171
6.92	2.546583
6.94	2.189675
6.96	2.529825
6.98	2.519097
7	2.165477
7.02	2.514652
7.04	2.164415
7.06	2.516701
7.08	2.171029
7.1	2.525409
7.12	2.185458
7.14	2.54089
7.16	2.207762
7.18	2.563205
7.2	2.237915
7.22	2.592361
7.24	2.275818
7.26	2.321301
7.28	2.670976
7.3	2.374135
7.32	2.720212
7.34	2.435327
7.36	2.779942
7.38	2.50308
7.4	2.577315
7.42	2.911315
7.44	2.657475
7.46	2.983184
7.48	2.742323
7.5	3.06198
7.52	2.832724
7.54	3.146252
7.56	2.928194
7.58	3.235526
7.6	3.028404
7.62	3.329522
7.64	3.133071
7.66	3.241935
7.68	3.530765
7.7	3.354755
7.72	3.637589
7.74	3.471313
7.76	3.748284
7.78	3.591404
7.8	3.86267
7.82	3.715517
7.84	3.982321
7.86	3.842257
7.88	4.102616
7.9	3.971701
7.92	4.104122
7.94	4.354275
7.96	4.239316
7.98	4.484684
8	4.377154
8.02	4.617931
8.04	4.51753
8.06	4.753905
8.08	4.660352
8.1	4.892509
8.12	4.805532
8.14	5.033653
8.16	4.952995
8.18	5.10267
8.2	5.323237
8.22	5.254494
8.24	5.471532
8.26	5.408407
8.28	5.622075
8.3	5.564359
8.32	5.774806
8.34	5.722301
8.36	5.929673
8.38	5.882188
8.4	6.086625
8.42	6.043982
8.44	6.245615
8.46	6.207644
8.48	6.406603
8.5	6.373143
8.52	6.569547
8.54	6.540446
8.56	6.709526
8.58	6.83312
8.6	6.829463
8.62	6.843527
8.64	6.857368
8.66	6.871051
8.68	6.884644
8.7	6.898225
8.72	6.911874
8.74	6.925681
8.76	6.93974
8.78	6.969017
8.8	6.984452
8.82	7.005592
8.84	7.029684
8.86	7.051155
8.88	7.072491
8.9	7.094062
8.92	7.116082
8.94	7.138452
8.96	7.161294
8.98	7.184494
9	7.208168
9.02	7.256708
9.04	7.281575
9.06	7.30692
9.08	7.332623
9.1	7.358806
9.12	7.385348
9.14	7.41237
9.16	7.439753
9.18	7.467615
9.2	7.49584
9.22	7.524545
9.24	7.571282
9.26	7.586173
9.28	7.599659
9.3	7.612608
9.32	7.625086
9.34	7.637274
9.36	7.60819
9.38	7.583057
9.4	7.559538
9.42	7.549471
9.44	7.558828
9.46	7.567741
9.48	7.584435
9.5	7.592331
9.52	7.600012
9.54	7.607549
9.56	7.615019
9.58	7.622507
9.6	7.6301
9.62	7.647027
9.64	7.663601
9.66	7.679938
9.68	7.713244
9.7	7.730226
9.72	7.747327
9.74	7.764698
9.76	7.782187
9.78	7.799945
9.8	7.817821
9.82	7.835962
9.84	7.854223
9.86	7.872746
9.88	7.891387
9.9	7.91029
9.92	7.929312
9.94	7.967991
9.96	7.987648
9.98	8.007421
10	8.02745
10.02	8.047596
10.04	8.067996
10.06	8.088513
10.08	8.109282
10.1	8.130167
10.12	8.151302
10.14	8.172553
10.16	8.194052
10.18	8.215667
10.2	8.259502
10.22	8.281723
10.24	8.304058
10.26	8.326635
10.28	8.349328
10.3	8.372261
10.32	8.395308
10.34	8.418592
10.36	8.441993
10.38	8.465628
10.4	8.513361
10.42	8.537459
10.44	8.561789
10.46	8.586232
10.48	8.610907
10.5	8.635695
10.52	8.660709
10.54	8.685839
10.56	8.711193
10.58	8.736661
10.6	8.788158
10.62	8.814186
10.64	8.840326
10.66	8.866687
10.68	8.892709
10.7	8.919243
10.72	8.946044
10.74	8.97305
10.76	9.000179
10.78	9.054984
10.8	9.082656
10.82	9.110439
10.84	9.138074
10.86	9.166171
10.88	9.194485
10.9	9.222911
10.92	9.251545
10.94	9.306318
10.96	9.325209
10.98	9.343411
11	9.361301
11.02	9.378888
11.04	9.365555
11.06	9.3656
11.08	9.381892
11.1	9.397867
11.12	9.413545
11.14	9.428951
11.16	9.44412
11.18	9.47819
11.2	9.497238
11.22	9.516314
11.24	9.53558
11.26	9.554922
11.28	9.574463
11.3	9.594083
11.32	9.6139
11.34	9.65389
11.36	9.674062
11.38	9.694429
11.4	9.714875
11.42	9.735516
11.44	9.756234
11.46	9.777146
11.48	9.81932
11.5	9.840582
11.52	9.862034
11.54	9.883565
11.56	9.905285
11.58	9.927085
11.6	9.949073
11.62	9.993393
11.64	10.01573
11.66	10.03824
11.68	10.06084
11.7	10.08362
11.72	10.10649
11.74	10.12953
11.76	10.15266
11.78	10.17596
11.8	10.19935
11.82	10.24656
11.84	10.27038
11.86	10.29429
11.88	10.31837
11.9	10.34254
11.92	10.38418
11.94	10.40428
11.96	10.4239
11.98	10.44309
12	10.46186
12.02	10.49095
12.04	10.52693
12.06	10.56604
12.08	10.60758
12.1	10.65138
12.12	10.69743
12.14	10.7457
12.16	10.79619
12.18	10.8489
12.2	10.88509
12.22	10.88673
12.24	10.87503
12.26	10.86809
12.28	10.86113
12.3	10.73281
12.32	10.75056
12.34	10.608
12.36	10.49455
12.38	10.48028
12.4	10.48544
12.42	10.42817
12.44	10.42508
12.46	10.37556
12.48	10.3705
12.5	10.32998
12.52	10.32293
12.54	10.29136
12.56	10.28208
12.58	10.23419
12.6	10.15532
12.62	10.03327
12.64	9.987142
12.66	9.917893
12.68	9.874089
12.7	9.811296
12.72	9.770892
12.74	9.715748
12.76	9.646349
12.78	9.626422
12.8	9.524148
12.82	9.453913
12.84	9.372204
12.86	9.279214
12.88	9.308733
12.9	9.132235
12.92	9.185042
12.94	9.264581
12.96	9.345245
12.98	9.426631
13	9.59003
13.02	9.671326
13.04	9.751902
13.06	9.831441
13.08	9.900434
13.1	9.932137
13.12	9.927725
13.14	9.927295
13.16	9.927757
13.18	9.929296
13.2	9.930178
13.22	9.93109
13.24	9.932011
13.26	9.932738
13.28	9.933247
13.3	9.735038
13.32	9.548168
13.34	9.215013
13.36	9.072143
13.38	8.947395
13.4	8.912952
13.42	8.881543
13.44	8.928999
13.46	8.960748
13.48	9.051796
13.5	9.138813
13.52	9.221415
13.54	9.299237
13.56	9.371932
13.58	9.43917
13.6	9.500637
13.62	9.556031
13.64	9.60743
13.66	9.658466
13.68	9.712669
13.7	9.765529
13.72	9.838295
13.74	9.887796
13.76	9.977326
13.78	10.02233
13.8	10.16638
13.82	9.950102
13.84	9.755573
13.86	9.585188
13.88	9.441336
13.9	9.326328
13.92	9.249818
13.94	9.296562
13.96	9.299719
13.98	9.301459
14	9.302943
14.02	9.304404
14.04	9.305888
14.06	9.307405
14.08	9.310539
14.1	9.312157
14.12	9.313807
14.14	9.315489
14.16	9.317203
14.18	9.318949
14.2	9.320724
14.22	9.322531
14.24	9.326184
14.26	9.328054
14.28	9.329954
14.3	9.331882
14.32	9.333838
14.34	9.335822
14.36	9.337834
14.38	9.339873
14.4	9.341939
14.42	9.34615
14.44	9.348337
14.46	9.350547
14.48	9.352781
14.5	9.357325
14.52	9.359633
14.54	9.361966
14.56	9.364323
14.58	9.366756
14.6	9.369209
14.62	9.374185
14.64	9.376706
14.66	9.37925
14.68	9.38189
14.7	9.384548
14.72	9.389929
14.74	9.392653
14.76	9.395396
14.78	9.398227
14.8	9.401074
14.82	9.403941
14.84	9.40683
14.86	9.409813
14.88	9.41281
14.9	9.415827
14.92	9.421922
14.94	9.42507
14.96	9.42823
14.98	9.431411
15	9.434683
15.02	9.437965
15.04	9.441268
15.06	9.44459
15.08	9.447999
15.1	9.454858
15.12	9.458395
15.14	9.461942
15.16	9.465508
15.18	9.469091
15.2	9.472772
15.22	9.47646
15.24	9.480236
15.26	9.48402
15.28	9.487823
15.3	9.495605
15.32	9.499519
15.34	9.503544
15.36	9.507576
15.38	9.541266
15.4	9.573213
15.42	9.578053
15.44	9.594674
15.46	9.603433
15.48	9.612222
15.5	9.621018
15.52	9.629812
15.54	9.638597
15.56	9.647371
15.58	9.656127
15.6	9.683424
15.62	9.706899
15.64	9.715178
15.66	9.724062
15.68	9.727855
15.7	9.730998
15.72	9.733494
15.74	9.733433
15.76	9.732508
15.78	9.731348
15.8	9.729053
15.82	9.727627
15.84	9.72623
15.86	9.724792
15.88	9.723096
15.9	9.719749
15.92	9.7178
15.94	9.7159
15.96	9.713973
15.98	9.711787
16	9.70966
16.02	9.707513
16.04	9.702769
16.06	9.70042
16.08	9.697813
16.1	9.695285
16.12	9.692753
16.14	9.689961
16.16	9.687317
16.18	9.684415
16.2	9.681667
16.22	9.675996
16.24	9.673076
16.26	9.67015
16.28	9.66715
16.3	9.664148
16.32	9.661077
16.34	9.65801
16.36	9.654877
16.38	9.651754
16.4	9.64857
16.42	9.645401
16.44	9.642176
16.46	9.635715
16.48	9.632487
16.5	9.629211
16.52	9.625969
16.54	9.622684
16.56	9.619438
16.58	9.616155
16.6	9.612918
16.62	9.609648
16.64	9.606431
16.66	9.6
16.68	9.596793
16.7	9.593652
16.72	9.590493
16.74	9.587407
16.76	9.584311
16.78	9.581293
16.8	9.578271
16.82	9.575335
16.84	9.569557
16.86	9.566723
16.88	9.563988
16.9	9.561266
16.92	9.558652
16.94	9.556058
16.96	9.551125
16.98	9.548794
17	9.546494
17.02	9.544326
17.04	9.542195
17.06	9.540203
17.08	9.538257
17.1	9.536456
17.12	9.534708
17.14	9.533113
17.16	9.530205
17.18	9.528897
17.2	9.527761
17.22	9.526696
17.24	9.52581
17.26	9.525004
17.28	9.524385
17.3	9.523854
17.32	9.523518
17.34	9.523712
17.36	9.521545
17.38	9.517635
17.4	9.497112
17.42	9.473664
17.44	9.450265
17.46	9.427515
17.48	9.405533
17.5	9.384348
17.52	9.363967
17.54	9.344393
17.56	9.325633
17.58	9.299413
17.6	9.274453
17.62	9.250965
17.64	9.229092
17.66	9.208965
17.68	9.17406
17.7	9.157117
17.72	9.140187
17.74	9.123344
17.76	9.01859
17.78	8.970035
17.8	8.902269
17.82	8.703359
17.84	8.825107
17.86	8.683564
17.88	8.816354
17.9	8.676443
17.92	8.80986
17.94	8.855097
17.96	8.898574
17.98	8.940178
18	8.979797
18.02	9.05267
18.04	9.08573
18.06	9.123739
18.08	9.161764
18.1	9.198921
18.12	9.250224
18.14	9.299355
18.16	9.217339
18.18	9.215323
18.2	9.121263
18.22	9.041944
18.24	9.033077
18.26	8.962368
18.28	8.951044
18.3	8.854777
18.32	8.776095
18.34	8.728117
18.36	8.719229
18.38	8.70707
18.4	8.694117
18.42	8.680902
18.44	8.66755
18.46	8.721559
18.48	8.708852
18.5	8.741507
18.52	8.780972
18.54	8.774142
18.56	8.810455
18.58	8.750344
18.6	8.775738
18.62	8.734687
18.64	8.614622
18.66	8.527832
18.68	8.523336
18.7	8.518256
18.72	8.512597
18.74	8.507093
18.76	8.502343
18.78	8.497648
18.8	8.488087
18.82	8.483467
18.84	8.478785
18.86	8.474001
18.88	8.469234
18.9	8.464656
18.92	8.460021
18.94	8.455518
18.96	8.450927
18.98	8.441934
19	8.437445
19.02	8.432971
19.04	8.428555
19.06	8.42416
19.08	8.41983
19.1	8.415529
19.12	8.407105
19.14	8.402992
19.16	8.39892
19.18	8.394937
19.2	8.391115
19.22	8.387508
19.24	8.380058
19.26	8.376449
19.28	8.372952
19.3	8.369528
19.32	8.366226
19.34	8.359915
19.36	8.356914
19.38	8.354053
19.4	8.351289
19.42	8.348675
19.44	8.346167
19.46	8.343818
19.48	8.339518
19.5	8.337575
19.52	8.335813
19.54	8.334182
19.56	8.33274
19.58	8.33144
19.6	8.316471
19.62	8.307098
19.64	8.297941
19.66	8.288942
19.68	8.280256
19.7	8.271557
19.72	8.253925
19.74	8.245255
19.76	8.236337
19.78	8.22759
19.8	8.218909
19.82	8.210067
19.84	8.200717
19.86	8.191999
19.88	8.183097
19.9	8.164952
19.92	8.156214
19.94	8.147439
19.96	8.138146
19.98	8.129161
20	8.120429
20.02	8.111669
20.04	8.093367
20.06	8.084654
20.08	8.075916
20.1	8.0666
20.12	8.057635
20.14	8.048951
20.16	8.030944
20.18	8.022006
20.2	8.013104
20.22	8.003951
20.24	7.99504
20.26	7.986092
20.28	7.976964
20.3	7.959053
20.32	7.949913
20.34	7.940966
20.36	7.931944
20.38	7.92278
20.4	7.913809
20.42	7.904758
20.44	7.886578
20.46	7.877504
20.48	7.868293
20.5	7.859287
20.52	7.850195
20.54	7.840968
20.56	7.83195
20.58	7.813606
20.6	7.804583
20.62	7.795472
20.64	7.786226
20.66	7.777204
20.68	7.768092
20.7	7.749827
20.72	7.740721
20.74	7.731477
20.76	7.722471
20.78	7.713375
20.8	7.704141
20.82	7.686071
20.84	7.676852
20.86	7.667884
20.88	7.658825
20.9	7.649627
20.92	7.640687
20.94	7.631655
20.96	7.613575
20.98	7.604576
21	7.595436
21.02	7.586566
21.04	7.577605
21.06	7.568501
21.08	7.559676
21.1	7.541698
21.12	7.532922
21.14	7.524054
21.16	7.515041
21.18	7.506319
21.2	7.497506
21.22	7.479886
21.24	7.471131
21.26	7.462232
21.28	7.453636
21.3	7.444947
21.32	7.436112
21.34	7.427587
21.36	7.418969
21.38	7.410203
21.4	7.393213
21.42	7.384522
21.44	7.376155
21.46	7.367695
21.48	7.359085
21.5	7.350804
21.52	7.342431
21.54	7.333906
21.56	7.325717
21.58	7.317436
21.6	7.309002
21.62	7.30091
21.64	7.292726
21.66	7.284388
21.68	7.268316
21.7	7.26008
21.72	7.252197
21.74	7.244222
21.76	7.236093
21.78	7.228322
21.8	7.220459
21.82	7.21244
21.84	7.204787
21.86	7.189139
21.88	7.181608
21.9	7.173985
21.92	7.166204
21.94	7.1588
21.96	7.151303
21.98	7.143648
22	7.136375
22.02	7.129011
22.04	7.11435
22.06	7.107121
22.08	7.099734
22.1	7.092738
22.12	7.08565
22.14	7.078403
22.16	7.071553
22.18	7.06461
22.2	7.057508
22.22	7.044016
22.24	7.037063
22.26	7.030518
22.28	7.02388
22.3	7.017081
22.32	7.010694
22.34	7.004216
22.36	6.991351
22.38	6.985035
22.4	6.978557
22.42	6.9725
22.44	6.966352
22.46	6.960041
22.48	6.954155
22.5	6.942038
22.52	6.936327
22.54	6.930526
22.56	6.924561
22.58	6.919029
22.6	6.913407
22.62	6.90762
22.64	6.902272
22.66	6.896833
22.68	6.891229
22.7	6.886067
22.72	6.880816
22.74	6.870426
22.76	6.865365
22.78	6.860137
22.8	6.85536
22.82	6.845459
22.84	6.840878
22.86	6.836209
22.88	6.831372
22.9	6.826992
22.92	6.822523
22.94	6.817886
22.96	6.813711
22.98	6.809446
23	6.805013
23.02	6.801044
23.04	6.792761
23.06	6.789001
23.08	6.785155
23.1	6.781138
23.12	6.777592
23.14	6.773958
23.16	6.770154
23.18	6.766824
23.2	6.763406
23.22	6.759818
23.24	6.756706
23.26	6.753506
23.28	6.750137
23.3	6.744267
23.32	6.741118
23.34	6.73845
23.36	6.735696
23.38	6.73277
23.4	6.730328
23.42	6.727799
23.44	6.7251
23.46	6.722885
23.48	6.720585
23.5	6.718113
23.52	6.716128
23.54	6.711817
23.56	6.710065
23.58	6.708227
23.6	6.706217
23.62	6.704699
23.64	6.703095
23.66	6.70132
23.68	6.700037
23.7	6.698669
23.72	6.697129
23.74	6.696084
23.76	6.694954
23.78	6.693651
23.8	6.692843
23.82	6.691953
23.84	6.690889
23.86	6.689672
23.88	6.688848
23.9	6.688523
23.92	6.688114
23.94	6.687532
23.96	6.687449
23.98	6.687284
24	6.686944
24.02	6.687104
24.04	6.687182
24.06	6.687087
24.08	6.687492
24.1	6.687815
24.12	6.687964
24.14	6.689183
24.16	6.689578
24.18	6.690473
24.2	6.691288
24.22	6.691929
24.24	6.693071
24.26	6.694133
24.28	6.69641
24.3	6.697718
24.32	6.698853
24.34	6.700489
24.36	6.702045
24.38	6.703428
24.4	6.705312
24.42	6.707115
24.44	6.708745
24.46	6.710876
24.48	6.712928
24.5	6.714805
24.52	6.719483
24.54	6.721608
24.56	6.724235
24.58	6.726781
24.6	6.729154
24.62	6.732027
24.64	6.734821
24.66	6.737441
24.68	6.740561
24.7	6.743602
24.72	6.749835
24.74	6.753123
24.76	6.756235
24.78	6.759847
24.8	6.763381
24.82	6.766739
24.84	6.770597
24.86	6.774375
24.88	6.777979
24.9	6.78208
24.92	6.786104
24.94	6.794297
24.96	6.798564
24.98	6.802656
25	6.807243
25.02	6.811752
25.04	6.816087
25.06	6.820915
25.08	6.830243
25.1	6.835311
25.12	6.840303
25.14	6.845119
25.16	6.850427
25.18	6.855658
25.2	6.860714
25.22	6.86626
25.24	6.871728
25.26	6.877023
25.28	6.882803
25.3	6.888509
25.32	6.89404
25.34	6.905997
25.36	6.911763
25.38	6.918013
25.4	6.924187
25.42	6.930186
25.44	6.936668
25.46	6.943074
25.48	6.956017
25.5	6.962653
25.52	6.969115
25.54	6.976056
25.56	6.982921
25.58	6.989611
25.6	6.996778
25.62	7.00387
25.64	7.010787
25.66	7.018179
25.68	7.025496
25.7	7.032638
25.72	7.047793
25.74	7.055159
25.76	7.062994
25.78	7.070755
25.8	7.078341
25.82	7.086396
25.84	7.094376
25.86	7.102182
25.88	7.110454
25.9	7.118651
25.92	7.126675
25.94	7.135161
25.96	7.151812
25.98	7.160511
26	7.169137
26.02	7.177589
26.04	7.186498
26.06	7.195333
26.08	7.203997
26.1	7.213115
26.12	7.22216
26.14	7.231032
26.16	7.240356
26.18	7.249607
26.2	7.258685
26.22	7.268214
26.24	7.277669
26.26	7.286952
26.28	7.296683
26.3	7.30634
26.32	7.315825
26.34	7.335611
26.36	7.345296
26.38	7.355423
26.4	7.365477
26.42	7.37536
26.44	7.385682
26.46	7.395931
26.48	7.406008
26.5	7.416523
26.52	7.426965
26.54	7.437235
26.56	7.44794
26.58	7.458572
26.6	7.469034
26.62	7.479926
26.64	7.490746
26.66	7.512474
26.68	7.523481
26.7	7.534317
26.72	7.545578
26.74	7.556767
26.76	7.567787
26.78	7.579228
26.8	7.590599
26.82	7.613779
26.84	7.625
26.86	7.637137
26.88	7.628617
26.9	7.597352
26.92	7.55736
26.94	7.59604
26.96	7.629446
26.98	7.662679
27	7.728323
27.02	7.76059
27.04	7.792761
27.06	7.825107
27.08	7.857537
27.1	7.873078
27.12	7.889129
27.14	7.905583
27.16	7.939244
27.18	7.956437
27.2	7.973963
27.22	7.991681
27.24	8.009729
27.26	8.027969
27.28	8.046535
27.3	8.065292
27.32	8.103642
27.34	8.123232
27.36	8.143011
27.38	8.163107
27.4	8.183391
27.42	8.203988
27.44	8.224576
27.46	8.249603
27.48	8.253948
27.5	8.258076
27.52	8.263014
27.54	8.2689
27.56	8.281539
27.58	8.293842
27.6	8.305851
27.62	8.317611
27.64	8.329172
27.66	8.34642
27.68	8.363297
27.7	8.37981
27.72	8.412148
27.74	8.42966
27.76	8.447106
27.78	8.465082
27.8	8.482845
27.82	8.501097
27.84	8.519135
27.86	8.555957
27.88	8.574731
27.9	8.593304
27.92	8.612333
27.94	8.631168
27.96	8.65045
27.98	8.669543
28	8.689073
28.02	8.708422
28.04	8.747796
28.06	8.767813
28.08	8.787661
28.1	8.807916
28.12	8.828009
28.14	8.848498
28.16	8.868834
28.18	8.885504
28.2	8.901341
28.22	8.916741
28.24	8.932186
28.26	8.947622
28.28	8.962815
28.3	8.977931
28.32	8.993189
28.34	9.008283
28.36	9.038327
28.38	9.053314
28.4	9.068103
28.42	9.083098
28.44	9.097974
28.46	9.112646
28.48	9.127524
28.5	9.156854
28.52	9.171619
28.54	9.186275
28.56	9.200733
28.58	9.215386
28.6	9.229935
28.62	9.244288
28.64	9.258832
28.66	9.273274
28.68	9.287525
28.7	9.301961
28.72	9.316297
28.74	9.330446
28.76	9.344775
28.78	9.359007
28.8	9.373056
28.82	9.401407
28.84	9.415358
28.86	9.429476
28.88	9.443183
28.9	9.456788
28.92	9.470861
28.94	9.484765
28.96	9.498438
28.98	9.512299
29	9.526087
29.02	9.539691
29.04	9.552988
29.06	9.580158
29.08	9.593786
29.1	9.607332
29.12	9.620354
29.14	9.633831
29.16	9.647249
29.18	9.660595
29.2	9.674033
29.22	9.687371
29.24	9.700584
29.26	9.713917
29.28	9.727165
29.3	9.740273
29.32	9.753506
29.34	9.779675
29.36	9.792814
29.38	9.805879
29.4	9.818801
29.42	9.831847
29.44	9.844822
29.46	9.857656
29.48	9.870609
29.5	9.883494
29.52	9.89624
29.54	9.909104
29.56	9.9219
29.58	9.934559
29.6	9.96004
29.62	9.972613
29.64	9.9853
29.66	9.99792
29.68	10.01041
29.7	10.02301
29.72	10.03554
29.74	10.04795
29.76	10.06046
29.78	10.0729
29.8	10.09765
29.82	10.11001
29.84	10.12225
29.86	10.13459
29.88	10.14687
29.9	10.15903
29.92	10.17128
29.94	10.18348
29.96	10.19555
29.98	10.20772
30	10.21983
30.02	10.23183
30.04	10.24391
30.06	10.25602
30.08	10.26775
30.1	10.29161
30.12	10.30344
30.14	10.31534
30.16	10.32709
30.18	10.3384
30.2	10.35016
30.22	10.36176
30.24	10.37312
30.26	10.38464
30.28	10.3962
30.3	10.40772
30.32	10.41882
30.34	10.44146
30.36	10.45276
30.38	10.46365
30.4	10.47474
30.42	10.48588
30.44	10.49698
30.46	10.50768
30.48	10.51857
30.5	10.54042
30.52	10.55093
30.54	10.56163
30.56	10.57238
30.58	10.5831
30.6	10.59344
30.62	10.60396
30.64	10.61453
30.66	10.62507
30.68	10.63524
30.7	10.65598
30.72	10.66634
30.74	10.67636
30.76	10.68653
30.78	10.69676
30.8	10.70695
30.82	10.71681
30.84	10.72682
30.86	10.74692
30.88	10.75662
30.9	10.76648
30.92	10.77638
30.94	10.78626
30.96	10.79582
30.98	10.80565
31	10.81533
31.02	10.81872
31.04	10.81554
31.06	10.81217
31.08	10.80885
31.1	10.80558
31.12	10.79932
31.14	10.79633
31.16	10.79342
31.18	10.79055
31.2	10.78778
31.22	10.78509
31.24	10.78248
31.26	10.77996
31.28	10.77518
31.3	10.77289
31.32	10.77068
31.34	10.76855
31.36	10.76651
31.38	10.76455
31.4	10.76088
31.42	10.75916
31.44	10.7575
31.46	10.75592
31.48	10.75442
31.5	10.753
31.52	10.75166
31.54	10.74922
31.56	10.74812
31.58	10.7471
31.6	10.74616
31.62	10.74529
31.64	10.7445
31.66	10.7438
31.68	10.74317
31.7	10.74261
31.72	10.74174
31.74	10.74142
31.76	10.74117
31.78	10.74101
31.8	10.74091
31.82	10.7409
31.84	10.74096
31.86	10.7411
31.88	10.7416
31.9	10.74199
31.92	10.74245
31.94	10.74298
31.96	10.7436
31.98	10.74429
32	10.74589
32.02	10.7468
32.04	10.74779
32.06	10.7489
32.08	10.75009
32.1	10.75135
32.12	10.75268
32.14	10.75558
32.16	10.75717
32.18	10.75884
32.2	10.76058
32.22	10.76239
32.24	10.76432
32.26	10.76632
32.28	10.76854
32.3	10.76937
32.32	10.77057
32.34	10.77106
32.36	10.77151
32.38	10.77195
32.4	10.77237
32.42	10.77278
32.44	10.77319
32.46	10.77359
32.48	10.77435
32.5	10.77473
32.52	10.77509
32.54	10.77545
32.56	10.77579
32.58	10.77613
32.6	10.77646
32.62	10.7771
32.64	10.61185
32.66	10.42512
32.68	10.23232
32.7	10.29702
32.72	10.23397
32.74	10.18751
32.76	10.00067
32.78	9.946608
32.8	9.554759
32.82	9.860757
32.84	9.481295
32.86	9.831396
32.88	9.460709
32.9	9.381289
32.92	9.307525
32.94	9.23982
32.96	9.210193
32.98	9.214
33	9.213071
33.02	9.211074
33.04	9.208768
33.06	9.206307
33.08	9.203723
33.1	9.201021
33.12	9.195263
33.14	9.192208
33.16	9.189038
33.18	9.185753
33.2	9.182347
33.22	9.178828
33.24	9.175194
33.26	9.171446
33.28	9.167584
33.3	9.15951
33.32	9.155303
33.34	9.150978
33.36	9.146542
33.38	9.141993
33.4	9.137333
33.42	9.132555
33.44	9.127667
33.46	9.122669
33.48	9.117554
33.5	9.106995
33.52	9.10155
33.54	9.095991
33.56	9.090323
33.58	9.084541
33.6	9.078652
33.62	9.072656
33.64	9.066547
33.66	9.060331
33.68	9.054009
33.7	9.047574
33.72	9.034389
33.74	9.027633
33.76	9.020773
33.78	9.013803
33.8	9.00673
33.82	8.999554
33.84	8.99227
33.86	8.977389
33.88	8.969794
33.9	8.962099
33.92	8.954298
33.94	8.946392
33.96	8.938389
33.98	8.930282
34	8.922077
34.02	8.905363
34.04	8.896856
34.06	8.888255
34.08	8.879551
34.1	8.870752
34.12	8.920913
34.14	8.983064
34.16	9.059994
34.18	9.147269
34.2	9.244278
34.22	9.189301
34.24	9.288604
34.26	9.209213
34.28	9.190444
34.3	9.170814
34.32	9.150373
34.34	9.129179
34.36	9.107292
34.38	9.084782
34.4	9.061719
34.42	9.038183
34.44	8.990036
34.46	8.965612
34.48	8.941091
34.5	8.916578
34.52	8.892193
34.54	8.868055
34.56	8.821046
34.58	8.798451
34.6	8.776657
34.62	8.755821
34.64	8.736103
34.66	8.733112
34.68	8.729817
34.7	8.72622
34.72	8.722317
34.74	8.718111
34.76	8.714258
34.78	8.7107
34.8	8.70415
34.82	8.701179
34.84	8.698379
34.86	8.695775
34.88	8.693367
34.9	8.691162
34.92	8.689158
34.94	8.685776
34.96	8.684402
34.98	8.683242
35	8.682302
35.02	8.681582
35.04	8.68109
35.06	8.680822
35.08	8.680789
35.1	8.681425
35.12	8.6821
35.14	8.683023
35.16	8.684191
35.18	8.685612
35.2	8.687283
35.22	8.691402
35.24	8.693859
35.26	8.696578
35.28	8.699573
35.3	8.702836
35.32	8.706381
35.34	8.710201
35.36	8.718705
35.38	8.723393
35.4	8.728372
35.42	8.733651
35.44	8.739229
35.46	8.745114
35.48	8.757809
35.5	8.764625
35.52	8.762015
35.54	8.756991
35.56	8.751588
35.58	8.746206
35.6	8.740899
35.62	8.735673
35.64	8.730517
35.66	8.725411
35.68	8.71539
35.7	8.710478
35.72	8.705626
35.74	8.700849
35.76	8.696135
35.78	8.691502
35.8	8.686935
35.82	8.682453
35.84	8.678043
35.86	8.669477
35.88	8.665323
35.9	8.661251
35.92	8.657277
35.94	8.653385
35.96	8.649597
35.98	8.645897
36	8.642304
36.02	8.638803
36.04	8.635415
36.06	8.628947
36.08	8.625873
36.1	8.622919
36.12	8.620071
36.14	8.61735
36.16	8.614737
36.18	8.612255
36.2	8.609887
36.22	8.605542
36.24	8.603569
36.26	8.601718
36.28	8.600013
36.3	8.598434
36.32	8.597008
36.34	8.59571
36.36	8.594569
36.38	8.593563
36.4	8.592718
36.42	8.591471
36.44	8.591073
36.46	8.590847
36.48	8.590769
36.5	8.590866
36.52	8.591115
36.54	8.591545
36.56	8.59213
36.58	8.592901
36.6	8.594955
36.62	8.596242
36.64	8.597724
36.66	8.599375
36.68	8.601225
36.7	8.603248
36.72	8.605475
36.74	8.60788
36.76	8.61329
36.78	8.6163
36.8	8.619493
36.82	8.622906
36.84	8.626507
36.86	8.630332
36.88	8.634349
36.9	8.643036
36.92	8.64771
36.94	8.652582
36.96	8.657694
36.98	8.663007
37	8.668564
37.02	8.674324
37.04	8.686549
37.06	8.693018
37.08	8.699698
37.1	8.706634
37.12	8.713784
37.14	8.721195
37.16	8.728824
37.18	8.736715
37.2	8.744829
37.22	8.753209
37.24	8.761814
37.26	8.77069
37.28	8.789169
37.3	8.841505
37.32	8.849066
37.34	8.832492
37.36	8.860688
37.38	8.841374
37.4	8.85446
37.42	8.889072
37.44	8.867504
37.46	8.903022
37.48	8.880254
37.5	8.916983
37.52	8.937699
37.54	8.954068
37.56	8.924424
37.58	8.993439
37.6	8.951952
37.62	9.022457
37.64	8.979518
37.66	9.051105
37.68	9.008945
37.7	9.040607
37.72	9.147655
37.74	9.074589
37.76	9.182482
37.78	9.11091
37.8	9.219636
37.82	9.149582
37.84	9.25913
37.86	9.300967
37.88	9.233994
37.9	9.283859
37.92	9.295238
37.94	9.328701
37.96	9.340443
37.98	9.386693
38	9.421765
38.02	9.434246
38.04	9.468988
38.06	9.48089
38.08	9.522017
38.1	9.512674
38.12	9.55432
38.14	9.551192
38.16	9.59266
38.18	9.635056
38.2	9.636605
38.22	9.680188
38.24	9.683289
38.26	9.714708
38.28	9.748231
38.3	9.767997
38.32	9.803458
38.34	9.821838
38.36	9.877914
38.38	9.916144
38.4	9.936555
38.42	9.97608
38.44	10.05382
38.46	10.02746
38.48	10.11459
38.5	10.08933
38.52	10.17668
38.54	10.15267
38.56	10.21876
38.58	10.30783
38.6	10.29099
38.62	10.35422
38.64	10.36839
38.66	10.42924
38.68	10.44497
38.7	10.52521
38.72	10.58881
38.74	10.60818
38.76	10.67285
38.78	10.69357
38.8	10.76933
38.82	10.74367
38.84	10.74324
38.86	10.73093
38.88	10.72537
38.9	10.71867
38.92	10.712
38.94	10.7055
38.96	10.69898
38.98	10.69263
39	10.68005
39.02	10.67391
39.04	10.66799
39.06	10.69461
39.08	10.65085
39.1	10.67605
39.12	10.63533
39.14	10.66051
39.16	10.61425
39.18	10.63322
39.2	10.61566
39.22	10.58363
39.24	10.60246
39.26	10.57308
39.28	10.59224
39.3	10.56455
39.32	10.58419
39.34	10.55679
39.36	10.57912
39.38	10.55156
39.4	10.57424
39.42	10.5469
39.44	10.54283
39.46	10.56621
39.48	10.53935
39.5	10.56303
39.52	10.54684
39.54	10.53005
39.56	10.55293
39.58	10.56067
39.6	10.54553
39.62	10.56997
39.64	10.55562
39.66	10.58083
39.68	10.56726
39.7	10.58055
39.72	10.4851
39.74	10.40168
39.76	10.37588
39.78	10.37246
39.8	10.37449
39.82	10.3765
39.84	10.37851
39.86	10.38054
39.88	10.38263
39.9	10.38482
39.92	10.38963
39.94	10.39236
39.96	10.39537
39.98	10.39872
40	10.40248
40.02	10.40671
40.04	10.4167
40.06	10.41585
40.08	10.46392
40.1	10.44183
40.12	10.46492
40.14	10.5149
40.16	10.48872
40.18	10.53941
40.2	10.51385
40.22	10.56052
40.24	10.56847
40.26	10.57647
40.28	10.58453
40.3	10.60093
40.32	10.60932
40.34	10.61788
40.36	10.62666
40.38	10.63568
40.4	10.65827
40.42	10.65489
40.44	10.65764
40.46	10.65084
40.48	10.65821
40.5	10.66566
40.52	10.67319
40.54	10.68862
40.56	10.69658
40.58	10.70475
40.6	10.71101
40.62	10.71342
40.64	10.71774
40.66	10.72214
40.68	10.72669
40.7	10.73644
40.72	10.74219
40.74	10.74842
40.76	10.75505
40.78	10.7621
40.8	10.76955
40.82	10.77741
40.84	10.79314
40.86	10.79953
40.88	10.76875
40.9	10.73854
40.92	10.71772
40.94	10.71614
40.96	10.71775
40.98	10.71947
41	10.72332
41.02	10.72551
41.04	10.72793
41.06	10.73061
41.08	10.73694
41.1	10.74339
41.12	10.75425
41.14	10.75942
41.16	10.76469
41.18	10.77009
41.2	10.7756
41.22	10.7