0.02	3.794226
0.04	3.625164
0.06	3.297586
0.08	3.168984
0.1	3.042378
0.12	2.978317
0.14	2.905327
0.16	2.829966
0.18	2.753417
0.2	2.675734
0.22	2.553209
0.24	2.490304
0.26	2.425973
0.28	2.360257
0.3	2.216392
0.32	2.089277
0.34	1.907777
0.36	1.854792
0.38	1.801561
0.4	2.328109
0.42	1.933109
0.44	2.464967
0.46	2.009996
0.48	2.070162
0.5	2.185662
0.52	2.240917
0.54	2.243923
0.56	2.296121
0.58	2.298202
0.6	2.34771
0.62	2.364403
0.64	2.426297
0.66	2.400287
0.68	2.582008
0.7	2.502493
0.72	2.683467
0.74	2.597476
0.76	2.776288
0.78	2.690961
0.8	2.867435
0.82	2.959611
0.84	3.032049
0.86	3.102257
0.88	3.17016
0.9	3.235698
0.92	3.298825
0.94	3.359509
0.96	3.41773
0.98	3.473476
1	3.526749
1.02	3.577559
1.04	3.45388
1.06	3.489685
1.08	3.634825
1.1	3.606924
1.12	3.752026
1.14	3.71101
1.16	3.854124
1.18	3.812176
1.2	3.952908
1.22	4.134014
1.24	4.326969
1.26	4.529744
1.28	4.740595
1.3	4.958039
1.32	5.180821
1.34	5.407884
1.36	5.638338
1.38	6.106546
1.4	6.015926
1.42	5.927525
1.44	5.841757
1.46	5.75906
1.48	5.637136
1.5	5.563586
1.52	5.454672
1.54	5.392988
1.56	5.30074
1.58	5.253881
1.6	4.990783
1.62	4.851449
1.64	5.095873
1.66	5.004054
1.68	5.276198
1.7	5.122844
1.72	5.234139
1.74	5.504017
1.76	5.344937
1.78	5.599551
1.8	5.457778
1.82	5.709424
1.84	5.57346
1.86	5.820323
1.88	5.932342
1.9	5.808527
1.92	6.046363
1.94	5.92857
1.96	6.166003
1.98	6.050376
2	6.283786
2.02	6.173964
2.04	6.403447
2.06	6.299359
2.08	6.525006
2.1	6.426584
2.12	6.648487
2.14	6.555661
2.16	6.770022
2.18	6.897386
2.2	6.819463
2.22	7.026735
2.24	6.954231
2.26	7.158091
2.28	7.09094
2.3	7.292565
2.32	7.23039
2.34	7.427739
2.36	7.372099
2.38	7.567408
2.4	7.51646
2.42	7.709041
2.44	7.662888
2.46	7.852802
2.48	7.811399
2.5	7.998722
2.52	8.1468
2.54	8.11467
2.56	8.297034
2.58	8.269423
2.6	8.449417
2.62	8.426249
2.64	8.603944
2.66	8.585143
2.68	8.761597
2.7	8.746778
2.72	8.834284
2.74	8.80155
2.76	8.793994
2.78	8.786046
2.8	8.777697
2.82	8.76894
2.84	8.759776
2.86	8.750212
2.88	8.740258
2.9	8.72993
2.92	8.708245
2.94	8.696948
2.96	8.685394
2.98	8.67363
3	8.661702
3.02	8.649666
3.04	8.637581
3.06	8.625513
3.08	8.613535
3.1	8.601722
3.12	8.590158
3.14	8.594826
3.16	8.599426
3.18	8.603923
3.2	8.608406
3.22	8.613572
3.24	8.619109
3.26	8.625077
3.28	8.631332
3.3	8.644834
3.32	8.652102
3.34	8.65978
3.36	8.667774
3.38	8.67259
3.4	8.674141
3.42	8.675143
3.44	8.676173
3.46	8.677279
3.48	8.678501
3.5	8.679824
3.52	8.681267
3.54	8.682811
3.56	8.684476
3.58	8.686242
3.6	8.68813
3.62	8.690087
3.64	8.692225
3.66	8.694446
3.68	8.696838
3.7	8.699563
3.72	8.705339
3.74	8.708301
3.76	8.711345
3.78	8.714496
3.8	8.717732
3.82	8.721073
3.84	8.724499
3.86	8.728025
3.88	8.731635
3.9	8.735345
3.92	8.739135
3.94	8.743022
3.96	8.746987
3.98	8.751037
4	8.755123
4.02	8.759398
4.04	8.763705
4.06	8.768097
4.08	8.777112
4.1	8.781734
4.12	8.78654
4.14	8.79157
4.16	8.796663
4.18	8.801723
4.2	8.80683
4.22	8.811964
4.24	8.817162
4.26	8.822384
4.28	8.827667
4.3	8.832973
4.32	8.838335
4.34	8.843716
4.36	8.849149
4.38	8.854597
4.4	8.860095
4.42	8.865603
4.44	8.87116
4.46	8.882327
4.48	8.887938
4.5	8.893653
4.52	8.899237
4.54	8.904975
4.56	8.910608
4.58	8.916187
4.6	8.921954
4.62	8.927649
4.64	8.933432
4.66	8.93933
4.68	8.945108
4.7	8.950925
4.72	8.962195
4.74	8.96782
4.76	8.973392
4.78	8.97893
4.8	8.984509
4.82	8.989885
4.84	8.995275
4.86	9.00063
4.88	9.005919
4.9	9.011167
4.92	9.01645
4.94	9.021627
4.96	9.026596
4.98	9.031673
5	9.036662
5.02	9.041456
5.04	9.051133
5.06	9.055739
5.08	9.060327
5.1	9.064888
5.12	9.06936
5.14	9.073772
5.16	9.064297
5.18	9.090229
5.2	9.118164
5.22	9.147828
5.24	9.178546
5.26	9.210379
5.28	9.243207
5.3	9.270038
5.32	9.303765
5.34	9.330729
5.36	9.365115
5.38	9.22601
5.4	9.077066
5.42	9.080014
5.44	9.147248
5.46	9.094131
5.48	9.098744
5.5	9.101504
5.52	9.103983
5.54	9.106583
5.56	9.10936
5.58	9.112323
5.6	9.115405
5.62	9.118681
5.64	9.122143
5.66	9.125787
5.68	9.129196
5.7	9.131553
5.72	9.13349
5.74	9.135267
5.76	9.13692
5.78	9.139874
5.8	9.141171
5.82	9.142349
5.84	9.143405
5.86	9.144336
5.88	9.145183
5.9	9.145893
5.92	9.146482
5.94	9.146951
5.96	9.147301
5.98	9.147533
6	9.255214
6.02	9.378591
6.04	9.524391
6.06	9.671417
6.08	10.31811
6.1	10.29037
6.12	10.04631
6.14	9.820662
6.16	9.615347
6.18	9.432326
6.2	9.273556
6.22	9.194964
6.24	9.083223
6.26	9.046256
6.28	9.057066
6.3	9.053859
6.32	9.046993
6.34	9.038808
6.36	9.030043
6.38	9.020848
6.4	9.011253
6.42	9.001266
6.44	8.992868
6.46	9.038485
6.48	9.04361
6.5	9.069647
6.52	9.055038
6.54	9.081321
6.56	9.064011
6.58	9.090133
6.6	9.069748
6.62	9.095342
6.64	9.07155
6.66	9.096296
6.68	9.068799
6.7	9.002977
6.72	8.970565
6.74	8.93891
6.76	8.908345
6.78	8.879213
6.8	8.851868
6.82	8.826671
6.84	8.803989
6.86	8.795427
6.88	8.785464
6.9	8.773702
6.92	8.761548
6.94	8.749295
6.96	8.737
6.98	8.72468
7	8.712339
7.02	8.687622
7.04	8.675255
7.06	8.662887
7.08	8.650797
7.1	8.638722
7.12	8.626693
7.14	8.614719
7.16	8.602805
7.18	8.590955
7.2	8.579171
7.22	8.567461
7.24	8.555823
7.26	8.544267
7.28	8.532793
7.3	8.521408
7.32	8.510114
7.34	8.487819
7.36	8.476827
7.38	8.465943
7.4	8.455173
7.42	8.44452
7.44	8.433991
7.46	8.423589
7.48	8.413617
7.5	8.403804
7.52	8.394155
7.54	8.384673
7.56	8.375361
7.58	8.366223
7.6	8.357262
7.62	8.348521
7.64	8.339952
7.66	8.331433
7.68	8.315064
7.7	8.307184
7.72	8.299498
7.74	8.29201
7.76	8.284721
7.78	8.277638
7.8	8.27076
7.82	8.264091
7.84	8.25811
7.86	8.252315
7.88	8.246518
7.9	8.241026
7.92	8.235807
7.94	8.230738
7.96	8.226001
7.98	8.221364
8	8.216954
8.02	8.212662
8.04	8.204918
8.06	8.201395
8.08	8.198099
8.1	8.195029
8.12	8.192187
8.14	8.189573
8.16	8.187188
8.18	8.18547
8.2	8.18387
8.22	8.182472
8.24	8.181291
8.26	8.180325
8.28	8.179575
8.3	8.17904
8.32	8.178718
8.34	8.178605
8.36	8.179006
8.38	8.179515
8.4	8.180226
8.42	8.181139
8.44	8.182253
8.46	8.183638
8.48	8.185065
8.5	8.186739
8.52	8.188614
8.54	8.191161
8.56	8.193699
8.58	8.196363
8.6	8.199178
8.62	8.202144
8.64	8.205258
8.66	8.20852
8.68	8.211923
8.7	8.215464
8.72	8.21914
8.74	8.222947
8.76	8.226881
8.78	8.235118
8.8	8.239412
8.82	8.243821
8.84	8.24834
8.86	8.252964
8.88	8.257691
8.9	8.262518
8.92	8.267648
8.94	8.27282
8.96	8.278044
8.98	8.283315
9	8.288629
9.02	8.293981
9.04	8.299368
9.06	8.304786
9.08	8.310228
9.1	8.315692
9.12	8.321174
9.14	8.326668
9.16	8.332172
9.18	8.343192
9.2	8.3487
9.22	8.354201
9.24	8.359694
9.26	8.365172
9.28	8.370636
9.3	8.381497
9.32	8.38689
9.34	8.392255
9.36	8.340812
9.38	8.360499
9.4	8.327571
9.42	8.302816
9.44	8.287667
9.46	8.390893
9.48	8.329423
9.5	8.360471
9.52	8.385616
9.54	8.40794
9.56	8.455422
9.58	8.490419
9.6	8.502339
9.62	8.539804
9.64	8.54775
9.66	8.587225
9.68	8.636932
9.7	8.740113
9.72	8.79309
9.74	8.84668
9.76	8.900662
9.78	8.954828
9.8	9.020098
9.82	9.074809
9.84	9.141736
9.86	8.980651
9.88	8.833114
9.9	8.70056
9.92	8.584436
9.94	8.486184
9.96	8.419711
9.98	8.430671
10	8.434914
10.02	8.439874
10.04	8.441916
10.06	8.443783
10.08	8.445487
10.1	8.446965
10.12	8.448296
10.14	8.449473
10.16	8.450422
10.18	8.451234
10.2	8.451902
10.22	8.452362
10.24	8.446154
10.26	8.461555
10.28	8.453985
10.3	8.468705
10.32	8.460576
10.34	8.474509
10.36	8.465924
10.38	8.469908
10.4	8.48208
10.42	8.513747
10.44	8.544949
10.46	8.582403
10.48	8.617378
10.5	8.659526
10.52	8.697245
10.54	8.743059
10.56	8.782564
10.58	8.831092
10.6	8.871505
10.62	8.757247
10.64	8.648825
10.66	8.547113
10.68	8.453027
10.7	8.453961
10.72	8.358691
10.74	8.453633
10.76	8.349822
10.78	8.452895
10.8	8.276502
10.82	8.418978
10.84	8.256844
10.86	8.386575
10.88	8.252547
10.9	8.266671
10.92	8.272473
10.94	8.280904
10.96	8.28525
10.98	8.289869
11	8.294742
11.02	8.299912
11.04	8.305347
11.06	8.311092
11.08	8.317111
11.1	8.323451
11.12	8.330221
11.14	8.337132
11.16	8.344481
11.18	8.352154
11.2	8.360105
11.22	8.36848
11.24	8.377154
11.26	8.386185
11.28	8.395486
11.3	8.415258
11.32	8.425601
11.34	8.436341
11.36	8.447477
11.38	8.458957
11.4	8.470826
11.42	8.483043
11.44	8.495655
11.46	8.50862
11.48	8.521988
11.5	8.535714
11.52	8.550136
11.54	8.564826
11.56	8.579853
11.58	8.595287
11.6	8.611086
11.62	8.643881
11.64	8.660879
11.66	8.673104
11.68	8.676526
11.7	8.678205
11.72	8.681199
11.74	8.682845
11.76	8.684628
11.78	8.686532
11.8	8.688579
11.82	8.690704
11.84	8.69305
11.86	8.695489
11.88	8.698174
11.9	8.701142
11.92	8.704369
11.94	8.710989
11.96	8.714415
11.98	8.71798
12	8.721642
12.02	8.725451
12.04	8.729353
12.06	8.733403
12.08	8.741837
12.1	8.746235
12.12	8.750862
12.14	8.755383
12.16	8.760127
12.18	8.764967
12.2	8.769956
12.22	8.775034
12.24	8.780253
12.26	8.785602
12.28	8.797126
12.3	8.802984
12.32	8.80889
12.34	8.814854
12.36	8.820921
12.38	8.827045
12.4	8.833274
12.42	8.839557
12.44	8.845941
12.46	8.858909
12.48	8.86549
12.5	8.872165
12.52	8.878886
12.54	8.885697
12.56	8.892551
12.58	8.899492
12.6	8.906473
12.62	8.92064
12.64	8.927823
12.66	8.935087
12.68	8.94254
12.7	8.950054
12.72	8.957512
12.74	8.972444
12.76	8.979935
12.78	8.987415
12.8	8.994922
12.82	9.002414
12.84	9.009926
12.86	9.01742
12.88	9.024929
12.9	9.032415
12.92	9.039914
12.94	9.047386
12.96	9.062314
12.98	9.069826
13	9.077183
13.02	9.084581
13.04	9.091962
13.06	9.099306
13.08	9.106625
13.1	9.11399
13.12	9.121188
13.14	9.12841
13.16	9.135596
13.18	9.142871
13.2	9.149998
13.22	9.15711
13.24	9.163986
13.26	9.170836
13.28	9.17761
13.3	9.190869
13.32	9.197445
13.34	9.203773
13.36	9.210059
13.38	9.216262
13.4	9.234314
13.42	9.24013
13.44	9.245714
13.46	9.251241
13.48	9.262023
13.5	9.269147
13.52	9.275226
13.54	9.281011
13.56	9.286627
13.58	9.292093
13.6	9.297411
13.62	9.30759
13.64	9.312447
13.66	9.317142
13.68	9.341663
13.7	9.364333
13.72	9.386665
13.74	9.40847
13.76	9.426302
13.78	9.439055
13.8	9.572966
13.82	9.580497
13.84	9.728275
13.86	9.723194
13.88	9.716774
13.9	9.709109
13.92	9.700302
13.94	9.690454
13.96	9.679678
13.98	9.668088
14	9.655807
14.02	9.642959
14.04	9.629676
14.06	9.43847
14.08	9.383492
14.1	9.389497
14.12	9.388721
14.14	9.385963
14.16	9.382622
14.18	9.37899
14.2	9.375123
14.22	9.371109
14.24	9.366954
14.26	9.362645
14.28	9.358189
14.3	9.35358
14.32	9.348823
14.34	9.343925
14.36	9.33888
14.38	9.328368
14.4	9.32291
14.42	9.317314
14.44	9.353354
14.46	9.393516
14.48	9.437271
14.5	9.484115
14.52	9.533566
14.54	9.585176
14.56	9.638526
14.58	9.693229
14.6	10.0427
14.62	10.18855
14.64	9.944031
14.66	10.08052
14.68	9.837168
14.7	10.00546
14.72	9.762139
14.74	9.922659
14.76	9.680232
14.78	9.832575
14.8	9.699119
14.82	9.577694
14.84	9.469456
14.86	9.375566
14.88	9.297176
14.9	9.2354
14.92	9.137557
14.94	9.136084
14.96	9.127271
14.98	9.115359
15	9.104274
15.02	9.091601
15.04	9.078787
15.06	9.065927
15.08	9.053133
15.1	9.040333
15.12	9.027619
15.14	9.014911
15.16	9.002301
15.18	8.989707
15.2	8.977225
15.22	8.964769
15.24	8.952439
15.26	8.927996
15.28	8.915893
15.3	8.903945
15.32	8.892058
15.34	8.880343
15.36	8.868702
15.38	8.857247
15.4	8.845937
15.42	8.834793
15.44	8.823773
15.46	8.813004
15.48	8.80238
15.5	8.792021
15.52	8.781819
15.54	8.771896
15.56	8.762142
15.58	8.752679
15.6	8.743397
15.62	8.725634
15.64	8.717166
15.66	8.708904
15.68	8.700538
15.7	8.692775
15.72	8.685588
15.74	8.678638
15.76	8.671915
15.78	8.665566
15.8	8.659402
15.82	8.653661
15.84	8.648169
15.86	8.643106
15.88	8.63833
15.9	8.633956
15.92	8.62987
15.94	8.622814
15.96	8.619409
15.98	8.616687
16	8.614628
16.02	8.612605
16.04	8.610852
16.06	8.60968
16.08	8.608808
16.1	8.60825
16.12	8.608243
16.14	8.608585
16.16	8.609371
16.18	8.610481
16.2	8.61203
16.22	8.613903
16.24	8.616217
16.26	8.618856
16.28	8.62567
16.3	8.629643
16.32	8.633899
16.34	8.638579
16.36	8.643576
16.38	8.649001
16.4	8.65474
16.42	8.660904
16.44	8.667377
16.46	8.67427
16.48	8.68147
16.5	8.689085
16.52	8.696816
16.54	8.705073
16.56	8.713718
16.58	8.72183
16.6	8.727633
16.62	8.733059
16.64	8.73857
16.66	8.749917
16.68	8.755779
16.7	8.76179
16.72	8.767908
16.74	8.774164
16.76	8.780515
16.78	8.786995
16.8	8.793557
16.82	8.800239
16.84	8.806991
16.86	8.813449
16.88	8.820491
16.9	8.827718
16.92	8.835069
16.94	8.842493
16.96	8.850163
16.98	8.857924
17	8.865556
17.02	8.873162
17.04	8.888495
17.06	8.896231
17.08	8.90403
17.1	8.911844
17.12	8.919723
17.14	8.927611
17.16	8.935555
17.18	8.943505
17.2	8.951502
17.22	8.959498
17.24	8.967757
17.26	8.975581
17.28	8.983244
17.3	8.990789
17.32	8.998334
17.34	9.00585
17.36	9.013453
17.38	9.021041
17.4	9.028709
17.42	9.044068
17.44	9.051751
17.46	9.059493
17.48	9.067198
17.5	9.075164
17.52	9.082945
17.54	9.090462
17.56	9.097622
17.58	9.104578
17.6	9.111409
17.62	9.118168
17.64	9.124796
17.66	9.131301
17.68	9.137725
17.7	9.14401
17.72	9.150166
17.74	9.156231
17.76	9.162151
17.78	9.167935
17.8	9.17362
17.82	9.179153
17.84	9.184546
17.86	9.194962
17.88	9.199697
17.9	9.204429
17.92	9.208961
17.94	9.213483
17.96	9.217703
17.98	9.221679
18	9.22545
18.02	9.228986
18.04	9.232333
18.06	9.235447
18.08	9.238372
18.1	9.241096
18.12	9.243622
18.14	9.245908
18.16	9.247999
18.18	9.249891
18.2	9.253912
18.22	9.240561
18.24	9.228324
18.26	9.215985
18.28	9.190165
18.3	9.176583
18.32	9.162519
18.34	9.147952
18.36	9.132858
18.38	9.117225
18.4	9.089863
18.42	9.05854
18.44	9.023089
18.46	9.131078
18.48	9.093619
18.5	9.211756
18.52	9.171562
18.54	9.298758
18.56	9.255167
18.58	9.3904
18.6	9.246171
18.62	9.116808
18.64	8.962576
18.66	8.96566
18.68	8.960535
18.7	8.953018
18.72	8.944581
18.74	8.93557
18.76	8.926154
18.78	8.91622
18.8	8.90591
18.82	8.895082
18.84	8.884365
18.86	8.873099
18.88	8.861475
18.9	8.84938
18.92	8.836989
18.94	8.824128
18.96	8.810939
18.98	8.797385
19	8.78336
19.02	8.754316
19.04	8.739143
19.06	8.723661
19.08	8.707829
19.1	8.691523
19.12	8.674919
19.14	8.657971
19.16	8.640551
19.18	8.622842
19.2	8.604797
19.22	8.586282
19.24	8.567516
19.26	8.548379
19.28	8.528905
19.3	8.50906
19.32	8.488886
19.34	8.468347
19.36	8.447482
19.38	8.404715
19.4	8.382815
19.42	8.361115
19.44	8.338614
19.46	8.316318
19.48	8.29372
19.5	8.270868
19.52	8.247719
19.54	8.22432
19.56	8.200629
19.58	8.176694
19.6	8.15247
19.62	8.128007
19.64	8.10326
19.66	8.07828
19.68	8.05302
19.7	8.027534
19.72	8.001773
19.74	7.94954
19.76	7.923074
19.78	7.896345
19.8	7.869407
19.82	7.842211
19.84	7.814814
19.86	7.787165
19.88	7.759322
19.9	7.731828
19.92	7.704122
19.94	7.676266
19.96	7.648204
19.98	7.619997
20	7.591588
20.02	7.563039
20.04	7.534292
20.06	7.505411
20.08	7.476336
20.1	7.447131
20.12	7.417737
20.14	7.38822
20.16	7.3287
20.18	7.298703
20.2	7.268624
20.22	7.238458
20.24	7.208337
20.26	7.177854
20.28	7.14819
20.3	7.118523
20.32	7.088294
20.34	7.057971
20.36	7.027574
20.38	6.997079
20.4	6.966444
20.42	6.935735
20.44	6.904888
20.46	6.873971
20.48	6.842919
20.5	6.8118
20.52	6.78055
20.54	6.717795
20.56	6.686294
20.58	6.654669
20.6	6.622988
20.62	6.591188
20.64	6.559337
20.66	6.52737
20.68	6.496168
20.7	6.464701
20.72	6.433398
20.74	6.370305
20.76	6.338655
20.78	6.306979
20.8	6.275194
20.82	6.243372
20.84	6.211439
20.86	6.179468
20.88	6.147388
20.9	6.115271
20.92	6.083045
20.94	6.050785
20.96	6.018418
20.98	5.986018
21	5.953871
21.02	5.921493
21.04	5.888651
21.06	5.856719
21.08	5.792114
21.1	5.759668
21.12	5.727183
21.14	5.694569
21.16	5.661896
21.18	5.629089
21.2	5.59622
21.22	5.563215
21.24	5.530146
21.26	5.49694
21.28	5.463667
21.3	5.430256
21.32	5.396778
21.34	5.36316
21.36	5.329374
21.38	5.29527
21.4	5.261371
21.42	5.227515
21.44	5.193327
21.46	5.12473
21.48	5.090264
21.5	5.055727
21.52	5.021053
21.54	4.986308
21.56	4.951426
21.58	4.916474
21.6	4.882038
21.62	4.847301
21.64	4.812428
21.66	4.777356
21.68	4.742164
21.7	4.706778
21.72	4.671268
21.74	4.635561
21.76	4.59973
21.78	4.5637
21.8	4.527542
21.82	4.491221
21.84	4.454736
21.86	4.418087
21.88	4.381274
21.9	4.307157
21.92	4.269853
21.94	4.232386
21.96	4.194757
21.98	4.156969
22	4.119021
22.02	4.080917
22.04	4.042656
22.06	4.004242
22.08	3.965678
22.1	3.926965
22.12	3.888107
22.14	3.849107
22.16	3.80997
22.18	3.770698
22.2	3.731297
22.22	3.691772
22.24	3.61237
22.26	3.572505
22.28	3.532541
22.3	3.492483
22.32	3.45234
22.34	3.412122
22.36	3.371836
22.38	3.331492
22.4	3.291103
22.42	3.250678
22.44	3.21023
22.46	3.169773
22.48	3.12932
22.5	3.088886
22.52	3.048489
22.54	3.008145
22.56	2.967872
22.58	2.927692
22.6	2.887624
22.62	2.847692
22.64	2.807921
22.66	2.728965
22.68	2.689838
22.7	2.650986
22.72	2.612444
22.74	2.574247
22.76	2.536435
22.78	2.499047
22.8	2.462128
22.82	2.425725
22.84	2.389885
22.86	2.354662
22.88	2.254683
22.9	2.192926
22.92	2.133714
22.94	2.152333
22.96	2.070118
22.98	2.007852
23	1.992958
23.02	1.965302
23.04	1.937795
23.06	1.911555
23.08	1.886868
23.1	1.863843
23.12	1.842555
23.14	1.823982
23.16	1.807152
23.18	1.792327
23.2	1.779598
23.22	1.769018
23.24	1.760624
23.26	1.754447
23.28	1.750509
23.3	1.748822
23.32	1.749391
23.34	1.752212
23.36	1.757272
23.38	1.764551
23.4	1.785638
23.42	1.799367
23.44	1.815154
23.46	1.832946
23.48	1.852683
23.5	1.874301
23.52	1.897735
23.54	1.922917
23.56	1.949777
23.58	1.978245
23.6	2.008251
23.62	2.039727
23.64	2.072603
23.66	2.106813
23.68	2.14229
23.7	2.178973
23.72	2.25571
23.74	2.29565
23.76	2.336563
23.78	2.3784
23.8	2.42111
23.82	2.464647
23.84	2.508968
23.86	2.554029
23.88	2.599792
23.9	2.646218
23.92	2.693273
23.94	2.789136
23.96	2.837884
23.98	2.887137
24	2.937557
24.02	2.988302
24.04	3.039411
24.06	3.090985
24.08	3.142953
24.1	3.195294
24.12	3.247985
24.14	3.301008
24.16	3.354344
24.18	3.407975
24.2	3.461884
24.22	3.516056
24.24	3.570475
24.26	3.625129
24.28	3.735086
24.3	3.790366
24.32	3.845854
24.34	3.901327
24.36	3.956145
24.38	4.011322
24.4	4.066817
24.42	4.122483
24.44	4.178286
24.46	4.234211
24.48	4.290253
24.5	4.346403
24.52	4.402655
24.54	4.571967
24.56	4.628572
24.58	4.685251
24.6	4.742002
24.62	4.855696
24.64	4.912632
24.66	4.969621
24.68	5.026662
24.7	5.083749
24.72	5.140879
24.74	5.19805
24.76	5.255259
24.78	5.312502
24.8	5.369776
24.82	5.42708
24.84	5.48441
24.86	5.541764
24.88	5.599151
24.9	5.714421
24.92	5.772012
24.94	5.829623
24.96	5.887228
24.98	5.944818
25	6.002394
25.02	6.059993
25.04	6.117585
25.06	6.175138
25.08	6.232709
25.1	6.290267
25.12	6.347811
25.14	6.40534
25.16	6.462816
25.18	6.520308
25.2	6.577781
25.22	6.692662
25.24	6.750069
25.26	6.807452
25.28	6.86481
25.3	6.922141
25.32	6.979446
25.34	7.036725
25.36	7.093974
25.38	7.151196
25.4	7.207995
25.42	7.264578
25.44	7.321308
25.46	7.378042
25.48	7.49143
25.5	7.548077
25.52	7.604692
25.54	7.661273
25.56	7.717822
25.58	7.774337
25.6	7.830819
25.62	7.887268
25.64	7.943682
25.66	8.000062
25.68	8.056409
25.7	8.112721
25.72	8.169
25.74	8.225244
25.76	8.281453
25.78	8.337628
25.8	8.393769
25.82	8.505949
25.84	8.561989
25.86	8.617993
25.88	8.614218
25.9	8.582115
25.92	8.619369
25.94	8.664506
25.96	8.716165
25.98	8.773954
26	8.837494
26.02	8.906399
26.04	8.980297
26.06	9.058823
26.08	9.14162
26.1	9.228347
26.12	9.175784
26.14	9.123194
26.16	8.997348
26.18	8.947517
26.2	8.880062
26.22	8.833869
26.24	8.773623
26.26	8.732224
26.28	8.680481
26.3	8.594852
26.32	8.538512
26.34	8.55372
26.36	8.557016
26.38	8.557857
26.4	8.558339
26.42	8.558855
26.44	8.559798
26.46	8.560749
26.48	8.563033
26.5	8.564397
26.52	8.565998
26.54	8.567744
26.56	8.569638
26.58	8.571715
26.6	8.572199
26.62	8.572519
26.64	8.572502
26.66	8.572565
26.68	8.57265
26.7	8.572743
26.72	8.57284
26.74	8.572965
26.76	8.57332
26.78	8.573378
26.8	8.573508
26.82	8.573666
26.84	8.573872
26.86	8.574106
26.88	8.574368
26.9	8.574484
26.92	8.574682
26.94	8.574912
26.96	8.575194
26.98	8.575511
27	8.575851
27.02	8.576041
27.04	8.576319
27.06	8.576662
27.08	8.580466
27.1	8.586537
27.12	8.588863
27.14	8.594669
27.16	8.586422
27.18	8.591743
27.2	8.583204
27.22	8.581403
27.24	8.579537
27.26	8.577662
27.28	8.575836
27.3	8.580559
27.32	8.615932
27.34	8.583308
27.36	8.611876
27.38	8.612361
27.4	8.585835
27.42	8.622654
27.44	8.587973
27.46	8.628135
27.48	8.590277
27.5	8.630443
27.52	8.592373
27.54	8.632463
27.56	8.594835
27.58	8.635313
27.6	8.627118
27.62	8.604248
27.64	8.635078
27.66	8.608998
27.68	8.641078
27.7	8.612186
27.72	8.645315
27.74	8.614053
27.76	8.648071
27.78	8.61492
27.8	8.703531
27.82	8.590697
27.84	8.656185
27.86	8.5722
27.88	8.626317
27.9	8.66371
27.92	8.624201
27.94	8.679959
27.96	8.634478
27.98	8.641337
28	8.642622
28.02	8.642262
28.04	8.641562
28.06	8.640672
28.08	8.639468
28.1	8.638188
28.12	8.636773
28.14	8.635056
28.16	8.633265
28.18	8.631338
28.2	8.629111
28.22	8.626809
28.24	8.624373
28.26	8.621637
28.28	8.618827
28.3	8.613533
28.32	8.610537
28.34	8.607372
28.36	8.60388
28.38	8.600281
28.4	8.596515
28.42	8.592423
28.44	8.583845
28.46	8.579146
28.48	8.574331
28.5	8.569344
28.52	8.564032
28.54	8.558599
28.56	8.552991
28.58	8.547059
28.6	8.541002
28.62	8.534768
28.64	8.528212
28.66	8.521526
28.68	8.514661
28.7	8.507473
28.72	8.500153
28.74	8.492649
28.76	8.484826
28.78	8.476866
28.8	8.468719
28.82	8.451651
28.84	8.442857
28.86	8.433746
28.88	8.424492
28.9	8.415047
28.92	8.405285
28.94	8.395376
28.96	8.385276
28.98	8.374859
29	8.364292
29.02	8.35353
29.04	8.342454
29.06	8.331224
29.08	8.319798
29.1	8.308059
29.12	8.296163
29.14	8.284069
29.16	8.271663
29.18	8.259097
29.2	8.246681
29.22	8.23385
29.24	8.207506
29.26	8.193853
29.28	8.179991
29.3	8.165878
29.32	8.151411
29.34	8.136728
29.36	8.12179
29.38	8.106501
29.4	8.09099
29.42	8.075219
29.44	8.059099
29.46	8.042751
29.48	8.026141
29.5	8.009184
29.52	7.991992
29.54	7.974535
29.56	7.956733
29.58	7.938692
29.6	7.92038
29.62	7.901727
29.64	7.88283
29.66	7.863659
29.68	7.84415
29.7	7.804355
29.72	7.783983
29.74	7.763357
29.76	7.742452
29.78	7.721214
29.8	7.699717
29.82	7.677938
29.84	7.655829
29.86	7.633457
29.88	7.6108
29.9	7.587817
29.92	7.564566
29.94	7.541157
29.96	7.517413
29.98	7.493318
30	7.468959
30.02	7.444287
30.04	7.394103
30.06	7.368569
30.08	7.342737
30.1	7.31661
30.12	7.290187
30.14	7.263468
30.16	7.236452
30.18	7.209141
30.2	7.181533
30.22	7.153628
30.24	7.125428
30.26	7.096931
30.28	7.068139
30.3	7.039049
30.32	7.009665
30.34	6.979983
30.36	6.950008
30.38	6.88917
30.4	6.858279
30.42	6.827111
30.44	6.795691
30.46	6.764029
30.48	6.732121
30.5	6.699972
30.52	6.667577
30.54	6.634943
30.56	6.602064
30.58	6.568947
30.6	6.535584
30.62	6.501985
30.64	6.46814
30.66	6.43406
30.68	6.399735
30.7	6.365175
30.72	6.330371
30.74	6.260052
30.76	6.224538
30.78	6.188782
30.8	6.152794
30.82	6.116564
30.84	6.080104
30.86	6.043403
30.88	6.006473
30.9	5.969303
30.92	5.931905
30.94	5.894269
30.96	5.856406
30.98	5.818305
31	5.779979
31.02	5.741417
31.04	5.702632
31.06	5.663612
31.08	5.62437
31.1	5.584894
31.12	5.545199
31.14	5.465127
31.16	5.424752
31.18	5.384162
31.2	5.343343
31.22	5.302311
31.24	5.261053
31.26	5.219584
31.28	5.17789
31.3	5.135989
31.32	5.094019
31.34	5.051858
31.36	5.009518
31.38	4.924348
31.4	4.881522
31.42	4.838526
31.44	4.795378
31.46	4.752062
31.48	4.708596
31.5	4.664965
31.52	4.621186
31.54	4.577245
31.56	4.533159
31.58	4.488914
31.6	4.444527
31.62	4.399985
31.64	4.355303
31.66	4.31047
31.68	4.265502
31.7	4.220386
31.72	4.175139
31.74	4.129748
31.76	4.084232
31.78	4.038576
31.8	3.9928
31.82	3.946889
31.84	3.854705
31.86	3.808442
31.88	3.762058
31.9	3.715564
31.92	3.668964
31.94	3.622262
31.96	3.575463
31.98	3.52853
32	3.481544
32.02	3.434481
32.04	3.387922
32.06	3.341153
32.08	3.294251
32.1	3.247313
32.12	3.200351
32.14	3.153374
32.16	3.106387
32.18	3.059399
32.2	3.012415
32.22	2.965445
32.24	2.918496
32.26	2.824701
32.28	2.777874
32.3	2.731109
32.32	2.684418
32.34	2.637814
32.36	2.591312
32.38	2.544924
32.4	2.49863
32.42	2.452492
32.44	2.406555
32.46	2.360808
32.48	2.315271
32.5	2.269969
32.52	2.224928
32.54	2.180175
32.56	2.13574
32.58	2.091655
32.6	2.047957
32.62	2.004684
32.64	1.961876
32.66	1.919579
32.68	1.836684
32.7	1.796229
32.72	1.756505
32.74	1.717579
32.76	1.679491
32.78	1.642418
32.8	1.606376
32.82	1.57134
32.84	1.538102
32.86	1.505904
32.88	1.472394
32.9	1.438035
32.92	1.403154
32.94	1.36765
32.96	1.331417
32.98	1.29438
33	1.257125
33.02	1.221476
33.04	1.185146
33.06	1.149542
33.08	1.084892
33.1	1.153943
33.12	1.043604
33.14	1.132113
33.16	1.028348
33.18	1.129228
33.2	1.042191
33.22	1.154098
33.24	1.084303
33.26	1.206361
33.28	1.143963
33.3	1.178156
33.32	1.211546
33.34	1.251074
33.36	1.289199
33.38	1.326275
33.4	1.363709
33.42	1.400403
33.44	1.436176
33.46	1.471226
33.48	1.50563
33.5	1.572693
33.52	1.607994
33.54	1.645029
33.56	1.683504
33.58	1.723315
33.6	1.764392
33.62	1.806679
33.64	1.85012
33.66	1.894665
33.68	1.940267
33.7	1.98688
33.72	2.034397
33.74	2.08372
33.76	2.133781
33.78	2.184335
33.8	2.235748
33.82	2.287875
33.84	2.340667
33.86	2.394093
33.88	2.502752
33.9	2.557942
33.92	2.613678
33.94	2.669944
33.96	2.726722
33.98	2.783996
34	2.841753
34.02	2.899979
34.04	3.239705
34.06	3.017593
34.08	3.347125
34.1	3.137202
34.12	3.457728
34.14	3.258197
34.16	3.569176
34.18	3.381479
34.2	3.684851
34.22	3.506037
34.24	3.631656
34.26	3.920034
34.28	3.758343
34.3	4.039805
34.32	3.886072
34.34	4.160981
34.36	4.014814
34.38	4.283511
34.4	4.144546
34.42	4.407348
34.44	4.274969
34.46	4.533888
34.48	4.405132
34.5	4.655915
34.52	4.5358
34.54	4.781993
34.56	4.667656
34.58	4.90958
34.6	4.799839
34.62	4.933073
34.64	5.165922
34.66	5.06698
34.68	5.295876
34.7	5.201462
34.72	5.426579
34.74	5.336518
34.76	5.558017
34.78	5.47215
34.8	5.690184
34.82	5.608363
34.84	5.823075
34.86	5.745163
34.88	5.956689
34.9	5.882556
34.92	6.091023
34.94	6.020549
34.96	6.226079
34.98	6.159151
35	6.361858
35.02	6.498362
35.04	6.438211
35.06	6.635594
35.08	6.578688
35.1	6.773558
35.12	6.719809
35.14	6.912259
35.16	6.861583
35.18	7.051702
35.2	7.00472
35.22	7.036215
35.24	7.194223
35.26	7.404346
35.28	7.341571
35.3	7.551318
35.32	7.486608
35.34	7.694916
35.36	7.632113
35.38	7.839519
35.4	7.778141
35.42	7.983736
35.44	7.924483
35.46	8.128208
35.48	8.070942
35.5	8.272957
35.52	8.217766
35.54	8.418109
35.56	8.364985
35.58	8.565052
35.6	8.512616
35.62	8.660677
35.64	8.857637
35.66	8.80918
35.68	9.004654
35.7	8.958144
35.72	9.152172
35.74	9.107585
35.76	9.270448
35.78	9.465038
35.8	9.341503
35.82	9.438997
35.84	9.301383
35.86	9.422052
35.88	9.293859
35.9	9.413586
35.92	9.284537
35.94	9.402507
35.96	9.36365
35.98	9.327104
36	9.293051
36.02	9.269008
36.04	9.239135
36.06	9.24269
36.08	9.219317
36.1	9.218581
36.12	9.218731
36.14	9.218512
36.16	9.218148
36.18	9.217711
36.2	9.217214
36.22	9.216657
36.24	9.216041
36.26	9.215178
36.28	9.214144
36.3	9.212971
36.32	9.211667
36.34	9.208677
36.36	9.206998
36.38	9.205195
36.4	9.203272
36.42	9.201229
36.44	9.199072
36.46	9.196791
36.48	9.194399
36.5	9.191895
36.52	9.189276
36.54	9.186549
36.56	9.183715
36.58	9.180768
36.6	9.177709
36.62	9.174553
36.64	9.171287
36.66	9.167924
36.68	9.160895
36.7	9.157226
36.72	9.153472
36.74	9.14961
36.76	9.145662
36.78	9.139692
36.8	9.13129
36.82	9.120601
36.84	9.112071
36.86	9.101761
36.88	9.091103
36.9	9.080349
36.92	9.069485
36.94	9.058621
36.96	9.047737
36.98	9.036758
37	9.025792
37.02	9.014812
37.04	8.992692
37.06	8.981635
37.08	8.970493
37.1	8.959379
37.12	8.948267
37.14	8.937072
37.16	8.925916
37.18	8.914769
37.2	8.903544
37.22	8.892387
37.24	8.881217
37.26	8.870061
37.28	8.858895
37.3	8.847751
37.32	8.836602
37.34	8.82548
37.36	8.81436
37.38	8.803271
37.4	8.792191
37.42	8.781525
37.44	8.770891
37.46	8.760336
37.48	8.749835
37.5	8.729061
37.52	8.718793
37.54	8.708586
37.56	8.698473
37.58	8.688425
37.6	8.678475
37.62	8.668594
37.64	8.658815
37.66	8.649109
37.68	8.639508
37.7	8.629984
37.72	8.62057
37.74	8.611237
37.76	8.602016
37.78	8.592882
37.8	8.583865
37.82	8.574938
37.84	8.566133
37.86	8.557421
37.88	8.549292
37.9	8.533307
37.92	8.525506
37.94	8.517859
37.96	8.510334
37.98	8.502965
38	8.495874
38.02	8.488837
38.04	8.481843
38.06	8.474969
38.08	8.46828
38.1	8.461721
38.12	8.455321
38.14	8.449048
38.16	8.442934
38.18	8.436946
38.2	8.431118
38.22	8.425418
38.24	8.414467
38.26	8.409217
38.28	8.404508
38.3	8.400094
38.32	8.395725
38.34	8.391391
38.36	8.387243
38.38	8.383272
38.4	8.37957
38.42	8.375959
38.44	8.372445
38.46	8.368972
38.48	8.36571
38.5	8.362514
38.52	8.359474
38.54	8.35659
38.56	8.353829
38.58	8.351216
38.6	8.348721
38.62	8.346369
38.64	8.344133
38.66	8.342039
38.68	8.340057
38.7	8.338215
38.72	8.335154
38.74	8.333641
38.76	8.332824
38.78	8.331927
38.8	8.331117
38.82	8.33039
38.84	8.329776
38.86	8.329248
38.88	8.328829
38.9	8.328491
38.92	8.328257
38.94	8.32804
38.96	8.327979
38.98	8.327934
39	8.328018
39.02	8.328199
39.04	8.328391
39.06	8.328704
39.08	8.329105
39.1	8.329467
39.12	8.329843
39.14	8.330925
39.16	8.331488
39.18	8.332263
39.2	8.333039
39.22	8.333908
39.24	8.335021
39.26	8.335933
39.28	8.345236
39.3	8.354517
39.32	8.362996
39.34	8.370487
39.36	8.376955
39.38	8.399174
39.4	8.42195
39.42	8.445062
39.44	8.468292
39.46	8.491439
39.48	8.536698
39.5	8.558441
39.52	8.604172
39.54	8.625802
39.56	8.659569
39.58	8.668561
39.6	8.702007
39.62	8.708372
39.64	8.741117
39.66	8.744521
39.68	8.776233
39.7	8.776389
39.72	8.806784
39.74	8.803446
39.76	8.728297
39.78	8.657398
39.8	8.59142
39.82	8.531054
39.84	8.477
39.86	8.429971
39.88	8.373405
39.9	8.387362
39.92	8.393376
39.94	8.397779
39.96	8.401903
39.98	8.406027
40	8.410205
40.02	8.41448
40.04	8.41882
40.06	8.4277
40.08	8.432276
40.1	8.436918
40.12	8.441628
40.14	8.446404
40.16	8.451249
40.18	8.456181
40.2	8.46118
40.22	8.466248
40.24	8.471386
40.26	8.476593
40.28	8.481881
40.3	8.487241
40.32	8.492671
40.34	8.498175
40.36	8.503751
40.38	8.509394
40.4	8.515113
40.42	8.520907
40.44	8.526778
40.46	8.532707
40.48	8.538717
40.5	8.544806
40.52	8.550976
40.54	8.563519
40.56	8.569917
40.58	8.576369
40.6	8.582912
40.62	8.589543
40.64	8.596237
40.66	8.603025
40.68	8.609904
40.7	8.616837
40.72	8.623868
40.74	8.630997
40.76	8.638188
40.78	8.645485
40.8	8.652844
40.82	8.660315
40.84	8.667859
40.86	8.665661
40.88	8.667744
40.9	8.694799
40.92	8.751749
40.94	8.781303
40.96	8.811363
40.98	8.841776
41	8.8724
41.02	8.903097
41.04	8.93349
41.06	8.925157
41.08	8.914793
41.1	8.903425
41.12	8.891305
41.14	8.878529
41.16	8.86517
41.18	8.851297
41.2	8.836985
41.22	8.82231
41.24	8.807361
41.26	8.792226
41.28	8.777002
41.3	8.746704
41.32	8.731852
41.34	8.717357
41.36	8.714631
41.38	8.711814
41.4	8.714204
41.42	8.709578
41.44	8.70268
41.46	8.696157
41.48	8.689678
41.5	8.683041
41.52	8.676498
41.54	8.670083
41.56	8.663846
41.58	8.657718
41.6	8.651653
41.62	8.645772
41.64	8.639924
41.66	8.634258
41.68	8.628442
41.7	8.622796
41.72	8.611987
41.74	8.606586
41.76	8.601583
41.78	8.596516
41.8	8.591643
41.82	8.586636
41.84	8.58177
41.86	8.577107
41.88	8.572562
41.9	8.568077
41.92	8.563801
41.94	8.559566
41.96	8.555413
41.98	8.551472
42	8.54757
42.02	8.543753
42.04	8.540151
42.06	8.536591
42.08	8.533117
42.1	8.526655
42.12	8.523535
42.14	8.52064
42.16	8.51779
42.18	8.515031
42.2	8.512505
42.22	8.510023
42.24	8.507636
42.26	8.505487
42.28	8.503385
42.3	8.501317
42.32	8.499469
42.34	8.497668
42.36	8.495965
42.38	8.494505
42.4	8.493093
42.42	8.491783
42.44	8.490713
42.46	8.489695
42.48	8.488775
42.5	8.488098
42.52	8.487472
42.54	8.486945
42.56	8.486427
42.58	8.486294
42.6	8.486401
42.62	8.486559
42.64	8.486818
42.66	8.487318
42.68	8.487869
42.7	8.488522
42.72	8.489413
42.74	8.490358
42.76	8.491403
42.78	8.492757
42.8	8.494349
42.82	8.49579
42.84	8.497531
42.86	8.499506
42.88	8.501339
42.9	8.503406
42.92	8.505527
42.94	8.507751
42.96	8.51021
42.98	8.512724
43	8.515338
43.02	8.518188
43.04	8.524182
43.06	8.527235
43.08	8.530369
43.1	8.533714
43.12	8.5371
43.14	8.540566
43.16	8.544242
43.18	8.547955
43.2	8.551748
43.22	8.555744
43.24	8.559776
43.26	8.563887
43.28	8.568193
43.3	8.572536
43.32	8.576956
43.34	8.581564
43.36	8.586208
43.38	8.590927
43.4	8.595829
43.42	8.605778
43.44	8.610966
43.46	8.616188
43.48	8.621582
43.5	8.626968
43.52	8.63259
43.54	8.637298
43.56	8.635461
43.58	8.638638
43.6	8.643233
43.62	8.648552
43.64	8.654449
43.66	8.660896
43.68	8.696859
43.7	8.681576
43.72	8.718531
43.74	8.698554
43.76	8.728402
43.78	8.756574
43.8	8.806705
43.82	8.828105
43.84	8.846711
43.86	8.862269
43.88	8.874541
43.9	8.947888
43.92	8.958856
43.94	8.880307
43.96	8.815465
43.98	8.772987
44	8.772494
44.02	8.771124
44.04	8.768169
44.06	8.764865
44.08	8.813815
44.1	8.774151
44.12	8.824947
44.14	8.823298
44.16	8.830021
44.18	8.817558
44.2	8.822477
44.22	8.807842
44.24	8.811046
44.26	8.794342
44.28	8.795958
44.3	8.777328
44.32	8.736193
44.34	8.776542
44.36	8.741327
44.38	8.785379
44.4	8.734274
44.42	8.77818
44.44	8.723844
44.46	8.76712
44.48	8.710171
44.5	8.752378
44.52	8.735056
44.54	8.665221
44.56	8.714642
44.58	8.643957
44.6	8.69156
44.62	8.620951
44.64	8.66632
44.66	8.605999
44.68	8.663366
44.7	8.632329
44.72	8.632015
44.74	8.619611
44.76	8.617375
44.78	8.612261
44.8	8.606402
44.82	8.600219
44.84	8.593745
44.86	8.589943
44.88	8.622602
44.9	8.689707
44.92	8.734651
44.94	8.82963
44.96	8.815581
44.98	8.800117
45	8.783266
45.02	8.765054
45.04	8.745516
45.06	8.724692
45.08	8.702626
45.1	8.67937
45.12	8.654976
45.14	8.629506
45.16	8.603026
45.18	8.57561
45.2	8.547334
45.22	8.518282
45.24	8.458222
45.26	8.427416
45.28	8.396237
45.3	8.364804
45.32	8.333242
45.34	8.301684
45.36	8.287631
45.38	8.264603
45.4	8.239589
45.42	8.21124
45.44	8.21487
45.46	8.209904
45.48	8.203033
45.5	8.195664
45.52	8.188114
45.54	8.18046
45.56	8.172685
45.58	8.164793
45.6	8.156823
45.62	8.148734
45.64	8.140531
45.66	8.132241
45.68	8.115341
45.7	8.10673
45.72	8.098003
45.74	8.089195
45.76	8.080269
45.78	8.071261
45.8	8.062135
45.82	8.052895
45.84	8.043575
45.86	8.034138
45.88	8.024624
45.9	8.014991
45.92	8.005244
45.94	7.995423
45.96	7.985484
45.98	7.988389
46	7.988387
46.02	8.022723
46.04	8.059584
46.06	8.09851
46.08	8.176932
46.1	8.226197
46.12	8.32851
46.14	8.385976
46.16	8.509256
46.18	8.572889
46.2	8.714285
46.22	8.864504
46.24	9.023881
46.26	9.191493
46.28	9.366465
46.3	9.547971
46.32	9.73524
46.34	9.927553
46.36	10.12424
46.38	10.02427
46.4	9.671816
46.42	9.334077
46.44	9.013929
46.46	8.714569
46.48	8.439499
46.5	8.192476
46.52	7.977434
46.54	7.798348
46.56	7.623344
46.58	7.566741
46.6	7.61529
46.62	7.631129
46.64	7.637959
46.66	7.643118
46.68	7.648129
46.7	7.65335
46.72	7.658831
46.74	7.664603
46.76	7.670648
46.78	7.676967
46.8	7.683584
46.82	7.690474
46.84	7.697638
46.86	7.712821
46.88	7.720825
46.9	7.729125
46.92	7.737699
46.94	7.746547
46.96	7.755685
46.98	7.765097
47	7.774802
47.02	7.784778
47.04	7.79503
47.06	7.805572
47.08	7.816388
47.1	7.827496
47.12	7.838876
47.14	7.850543
47.16	7.862483
47.18	7.874714
47.2	7.887218
47.22	7.927926
47.24	8.003994
47.26	8.038705
47.28	8.070793
47.3	8.099967
47.32	8.12595
47.34	8.131067
47.36	8.135496
47.38	8.139291
47.4	8.142511
47.42	8.145222
47.44	8.147494
47.46	8.149404
47.48	8.151031
47.5	8.152466
47.52	8.153798
47.54	8.166621
47.56	8.193563
47.58	8.22052
47.6	8.247087
47.62	8.272873
47.64	8.320654
47.66	8.456337
47.68	8.483595
47.7	8.637547
47.72	8.667279
47.74	8.874451
47.76	9.026321
47.78	9.267514
47.8	9.440865
47.82	9.231777
47.84	9.396694
47.86	9.188411
47.88	9.34446
47.9	9.137901
47.92	9.284648
47.94	8.993655
47.96	8.866664
47.98	8.75356
48	8.655512
48.02	8.573671
48.04	8.509151
48.06	8.462997
48.08	8.451276
48.1	8.482231
48.12	8.456844
48.14	8.432312
48.16	8.390449
48.18	8.371851
48.2	8.415524
48.22	8.391968
48.24	8.431025
48.26	8.408951
48.28	8.443746
48.3	8.429942
48.32	8.498407
48.34	8.479216
48.36	8.553307
48.38	8.529833
48.4	8.60888
48.42	8.580602
48.44	8.663998
48.46	8.630446
48.48	8.717649
48.5	8.758497
48.52	8.879417
48.54	8.925634
48.56	9.112642
48.58	9.263548
48.6	9.315868
48.62	9.478623
48.64	9.53197
48.66	9.704706
48.68	9.589585
48.7	9.477926
48.72	9.370218
48.74	9.26698
48.76	9.168749
48.78	9.076088
48.8	8.989572
48.82	8.909798
48.84	8.837373
48.86	8.772909
48.88	8.696038
48.9	8.659337
48.92	8.66174
48.94	8.669008
48.96	8.671427
48.98	8.677037
49	8.679199
49.02	8.680817
49.04	8.681872
49.06	8.682353
49.08	8.682256
49.1	8.681584
49.12	8.680346
49.14	8.678551
49.16	8.676214
49.18	8.673365
49.2	8.67003
49.22	8.668025
49.24	8.664994
49.26	8.661846
49.28	8.658724
49.3	8.655504
49.32	8.652365
49.34	8.649165
49.36	8.642987
49.38	8.63999
49.4	8.636918
49.42	8.633919
49.44	8.630976
49.46	8.62809
49.48	8.625258
49.5	8.622283
49.52	8.619373
49.54	8.616516
49.56	8.613709
49.58	8.610952
49.6	8.608117
49.62	8.605342
49.64	8.602612
49.66	8.599929
49.68	8.597291
49.7	8.594545
49.72	8.591851
49.74	8.586588
49.76	8.584019
49.78	8.581488
49.8	8.578997
49.82	8.576424
49.84	8.573895
49.86	8.571402
49.88	8.568943
49.9	8.566519
49.92	8.564128
49.94	8.561761
49.96	8.559313
49.98	8.556899
50	8.554516
50.02	8.552162
50.04	8.549836
50.06	8.547537
50.08	8.545265
50.1	8.54302
50.12	8.540799
50.14	8.538604
50.16	8.536368
50.18	8.534158
50.2	8.529801
50.22	8.527655
50.24	8.525529
50.26	8.523423
50.28	8.521336
50.3	8.519268
50.32	8.517219
50.34	8.515172
50.36	8.513138
50.38	8.51112
50.4	8.509117
50.42	8.507128
50.44	8.505152
50.46	8.503189
50.48	8.501239
50.5	8.4993
50.52	8.497374
50.54	8.495458
50.56	8.493616
50.58	8.491779
50.6	8.489951
50.62	8.488132
50.64	8.484516
50.66	8.482719
50.68	8.480929
50.7	8.479146
50.72	8.485351
50.74	8.491665
50.76	8.497746
50.78	8.537041
50.8	8.580567
50.82	8.627919
50.84	8.678702
50.86	8.732533
50.88	8.789044
50.9	8.847878
50.92	8.908691
50.94	8.97116
50.96	9.034972
50.98	8.882553
51	8.633245
51.02	8.539441
51.04	8.468154
51.06	8.43165
51.08	8.449712
51.1	8.463457
51.12	8.470931
51.14	8.472454
51.16	8.540962
51.18	8.627949
51.2	8.732131
51.22	8.852192
51.24	8.986807
51.26	9.134665
51.28	9.294498
51.3	9.465084
51.32	9.833963
51.34	9.78264
51.36	9.729588
51.38	9.674885
51.4	9.618612
51.42	9.560858
51.44	9.501717
51.46	9.441288
51.48	9.379682
51.5	9.317012
51.52	9.253402
51.54	9.007528
51.56	8.797175
51.58	8.625973
51.6	8.497318
51.62	8.428574
51.64	8.44
51.66	8.448605
51.68	8.442312
51.7	8.552097
51.72	8.541705
51.74	8.530746
51.76	8.519239
51.78	8.507211
51.8	8.494692
51.82	8.481719
51.84	8.479893
51.86	8.480979
51.88	8.482589
51.9	8.484234
51.92	8.528128
51.94	8.575169
51.96	8.624765
51.98	8.676362
52	8.82583
52.02	8.893318
52.04	9.162665
52.06	9.386204
52.08	9.475987
52.1	9.468175
52.12	9.45833
52.14	9.446504
52.16	9.432751
52.18	9.417127
52.2	9.399695
52.22	9.380526
52.24	9.359686
52.26	9.337256
52.28	9.313316
52.3	9.063301
52.32	8.844356
52.34	8.659901
52.36	8.513251
52.38	8.407456
52.4	8.353977
52.42	8.386518
52.44	8.499894
52.46	8.397074
52.48	8.527255
52.5	8.569207
52.52	8.589045
52.54	8.607929
52.56	8.625727
52.58	8.642303
52.6	8.657537
52.62	8.671307
52.64	8.683501
52.66	8.694015
52.68	8.753799
52.7	8.816664
52.72	8.882286
52.74	8.950364
52.76	9.020603
52.78	9.092722
52.8	9.166456
52.82	9.241551
52.84	9.317766
52.86	9.394873
52.88	8.96702
52.9	8.794313
52.92	8.652652
52.94	8.482217
52.96	8.442191
52.98	8.48836
53	8.506606
53.02	8.518086
53.04	8.513683
53.06	8.540578
53.08	8.554467
53.1	8.565746
53.12	8.57667
53.14	8.587714
53.16	8.59899
53.18	8.610842
53.2	8.622919
53.22	8.635759
53.24	8.648737
53.26	8.675507
53.28	8.689346
53.3	8.698192
53.32	8.700256
53.34	8.70099
53.36	8.701465
53.38	8.701891
53.4	8.702308
53.42	8.702723
53.44	8.703159
53.46	8.703607
53.48	8.70403
53.5	8.704478
53.52	8.704937
53.54	8.705295
53.56	8.705714
53.58	8.706573
53.6	8.707006
53.62	8.707436
53.64	8.70792
53.66	8.708385
53.68	8.70885
53.7	8.709318
53.72	8.709673
53.74	8.710097
53.76	8.710543
53.78	8.710987
53.8	8.711431
53.82	8.711874
53.84	8.712317
53.86	8.71276
53.88	8.713274
53.9	8.71369
53.92	8.714133
53.94	8.714581
53.96	8.715485
53.98	8.715945
54	8.716401
54.02	8.716855
54.04	8.717308
54.06	8.717757
54.08	8.718211
54.1	8.718736
54.12	8.719221
54.14	8.719701
54.16	8.720184
54.18	8.720674
54.2	8.72117
54.22	8.721581
54.24	8.72194
54.26	8.722382
54.28	8.722839
54.3	8.723301
54.32	8.723763
54.34	8.724284
54.36	8.725235
54.38	8.725718
54.4	8.726209
54.42	8.726604
54.44	8.727059
54.46	8.72753
54.48	8.728002
54.5	8.728473
54.52	8.728943
54.54	8.72941
54.56	8.729877
54.58	8.730406
54.6	8.730906
54.62	8.731403
54.64	8.731898
54.66	8.732738
54.68	8.733207
54.7	8.733686
54.72	8.734161
54.74	8.734634
54.76	8.735106
54.78	8.735579
54.8	8.736047
54.82	8.736579
54.84	8.737083
54.86	8.737581
54.88	8.737982
54.9	8.738441
54.92	8.738912
54.94	8.739386
54.96	8.740343
54.98	8.740817
55	8.741291
55.02	8.741764
55.04	8.742237
55.06	8.742705
55.08	8.743257
55.1	8.74369
55.12	8.744152
55.14	8.745064
55.16	8.745526
55.18	8.745994
55.2	8.746459
55.22	8.746933
55.24	8.747402
55.26	8.747867
55.28	8.74833
55.3	8.74879
55.32	8.749697
55.34	8.750172
55.36	8.750628
55.38	8.751081
55.4	8.751531
55.42	8.751979
55.44	8.752424
55.46	8.752865
55.48	8.753301
55.5	8.753732
55.52	8.75458
55.54	8.754993
55.56	8.755399
55.58	8.755795
55.6	8.756584
55.62	8.756958
55.64	8.757381
55.66	8.757767
55.68	8.758145
55.7	8.758522
55.72	8.758899
55.74	8.75965
55.76	8.760025
55.78	8.760398
55.8	8.760769
55.82	8.761155
55.84	8.761527
55.86	8.762259
55.88	8.76262
55.9	8.762982
55.92	8.763341
55.94	8.763696
55.96	8.764049
55.98	8.764818
56	8.765194
56.02	8.765558
56.04	8.765922
56.06	8.766286
56.08	8.766652
56.1	8.766959
56.12	8.767244
56.14	8.76758
56.16	8.767927
56.18	8.768275
56.2	8.768628
56.22	8.768977
56.24	8.769325
56.26	8.770017
56.28	8.77036
56.3	8.770701
56.32	8.771041
56.34	8.771379
56.36	8.771712
56.38	8.772041
56.4	8.772429
56.42	8.772782
56.44	8.773401
56.46	8.773721
56.48	8.774049
56.5	8.774379
56.52	8.774708
56.54	8.775037
56.56	8.775366
56.58	8.776022
56.6	8.776355
56.62	8.776682
56.64	8.777007
56.66	8.77733
56.68	8.777653
56.7	8.777972
56.72	8.778603
56.74	8.778913
56.76	8.779223
56.78	8.779657
56.8	8.779889
56.82	8.780143
56.84	8.780609
56.86	8.780813
56.88	8.780997
56.9	8.781161
56.92	8.781306
56.94	8.980474
56.96	9.275458
56.98	9.66149
57	10.12127
57.02	10.63896
57.04	9.73274
57.06	10.60539
57.08	10.23932
57.1	10.19051
57.12	9.848673
57.14	9.805096
57.16	9.492611
57.18	9.4568
57.2	9.154112
57.22	8.917785
57.24	8.906123
57.26	8.733322
57.28	8.668409
57.3	8.71705
57.32	8.728621
57.34	8.728374
57.36	8.725411
57.38	8.721757
57.4	8.717825
57.42	8.713699
57.44	8.709396
57.46	8.704919
57.48	8.695587
57.5	8.69069
57.52	8.685634
57.54	8.680429
57.56	8.675076
57.58	8.669578
57.6	8.663934
57.62	8.658144
57.64	8.652209
57.66	8.64613
57.68	8.639904
57.7	8.633533
57.72	8.627019
57.74	8.620359
57.76	8.613555
57.78	8.606606
57.8	8.592278
57.82	8.584898
57.84	8.577374
57.86	8.569707
57.88	8.561896
57.9	8.553945
57.92	8.545848
57.94	8.53761
57.96	8.529229
57.98	8.520706
58	8.512042
58.02	8.503236
58.04	8.494288
58.06	8.4852
58.08	8.475969
58.1	8.466599
58.12	8.447435
58.14	8.437644
58.16	8.427713
58.18	8.417642
58.2	8.407432
58.22	8.397083
58.24	8.386596
58.26	8.37597
58.28	8.365205
58.3	8.354302
58.32	8.343263
58.34	8.332087
58.36	8.30932
58.38	8.297733
58.4	8.28601
58.42	8.274155
58.44	8.262173
58.46	8.250036
58.48	8.21911
58.5	8.201757
58.52	8.191239
58.54	8.173672
58.56	8.195167
58.58	8.205108
58.6	8.206959
58.62	8.219675
58.64	8.220619
58.66	8.235455
58.68	8.251252
58.7	8.248665
58.72	8.265971
58.74	8.260855
58.76	8.210977
58.78	8.161231
58.8	8.111804
58.82	8.062893
58.84	8.014707
58.86	7.967461
58.88	7.921387
58.9	7.876724
58.92	7.848459
58.94	7.835068
58.96	7.816984
58.98	7.797691
59	7.757851
59.02	7.737478
59.04	7.716823
59.06	7.695886
59.08	7.674665
59.1	7.653164
59.12	7.631383
59.14	7.609499
59.16	7.587301
59.18	7.564831
59.2	7.519081
59.22	7.495805
59.24	7.472263
59.26	7.448452
59.28	7.424375
59.3	7.400028
59.32	7.375415
59.34	7.350533
59.36	7.325384
59.38	7.299966
59.4	7.274282
59.42	7.248328
59.44	7.222141
59.46	7.195785
59.48	7.169094
59.5	7.14212
59.52	7.087428
59.54	7.059685
59.56	7.031674
59.58	7.003396
59.6	6.974849
59.62	6.946036
59.64	6.916954
59.66	6.887606
59.68	6.85799
59.7	6.828107
59.72	6.797956
59.74	6.767539
59.76	6.705903
59.78	6.674684
59.8	6.6432
59.82	6.611448
59.84	6.579431
59.86	6.547146
59.88	6.514597
59.9	6.481781
59.92	6.448904
59.94	6.415682
59.96	6.382133
59.98	6.348387
60	6.31439
60.02	6.280129
60.04	6.245632
60.06	6.175793
60.08	6.140477
60.1	6.104898
60.12	6.069056
60.14	6.032953
60.16	5.996585
60.18	5.959958
60.2	5.923067
60.22	5.885939
60.24	5.84857
60.26	5.810892
60.28	5.772959
60.3	5.734771
60.32	5.696322
60.34	5.657618
60.36	5.618653
60.38	5.539952
60.4	5.500218
60.42	5.460226
60.44	5.419981
60.46	5.379478
60.48	5.338725
60.5	5.297715
60.52	5.256456
60.54	5.214942
60.56	5.173181
60.58	5.131167
60.6	5.088906
60.62	5.046394
60.64	5.003639
60.66	4.960633
60.68	4.917386
60.7	4.830158
60.72	4.78618
60.74	4.741964
60.76	4.697506
60.78	4.652813
60.8	4.607882
60.82	4.56272
60.84	4.517342
60.86	4.471745
60.88	4.425886
60.9	4.379803
60.92	4.33349
60.94	4.287029
60.96	4.240367
60.98	4.193481
61	4.146372
61.02	4.099043
61.04	4.051495
61.06	3.955753
61.08	3.907564
61.1	3.859167
61.12	3.810573
61.14	3.76177
61.16	3.712769
61.18	3.663574
61.2	3.61419
61.22	3.564619
61.24	3.514868
61.26	3.464942
61.28	3.414846
61.3	3.364585
61.32	3.314167
61.34	3.263597
61.36	3.212884
61.38	3.162035
61.4	3.111058
61.42	3.059964
61.44	3.008761
61.46	2.957462
61.48	2.906076
61.5	2.803097
61.52	2.751533
61.54	2.699939
61.56	2.648334
61.58	2.596736
61.6	2.545166
61.62	2.493737
61.64	2.442387
61.66	2.39115
61.68	2.340059
61.7	2.289144
61.72	2.238441
61.74	2.187988
61.76	2.137827
61.78	2.088005
61.8	2.038569
61.82	1.989576
61.84	1.941086
61.86	1.893165
61.88	1.845887
61.9	1.799365
61.92	1.753594
61.94	1.664924
61.96	1.622225
61.98	1.58078
62	1.540725
62.02	1.501856
62.04	1.461348
62.06	1.419155
62.08	1.375249
62.1	1.329632
62.12	1.282332
62.14	1.233413
62.16	1.182982
62.18	1.131198
62.2	1.07829
62.22	1.024575
62.24	0.9704815
62.26	0.9165936
62.28	0.8515465
62.3	0.2709264
62.32	0.3893515
62.34	0.3761843
62.36	0.3341416
62.38	0.296033
62.4	0.2717164
62.42	0.2618388
62.44	0.2632233
62.46	0.2574015
62.48	0.26806
62.5	0.2629351
62.52	0.2628089
62.54	0.2700819
62.56	0.269884
62.58	0.2634836
62.6	0.1341587
62.62	0.3641966
62.64	0.1481869
62.66	0.3403642
62.68	0.3699
62.7	0.1298382
62.72	0.1120263
62.74	0.1422692
62.76	0.1826491
62.78	0.2382186
62.8	0.2643919
62.82	0.2836449
62.84	0.2700186
62.86	0.2648874
62.88	0.2681701
62.9	0.2577991
62.92	0.1430785
62.94	0.2802261
62.96	0.5808342
62.98	0.601654
63	0.6404632
63.02	0.6667516
63.04	0.686732
63.06	0.9468449
63.08	1.203212
63.1	0.8192623
63.12	0.5094097
63.14	0.5744183
63.16	0.2586433
63.18	0.2252637
63.2	0.2799865
63.22	0.1353161
63.24	0.1479056
63.26	0.31705
63.28	0.1640694
63.3	0.1769631
63.32	0.2136591
63.34	0.1473773
63.36	0.2490068
63.38	0.25711
63.4	0.2675762
63.42	0.2653986
63.44	0.2576023
63.46	0.2695543
63.48	0.2624657
63.5	0.2599224