0.02	11.37558
0.04	11.44357
0.06	11.36355
0.08	10.68071
0.1	10.71842
0.12	10.13118
0.14	10.17464
0.16	9.754775
0.18	9.420838
0.2	9.481128
0.22	9.260415
0.24	9.311689
0.26	9.26209
0.28	9.323039
0.3	9.431047
0.32	9.679681
0.34	9.834393
0.36	9.924092
0.38	10.09343
0.4	10.19094
0.42	10.37241
0.44	10.4765
0.46	10.52576
0.48	10.50117
0.5	10.54292
0.52	10.51744
0.54	10.54932
0.56	10.54022
0.58	10.53485
0.6	10.53341
0.62	10.53192
0.64	10.53041
0.66	10.52891
0.68	10.52745
0.7	10.52474
0.72	10.52358
0.74	10.5226
0.76	10.52186
0.78	10.5214
0.8	10.52129
0.82	10.5216
0.84	10.52237
0.86	10.5237
0.88	10.5302
0.9	10.54362
0.92	10.55058
0.94	10.5577
0.96	10.565
0.98	10.57312
1	10.58177
1.02	10.61337
1.04	10.68091
1.06	10.7185
1.08	10.74192
1.1	10.76366
1.12	10.78469
1.14	10.80518
1.16	10.82025
1.18	10.81818
1.2	10.8159
1.22	10.81343
1.24	10.81082
1.26	10.80808
1.28	10.80241
1.3	10.80136
1.32	10.80099
1.34	10.80001
1.36	10.79909
1.38	10.79812
1.4	10.79452
1.42	10.82191
1.44	10.85084
1.46	10.90925
1.48	10.92961
1.5	10.9123
1.52	10.92632
1.54	10.91369
1.56	10.90883
1.58	10.90505
1.6	10.89877
1.62	10.89372
1.64	10.89125
1.66	10.88958
1.68	10.88775
1.7	10.88603
1.72	10.88454
1.74	10.88236
1.76	10.88171
1.78	10.88138
1.8	10.88135
1.82	10.94463
1.84	10.93266
1.86	10.79438
1.88	10.83157
1.9	10.7595
1.92	10.75259
1.94	10.7126
1.96	10.70229
1.98	10.69106
2	10.6795
2.02	10.66779
2.04	10.64429
2.06	10.63236
2.08	10.62049
2.1	10.60846
2.12	10.59634
2.14	10.58428
2.16	10.57207
2.18	10.54753
2.2	10.53514
2.22	10.52266
2.24	10.51027
2.26	10.49773
2.28	10.4851
2.3	10.47256
2.32	10.4471
2.34	10.43444
2.36	10.42158
2.38	10.40884
2.4	10.39591
2.42	10.38297
2.44	10.36997
2.46	10.35697
2.48	10.33084
2.5	10.31773
2.52	10.30553
2.54	10.29399
2.56	10.28275
2.58	10.27184
2.6	10.25003
2.62	10.23882
2.64	10.22786
2.66	10.2167
2.68	10.20567
2.7	10.19467
2.72	10.18353
2.74	10.17199
2.76	10.1497
2.78	10.13824
2.8	10.12695
2.82	10.11583
2.84	10.10466
2.86	10.08173
2.88	10.07057
2.9	10.05937
2.92	10.04775
2.94	10.03636
2.96	10.02518
2.98	10.01396
3	10.0023
3.02	9.979697
3.04	9.968466
3.06	9.956785
3.08	9.945358
3.1	9.934155
3.12	9.922914
3.14	9.89978
3.16	9.888571
3.18	9.877324
3.2	9.865617
3.22	9.854174
3.24	9.842961
3.26	9.819999
3.28	9.808555
3.3	9.797344
3.32	9.786098
3.34	9.774382
3.36	9.762938
3.38	9.751733
3.4	9.728777
3.42	9.717339
3.44	9.706142
3.46	9.694912
3.48	9.683201
3.5	9.671771
3.52	9.660586
3.54	9.637666
3.56	9.626247
3.58	9.615078
3.6	9.603877
3.62	9.592184
3.64	9.580782
3.66	9.569263
3.68	9.557525
3.7	9.545788
3.72	9.523213
3.74	9.511882
3.76	9.500704
3.78	9.4892
3.8	9.477779
3.82	9.466772
3.84	9.444232
3.86	9.433139
3.88	9.422209
3.9	9.411194
3.92	9.399796
3.94	9.388854
3.96	9.3777
3.98	9.366345
4	9.344188
4.02	9.332735
4.04	9.321692
4.06	9.310939
4.08	9.299906
4.1	9.288357
4.12	9.277118
4.14	9.265887
4.16	9.243206
4.18	9.231912
4.2	9.220468
4.22	9.209193
4.24	9.198199
4.26	9.1869
4.28	9.164868
4.3	9.153162
4.32	9.141798
4.34	9.130451
4.36	9.118621
4.38	9.107336
4.4	9.095946
4.42	9.084418
4.44	9.073068
4.46	9.050073
4.48	9.038683
4.5	9.027206
4.52	9.015606
4.54	9.004178
4.56	8.981021
4.58	8.969558
4.6	8.958004
4.62	8.946327
4.64	8.934831
4.66	8.923244
4.68	8.911534
4.7	8.900009
4.72	8.888393
4.74	8.876653
4.76	8.865103
4.78	8.85346
4.8	8.830123
4.82	8.818459
4.84	8.80667
4.86	8.795081
4.88	8.7834
4.9	8.771591
4.92	8.759989
4.94	8.748293
4.96	8.724857
4.98	8.713151
5	8.701318
5.02	8.689699
5.04	8.677986
5.06	8.666145
5.08	8.654523
5.1	8.642807
5.12	8.619342
5.14	8.607627
5.16	8.595782
5.18	8.584167
5.2	8.572455
5.22	8.560616
5.24	8.537307
5.26	8.525474
5.28	8.513879
5.3	8.502189
5.32	8.490367
5.34	8.467114
5.36	8.455308
5.38	8.443748
5.4	8.432095
5.42	8.420306
5.44	8.408772
5.46	8.39714
5.48	8.385375
5.5	8.362262
5.52	8.350523
5.54	8.339046
5.56	8.327472
5.58	8.315763
5.6	8.304319
5.62	8.29278
5.64	8.281105
5.66	8.258199
5.68	8.24656
5.7	8.235196
5.72	8.223737
5.74	8.212139
5.76	8.200822
5.78	8.189407
5.8	8.177855
5.82	8.15522
5.84	8.143715
5.86	8.132499
5.88	8.121185
5.9	8.109732
5.92	8.098572
5.94	8.087314
5.96	8.064816
5.98	8.053617
6	8.042279
6.02	8.031241
6.04	8.020106
6.06	8.00883
6.08	7.997859
6.1	7.97558
6.12	7.96468
6.14	7.953682
6.16	7.942541
6.18	7.931714
6.2	7.920789
6.22	7.898972
6.24	7.888124
6.26	7.877133
6.28	7.866463
6.3	7.855697
6.32	7.844786
6.34	7.8342
6.36	7.81269
6.38	7.802192
6.4	7.791596
6.42	7.780856
6.44	7.770448
6.46	7.759944
6.48	7.749293
6.5	7.73898
6.52	7.718013
6.54	7.707797
6.56	7.697484
6.58	7.687025
6.6	7.67691
6.62	7.666698
6.64	7.656339
6.66	7.63622
6.68	7.625965
6.7	7.616062
6.72	7.606061
6.74	7.595913
6.76	7.586121
6.78	7.576231
6.8	7.566193
6.82	7.556514
6.84	7.536815
6.86	7.527253
6.88	7.517595
6.9	7.507787
6.92	7.498345
6.94	7.488808
6.96	7.469802
6.98	7.460389
7	7.450824
7.02	7.441633
7.04	7.432346
7.06	7.422908
7.08	7.40469
7.1	7.395381
7.12	7.386452
7.14	7.377428
7.16	7.368252
7.18	7.350572
7.2	7.341531
7.22	7.332878
7.24	7.324128
7.26	7.315228
7.28	7.306715
7.3	7.298108
7.32	7.289349
7.34	7.27252
7.36	7.263906
7.38	7.255686
7.4	7.247373
7.42	7.238906
7.44	7.230837
7.46	7.214358
7.48	7.206443
7.5	7.198435
7.52	7.190272
7.54	7.182513
7.56	7.174661
7.58	7.166655
7.6	7.159055
7.62	7.143516
7.64	7.136079
7.66	7.128549
7.68	7.120863
7.7	7.11359
7.72	7.106225
7.74	7.098705
7.76	7.091599
7.78	7.084402
7.8	7.070114
7.82	7.063087
7.84	7.055904
7.86	7.049141
7.88	7.042287
7.9	7.035277
7.92	7.028689
7.94	7.022011
7.96	7.008766
7.98	7.002265
8	6.995608
8.02	6.989378
8.04	6.983058
8.06	6.976582
8.08	6.964397
8.1	6.958103
8.12	6.95224
8.14	6.946289
8.16	6.94018
8.18	6.934505
8.2	6.922818
8.22	6.917332
8.24	6.911758
8.26	6.906026
8.28	6.900732
8.3	6.895349
8.32	6.88981
8.34	6.884709
8.36	6.874175
8.38	6.86927
8.4	6.864278
8.42	6.859128
8.44	6.854421
8.46	6.849627
8.48	6.844676
8.5	6.840169
8.52	6.830824
8.54	6.826519
8.56	6.822127
8.58	6.817578
8.6	6.813476
8.62	6.809289
8.64	6.801047
8.66	6.797065
8.68	6.792925
8.7	6.789236
8.72	6.785462
8.74	6.781529
8.76	6.774483
8.78	6.77076
8.8	6.767489
8.82	6.764135
8.84	6.760622
8.86	6.757564
8.88	6.754421
8.9	6.751121
8.92	6.745345
8.94	6.742258
8.96	6.739627
8.98	6.736913
9	6.734041
9.02	6.731625
9.04	6.729127
9.06	6.724273
9.08	6.721993
9.1	6.719554
9.12	6.717573
9.14	6.715512
9.16	6.713292
9.18	6.71153
9.2	6.709688
9.22	6.706146
9.24	6.704525
9.26	6.702745
9.28	6.701425
9.3	6.700024
9.32	6.697367
9.34	6.696188
9.36	6.694852
9.38	6.693976
9.4	6.693021
9.42	6.691908
9.44	6.690524
9.46	6.689634
9.48	6.689205
9.5	6.688697
9.52	6.688031
9.54	6.687827
9.56	6.687544
9.58	6.687103
9.6	6.687066
9.62	6.68685
9.64	6.687095
9.66	6.687263
9.68	6.687273
9.7	6.687743
9.72	6.688136
9.74	6.688371
9.76	6.689066
9.78	6.690147
9.8	6.691068
9.82	6.691913
9.84	6.6926
9.86	6.693746
9.88	6.694818
9.9	6.695731
9.92	6.698399
9.94	6.699537
9.96	6.701136
9.98	6.702658
10	6.704022
10.02	6.705845
10.04	6.707592
10.06	6.709183
10.08	6.713202
10.1	6.715018
10.12	6.71729
10.14	6.719488
10.16	6.721528
10.18	6.724024
10.2	6.726446
10.22	6.72871
10.24	6.731429
10.26	6.736563
10.28	6.739505
10.3	6.742374
10.32	6.745085
10.34	6.74825
10.36	6.751341
10.38	6.754274
10.4	6.75766
10.42	6.764129
10.44	6.767735
10.46	6.771269
10.48	6.774646
10.5	6.778472
10.52	6.782226
10.54	6.785822
10.56	6.789868
10.58	6.793841
10.6	6.80192
10.62	6.806111
10.64	6.810145
10.66	6.814625
10.68	6.819033
10.7	6.823284
10.72	6.827981
10.74	6.832605
10.76	6.837072
10.78	6.841981
10.8	6.851502
10.82	6.856626
10.84	6.861678
10.86	6.866573
10.88	6.871908
10.9	6.877172
10.92	6.88228
10.94	6.893301
10.96	6.89862
10.98	6.904375
11	6.910059
11.02	6.915587
11.04	6.921549
11.06	6.933178
11.08	6.939348
11.1	6.945447
11.12	6.95139
11.14	6.957764
11.16	6.964068
11.18	6.970216
11.2	6.9833
11.22	6.989652
11.24	6.99643
11.26	7.003139
11.28	7.009693
11.3	7.023581
11.32	7.030334
11.34	7.03751
11.36	7.044618
11.38	7.05157
11.4	7.058943
11.42	7.066247
11.44	7.073397
11.46	7.080965
11.48	7.095808
11.5	7.10357
11.52	7.111262
11.54	7.118799
11.56	7.126751
11.58	7.134634
11.6	7.142364
11.62	7.150505
11.64	7.166497
11.66	7.174826
11.68	7.183087
11.7	7.191194
11.72	7.199708
11.74	7.208155
11.76	7.216447
11.78	7.225145
11.8	7.233776
11.82	7.251132
11.84	7.259945
11.86	7.268604
11.88	7.277663
11.9	7.286656
11.92	7.295495
11.94	7.304732
11.96	7.313903
11.98	7.332334
12	7.341681
12.02	7.350874
12.04	7.360462
12.06	7.369983
12.08	7.379351
12.1	7.38911
12.12	7.398803
12.14	7.418272
12.16	7.428136
12.18	7.437846
12.2	7.447943
12.22	7.457975
12.24	7.467854
12.26	7.488315
12.28	7.498361
12.3	7.508789
12.32	7.51915
12.34	7.52936
12.36	7.53995
12.38	7.550474
12.4	7.571596
12.42	7.582279
12.44	7.592813
12.46	7.60372
12.48	7.614562
12.5	7.625254
12.52	7.636317
12.54	7.658165
12.56	7.669382
12.58	7.680535
12.6	7.691537
12.62	7.702907
12.64	7.714212
12.66	7.725368
12.68	7.736887
12.7	7.748343
12.72	7.771315
12.74	7.782919
12.76	7.794374
12.78	7.806188
12.8	7.817938
12.82	7.829539
12.84	7.841496
12.86	7.865137
12.88	7.877237
12.9	7.889275
12.92	7.901163
12.94	7.913404
12.96	7.925581
12.98	7.949989
13	7.962305
13.02	7.974473
13.04	7.986989
13.06	7.999441
13.08	8.011746
13.1	8.024397
13.12	8.049425
13.14	8.062208
13.16	8.074929
13.18	8.087502
13.2	8.100416
13.22	8.113268
13.24	8.125973
13.26	8.139015
13.28	8.151997
13.3	8.178001
13.32	8.19111
13.34	8.204073
13.36	8.217367
13.38	8.230601
13.4	8.24369
13.42	8.25711
13.44	8.270468
13.46	8.28368
13.48	8.29722
13.5	8.324036
13.52	8.337696
13.54	8.351296
13.56	8.364753
13.58	8.378531
13.6	8.39225
13.62	8.405826
13.64	8.419721
13.66	8.433557
13.68	8.461259
13.7	8.47521
13.72	8.489017
13.74	8.50314
13.76	8.517205
13.78	8.531126
13.8	8.545361
13.82	8.57357
13.84	8.587915
13.86	8.602201
13.88	8.616345
13.9	8.630798
13.92	8.645193
13.94	8.659446
13.96	8.674006
13.98	8.688507
14	8.717531
14.02	8.732138
14.04	8.746603
14.06	8.761372
14.08	8.776082
14.1	8.790651
14.12	8.805521
14.14	8.835006
14.16	8.849976
14.18	8.864889
14.2	8.879663
14.22	8.894732
14.24	8.909743
14.26	8.924617
14.28	8.954892
14.3	8.969863
14.32	8.985126
14.34	9.000331
14.36	9.015399
14.38	9.030755
14.4	9.061218
14.42	9.076668
14.44	9.092061
14.46	9.107318
14.48	9.122859
14.5	9.138344
14.52	9.169324
14.54	9.184901
14.56	9.200341
14.58	9.216061
14.6	9.231726
14.62	9.247255
14.64	9.263062
14.66	9.278815
14.68	9.294433
14.7	9.326166
14.72	9.34187
14.74	9.357848
14.76	9.373773
14.78	9.389563
14.8	9.405623
14.82	9.421632
14.84	9.45338
14.86	9.469436
14.88	9.485431
14.9	9.501657
14.92	9.517814
14.94	9.533861
14.96	9.549768
14.98	9.581774
15	9.598347
15.02	9.614855
15.04	9.630404
15.06	9.646998
15.08	9.679563
15.1	9.696301
15.12	9.712987
15.14	9.728993
15.16	9.745826
15.18	9.762603
15.2	9.778691
15.22	9.812488
15.24	9.828668
15.26	9.845688
15.28	9.86265
15.3	9.878924
15.32	9.913091
15.34	9.929458
15.36	9.946661
15.38	9.963805
15.4	9.980265
15.42	9.997557
15.44	10.01479
15.46	10.03134
15.48	10.04872
15.5	10.08268
15.52	10.10015
15.54	10.11756
15.56	10.13428
15.58	10.15184
15.6	10.18614
15.62	10.20378
15.64	10.22136
15.66	10.23826
15.68	10.25598
15.7	10.27363
15.72	10.30842
15.74	10.32616
15.76	10.34323
15.78	10.36111
15.8	10.37893
15.82	10.39608
15.84	10.41404
15.86	10.43194
15.88	10.4672
15.9	10.48518
15.92	10.50249
15.94	10.5206
15.96	10.53865
15.98	10.55604
16	10.57423
16.02	10.59235
16.04	10.62808
16.06	10.64628
16.08	10.66382
16.1	10.68215
16.12	10.70043
16.14	10.71804
16.16	10.73645
16.18	10.75479
16.2	10.77248
16.22	10.80937
16.24	10.81717
16.26	10.81052
16.28	10.79888
16.3	10.7924
16.32	10.78496
16.34	10.77331
16.36	10.737
16.38	10.58899
16.4	10.58275
16.42	10.52185
16.44	10.51781
16.46	10.46464
16.48	10.46109
16.5	10.41186
16.52	10.3574
16.54	10.30172
16.56	10.25202
16.58	10.2138
16.6	10.20247
16.62	10.19057
16.64	10.18032
16.66	10.14601
16.68	10.14225
16.7	10.13376
16.72	10.12454
16.74	10.11539
16.76	10.1065
16.78	10.08955
16.8	10.08152
16.82	10.07377
16.84	10.0663
16.86	10.05914
16.88	10.05227
16.9	10.04568
16.92	10.0394
16.94	10.03338
16.96	10.02767
16.98	10.01712
17	10.01229
17.02	10.00773
17.04	10.00348
17.06	9.999523
17.08	9.995843
17.1	9.99247
17.12	9.989367
17.14	9.986573
17.16	9.981862
17.18	9.97995
17.2	9.97831
17.22	9.976977
17.24	9.975949
17.26	9.974947
17.28	9.967497
17.3	9.963439
17.32	9.959435
17.34	9.955457
17.36	9.95151
17.38	9.94364
17.4	9.939859
17.42	9.936122
17.44	9.932372
17.46	9.928608
17.48	9.924939
17.5	9.921323
17.52	9.917757
17.54	9.910851
17.56	9.907368
17.58	9.903962
17.6	9.900614
17.62	9.897307
17.64	9.894052
17.66	9.887709
17.68	9.884592
17.7	9.881512
17.72	9.878471
17.74	9.875485
17.76	9.872538
17.78	9.869637
17.8	9.86402
17.82	9.861278
17.84	9.858576
17.86	9.855857
17.88	9.853127
17.9	9.850496
17.92	9.847915
17.94	9.842882
17.96	9.840473
17.98	9.838087
18	9.835744
18.02	9.83335
18.04	9.83104
18.06	9.828777
18.08	9.824385
18.1	9.822248
18.12	9.82016
18.14	9.818121
18.16	9.816179
18.18	9.814253
18.2	9.81236
18.22	9.81041
18.24	9.806737
18.26	9.804963
18.28	9.803233
18.3	9.801539
18.32	9.799886
18.34	9.798275
18.36	9.796708
18.38	9.793716
18.4	9.792343
18.42	9.790921
18.44	9.789555
18.46	9.788226
18.48	9.786933
18.5	9.785674
18.52	9.783263
18.54	9.782112
18.56	9.780998
18.58	9.77993
18.6	9.778895
18.62	9.7779
18.64	9.776944
18.66	9.77603
18.68	9.775157
18.7	9.773543
18.72	9.772794
18.74	9.772085
18.76	9.771417
18.78	9.770791
18.8	9.770206
18.82	9.76971
18.84	9.769207
18.86	9.768729
18.8