39.72	8.508482
39.74	8.52554
39.76	8.525071
39.78	8.519428
39.8	8.511437
39.82	8.501675
39.84	8.49026
39.86	9.05157
39.88	9.329727
39.9	9.512632
39.92	9.570949
39.94	9.606343
39.96	9.636559
39.98	9.665026
40	9.692798
40.02	9.719868
40.04	9.72238
40.06	9.725404
40.08	9.724961
40.1	9.714716
40.12	9.70197
40.14	9.684192
40.16	9.661524
40.18	9.634135
40.2	9.602226
40.22	9.572316
40.24	9.504998
40.26	9.466978
40.28	9.163481
40.3	9.236398
40.32	8.946312
40.34	8.733337
40.36	8.780585
40.38	8.564215
40.4	8.365116
40.42	8.357195
40.44	8.17679
40.46	8.158892
40.48	8.001674
40.5	7.843331
40.52	7.809433
40.54	7.704508
40.56	7.661179
40.58	7.587272
40.6	7.540176
40.62	7.444122
40.64	7.426353
40.66	7.374709
40.68	7.385913
40.7	7.33302
40.72	7.492496
40.74	7.338899
40.76	7.53354
40.78	7.607214
40.8	7.483272
40.82	7.706034
40.84	7.595623
40.86	7.828618
40.88	7.973537
40.9	7.919172
40.92	8.106893
40.94	8.06889
40.96	8.266212
40.98	8.454636
41	8.431129
41.02	8.641771
41.04	8.624361
41.06	8.835786
41.08	8.804619
41.1	9.017763
41.12	9.154506
41.14	9.097849
41.16	9.102765
41.18	9.110578
41.2	9.125986
41.22	9.133744
41.24	9.141656
41.26	9.149815
41.28	9.158319
41.3	9.168928
41.32	9.192529
41.34	9.202234
41.36	9.21184
41.38	9.221452
41.4	9.231101
41.42	9.240785
41.44	9.260262
41.46	9.270063
41.48	9.279889
41.5	9.289765
41.52	9.299658
41.54	9.319609
41.56	9.329618
41.58	9.339693
41.6	9.349769
41.62	9.359915
41.64	9.380332
41.66	9.390617
41.68	9.400889
41.7	9.411248
41.72	9.421684
41.74	9.4321
41.76	9.442541
41.78	9.463631
41.8	9.474283
41.82	9.484908
41.84	9.495647
41.86	9.506389
41.88	9.528073
41.9	9.539025
41.92	9.549978
41.94	9.561063
41.96	9.572106
41.98	9.583291
42	9.605696
42.02	9.617069
42.04	9.62844
42.06	9.63985
42.08	9.651424
42.1	9.662995
42.12	9.674608
42.14	9.698182
42.16	9.710012
42.18	9.722029
42.2	9.734043
42.22	9.746105
42.24	9.758366
42.26	9.770624
42.28	9.782934
42.3	9.795454
42.32	9.807973
42.34	9.833344
42.36	9.846141
42.38	9.858996
42.4	9.872086
42.42	9.88514
42.44	9.898435
42.46	9.911695
42.48	9.938558
42.5	9.952166
42.52	9.965862
42.54	9.979698
42.56	9.993627
42.58	10.0077
42.6	10.03619
42.62	10.0506
42.64	10.06518
42.66	10.07985
42.68	10.09469
42.7	10.10963
42.72	10.12474
42.74	10.15535
42.76	10.17086
42.78	10.18655
42.8	10.20235
42.82	10.21834
42.84	10.23445
42.86	10.26718
42.88	10.2838
42.9	10.30056
42.92	10.31751
42.94	10.3346
42.96	10.3519
42.98	10.38698
43	10.40478
43.02	10.42279
43.04	10.44096
43.06	10.43336
43.08	10.41533
43.1	10.40555
43.12	10.3958
43.14	10.38628
43.16	10.37673
43.18	10.36716
43.2	10.3477
43.22	10.33793
43.24	10.32807
43.26	10.31802
43.28	10.30805
43.3	10.29798
43.32	10.28773
43.34	10.26718
43.36	10.2568
43.38	10.24638
43.4	10.23587
43.42	10.22532
43.44	10.20404
43.46	10.1933
43.48	10.18251
43.5	10.17164
43.52	10.16075
43.54	10.13878
43.56	10.1277
43.58	10.11658
43.6	10.10539
43.62	10.09417
43.64	10.07158
43.66	10.0602
43.68	10.04879
43.7	10.03731
43.72	10.02581
43.74	10.01433
43.76	9.991029
43.78	9.979362
43.8	9.967625
43.82	9.955887
43.84	9.944167
43.86	9.932279
43.88	9.92041
43.9	9.908525
43.92	9.884634
43.94	9.872718
43.96	9.860638
43.98	9.84863
44	9.83649
44.02	9.824417
44.04	9.812215
44.06	9.787835
44.08	9.775606
44.1	9.763335
44.12	9.751056
44.14	9.738737
44.16	9.726412
44.18	9.714051
44.2	9.701685
44.22	9.676885
44.24	9.664454
44.26	9.652023
44.28	9.639565
44.3	9.627111
44.32	9.60216
44.34	9.589664
44.36	9.57718
44.38	9.564675
44.4	9.552184
44.42	9.539677
44.44	9.514681
44.46	9.502195
44.48	9.489698
44.5	9.477226
44.52	9.464745
44.54	9.452291
44.56	9.427401
44.58	9.414969
44.6	9.402573
44.62	9.390176
44.64	9.377817
44.66	9.353149
44.68	9.340842
44.7	9.328581
44.72	9.31633
44.74	9.30413
44.76	9.279808
44.78	9.267689
44.8	9.25563
44.82	9.243588
44.84	9.23161
44.86	9.219655
44.88	9.207766
44.9	9.18411
44.92	9.172347
44.94	9.16066
44.96	9.149005
44.98	9.137429
45	9.125891
45.02	9.103022
45.04	9.091696
45.06	9.080415
45.08	9.069225
45.1	9.058084
45.12	9.04704
45.14	9.025157
45.16	9.014321
45.18	9.003593
45.2	8.992925
45.22	8.982368
45.24	8.971873
45.26	8.951184
45.28	8.940996
45.3	8.930879
45.32	8.920886
45.34	8.910969
45.36	8.901183
45.38	8.891476
45.4	8.872417
45.42	8.863072
45.44	8.853813
45.46	8.844701
45.48	8.83568
45.5	8.82681
45.52	8.818036
45.54	8.80942
45.56	8.800901
45.58	8.792546
45.6	8.77621
45.62	8.768233
45.64	8.760429
45.66	8.752737
45.68	8.745224
45.7	8.737826
45.72	8.723519
45.74	8.716615
45.76	8.709833
45.78	8.703248
45.8	8.69679
45.82	8.684407
45.84	8.678488
45.86	8.672705
45.88	8.667133
45.9	8.661701
45.92	8.656487
45.94	8.651418
45.96	8.646569
45.98	8.64187
46	8.637398
46.02	8.633078
46.04	8.62506
46.06	8.621368
46.08	8.617837
46.1	8.614549
46.12	8.611424
46.14	8.60855
46.16	8.605844
46.18	8.601111
46.2	8.599092
46.22	8.597247
46.24	8.595666
46.26	8.594265
46.28	8.593134
46.3	8.592186
46.32	8.591513
46.34	8.583559
46.36	8.654855
46.38	8.629983
46.4	8.676657
46.42	8.62733
46.44	8.680451
46.46	8.629496
46.48	8.635291
46.5	8.693753
46.52	8.510918
46.54	8.401017
46.56	8.344598
46.58	8.291345
46.6	8.241569
46.62	8.195327
46.64	8.152618
46.66	8.112614
46.68	8.074265
46.7	8.001894
46.72	7.967785
46.74	8.099582
46.76	7.901938
46.78	8.036493
46.8	7.839121
46.82	7.777908
46.84	7.915247
46.86	7.718402
46.88	7.857178
46.9	7.660727
46.92	7.800963
46.94	7.605008
46.96	7.551377
46.98	7.694595
47	7.499968
47.02	7.644701
47.04	7.450918
47.06	7.404364
47.08	7.552161
47.1	7.360448
47.12	7.509786
47.14	7.319311
47.16	7.281098
47.18	7.433515
47.2	7.24595
47.22	7.399896
47.24	7.21401
47.26	7.369473
47.28	7.185421
47.3	7.160325
47.32	7.318764
47.34	7.138857
47.36	7.298747
47.38	7.121156
47.4	7.282462
47.42	7.107352
47.44	7.270038
47.46	7.097573
47.48	7.09194
47.5	7.257254
47.52	7.09057
47.54	7.257123
47.56	7.093574
47.58	7.261309
47.6	7.101052
47.62	7.26991
47.64	7.113099
47.66	7.129798
47.68	7.300704
47.7	7.151235
47.72	7.323066
47.74	7.177467
47.76	7.350151
47.78	7.382016
47.8	7.244549
47.82	7.418711
47.84	7.285483
47.86	7.46027
47.88	7.331386
47.9	7.382277
47.92	7.558086
47.94	7.438162
47.96	7.61437
47.98	7.499041
48	7.630145
48.02	7.584287
48.04	7.568216
48.06	7.551826
48.08	7.535175
48.1	7.518332
48.12	7.501369
48.14	7.484368
48.16	7.467417
48.18	7.450609
48.2	7.400722
48.22	7.408806
48.24	7.370723
48.26	7.416622
48.28	7.361891
48.3	7.401025
48.32	7.335536
48.34	7.3686
48.36	7.30272
48.38	7.287151
48.4	7.256749
48.42	7.210064
48.44	7.171566
48.46	7.143182
48.48	7.104811
48.5	7.049076
48.52	7.036444
48.54	6.999626
48.56	6.988008
48.58	6.976451
48.6	6.968069
48.62	6.963729
48.64	6.959272
48.66	6.954695
48.68	6.949998
48.7	6.945552
48.72	6.942297
48.74	6.909774
48.76	6.873702
48.78	6.837951
48.8	6.803525
48.82	6.770614
48.84	6.739229
48.86	6.709355
48.88	6.654041
48.9	6.565792
48.92	6.55081
48.94	6.546497
48.96	6.582908
48.98	6.667244
49	6.589835
49.02	6.667732
49.04	6.588802
49.06	6.642778
49.08	6.617796
49.1	6.593467
49.12	6.569979
49.14	6.575477
49.16	6.554519
49.18	6.561906
49.2	6.555745
49.22	6.539079
49.24	6.541035
49.26	6.542857
49.28	6.544532
49.3	6.546052
49.32	6.548635
49.34	6.54972
49.36	6.554127
49.38	6.558401
49.4	6.562542
49.42	6.565191
49.44	6.57006
49.46	6.59131
49.48	6.593195
49.5	6.605846
49.52	6.60629
49.54	6.620223
49.56	6.636281
49.58	6.625775
49.6	6.630664
49.62	6.602167
49.64	6.610388
49.66	6.595473
49.68	6.563059
49.7	6.585205
49.72	6.552216
49.74	6.578417
49.76	6.558662
49.78	6.562989
49.8	6.586154
49.82	6.570517
49.84	6.59692
49.86	6.610669
49.88	6.597936
49.9	6.624217
49.92	6.6124
49.94	6.634744
49.96	6.652864
49.98	6.64708
50	6.666786
50.02	6.661747
50.04	6.680634
50.06	6.676964
50.08	6.686413
50.1	6.692588
50.12	6.678995
50.14	6.692026
50.16	6.677097
50.18	6.680531
50.2	6.703675
50.22	6.687868
50.24	6.713877
50.26	6.685709
50.28	6.646391
50.3	6.606905
50.32	6.534234
50.34	6.501407
50.36	6.470845
50.38	6.442458
50.4	6.416148
50.42	6.391819
50.44	6.292757
50.46	6.210522
50.48	6.155598
50.5	6.152441
50.52	6.148031
50.54	6.142733
50.56	6.221601
50.58	6.194067
50.6	6.29243
50.62	6.309121
50.64	6.326039
50.66	6.343264
50.68	6.360882
50.7	6.37899
50.72	6.427525
50.74	6.454373
50.76	6.482086
50.78	6.570134
50.8	6.540643
50.82	6.629373
50.84	6.601449
50.86	6.664684
50.88	6.754604
50.9	6.730375
50.92	6.820859
50.94	6.798518
50.96	6.854761
50.98	6.869101
51	6.942111
51.02	6.999547
51.04	7.017535
51.06	7.075558
51.08	7.095356
51.1	7.153961
51.12	7.175557
51.14	7.25318
51.16	7.258123
51.18	7.343034
51.2	7.42175
51.22	7.430273
51.24	7.509524
51.26	7.519822
51.28	7.610613
51.3	7.687205
51.32	7.716633
51.34	7.793985
51.36	7.825727
51.38	7.914594
51.4	7.96834
51.42	7.987325
51.44	8.038518
51.46	8.058422
51.48	8.098884
51.5	8.094069
51.52	8.070478
51.54	8.060644
51.56	8.052695
51.58	8.046497
51.6	8.041873
51.62	8.038634
51.64	8.004233
51.66	7.979266
51.68	7.96217
51.7	7.953403
51.72	7.960944
51.74	8.008304
51.76	8.072875
51.78	8.102919
51.8	8.132711
51.82	8.192582
51.84	8.25373
51.86	8.381333
51.88	8.44713
51.9	8.532105
51.92	8.591074
51.94	8.676342
51.96	8.734626
51.98	8.877727
52	8.935821
52.02	8.968804
52.04	9.025702
52.06	9.05792
52.08	9.113514
52.1	9.199102
52.12	9.229583
52.14	9.282403
52.16	9.278984
52.18	9.399893
52.2	9.337399
52.22	9.393824
52.24	9.522087
52.26	9.448476
52.28	9.569905
52.3	9.493149
52.32	9.585483
52.34	9.583008
52.36	9.662467
52.38	9.662212
52.4	9.738351
52.42	9.747261
52.44	9.83792
52.46	9.918467
52.48	9.929379
52.5	9.994153
52.52	9.977046
52.54	10.02335
52.56	10.06837
52.58	10.04465
52.6	10.06886
52.62	10.04341
52.64	10.06715
52.66	10.04052
52.68	10.02649
52.7	9.990182
52.72	9.905032
52.74	9.969616
52.76	9.88294
52.78	9.955786
52.8	9.921886
52.82	10.03569
52.84	10.01164
52.86	10.11188
52.88	10.22037
52.9	10.22126
52.92	10.30816
52.94	10.29367
52.96	10.37189
52.98	10.35703
53	10.43448
53.02	10.42039
53.04	10.54791
53.06	10.53251
53.08	10.52277
53.1	10.51303
53.12	10.50329
53.14	10.48378
53.16	10.474
53.18	10.46421
53.2	10.46335
53.22	10.46226
53.24	10.47568
53.26	10.46291
53.28	10.46945
53.3	10.46501
53.32	10.46589
53.34	10.46836
53.36	10.46934
53.38	10.47006
53.4	10.47051
53.42	10.47068
53.44	10.47056
53.46	10.47015
53.48	10.46845
53.5	10.46719
53.52	10.46567
53.54	10.46392
53.56	10.46196
53.58	10.45326
53.6	10.43777
53.62	10.43046
53.64	10.42332
53.66	10.41655
53.68	10.40991
53.7	10.39751
53.72	10.39153
53.74	10.38593
53.76	10.38046
53.78	10.37539
53.8	10.37043
53.82	10.36121
53.84	10.35692
53.86	10.35304
53.88	10.34927
53.9	10.34565
53.92	10.34245
53.94	10.33669
53.96	10.33413
53.98	10.33171
54	10.32972
54.02	10.32804
54.04	10.32646
54.06	10.3241
54.08	10.32341
54.1	10.32281
54.12	10.32257
54.14	10.32243
54.16	10.32314
54.18	10.32392
54.2	10.32478
54.22	10.32611
54.24	10.32751
54.26	10.3293
54.28	10.33353
54.3	10.33595
54.32	10.33877
54.34	10.34191
54.36	10.34511
54.38	10.34871
54.4	10.35263
54.42	10.35661
54.44	10.3657
54.46	10.37047
54.48	10.37566
54.5	10.38116
54.52	10.38673
54.54	10.39271
54.56	10.39903
54.58	10.4054
54.6	10.41219
54.62	10.4265
54.64	10.43411
54.66	10.44205
54.68	10.45005
54.7	10.45849
54.72	10.47309
54.74	10.54314
54.76	10.61536
54.78	10.68786
54.8	10.76025
54.82	10.8324
54.84	10.90423
54.86	10.85204
54.88	10.91658
54.9	10.91177
54.92	10.9112
54.94	10.91132
54.96	10.62188
54.98	10.49603
55	10.60273
55.02	10.38758
55.04	10.47035
55.06	10.29786
55.08	10.35558
55.1	10.1758
55.12	10.0948
55.14	10.05662
55.16	10.06206
55.18	10.06062
55.2	10.05754
55.22	10.05008
55.24	10.04596
55.26	10.0416
55.28	10.03702
55.3	10.0322
55.32	10.02187
55.34	10.01637
55.36	10.01063
55.38	10.00467
55.4	9.998478
55.42	9.985414
55.44	9.978543
55.46	9.971448
55.48	9.964128
55.5	9.956583
55.52	9.940825
55.54	9.932613
55.56	9.924181
55.58	9.915527
55.6	9.906656
55.62	9.888258
55.64	9.878734
55.66	9.886666
55.68	9.900584
55.7	9.926831
55.72	9.973917
55.74	10.00167
55.76	10.03464
55.78	9.98921
55.8	9.951286
55.82	9.936898
55.84	9.903878
55.86	9.888351
55.88	9.843683
55.9	9.820811
55.92	9.639923
55.94	9.476636
55.96	9.333035
55.98	9.122002
56	9.087944
56.02	9.030045
56.04	8.9586
56.06	8.875941
56.08	8.872598
56.1	8.866186
56.12	8.859835
56.14	8.853807
56.16	8.848142
56.18	8.837958
56.2	8.833446
56.22	8.829308
56.24	8.82556
56.26	8.82219
56.28	8.819213
56.3	8.816611
56.32	8.814401
56.34	8.811135
56.36	8.810077
56.38	8.809411
56.4	8.809127
56.42	8.809237
56.44	8.809726
56.46	8.811877
56.48	8.887064
56.5	8.961418
56.52	9.034128
56.54	9.104985
56.56	9.240797
56.58	9.305624
56.6	9.351303
56.62	9.398862
56.64	9.447015
56.66	9.411223
56.68	9.451198
56.7	9.45306
56.72	9.415234
56.74	9.454177
56.76	9.415401
56.78	9.424024
56.8	9.432292
56.82	9.447513
56.84	9.454355
56.86	9.460619
56.88	9.466264
56.9	9.471249
56.92	9.475541
56.94	9.371011
56.96	9.377256
56.98	9.379574
57	9.381097
57.02	9.382481
57.04	9.383854
57.06	9.386662
57.08	9.38811
57.1	9.389587
57.12	9.391102
57.14	9.392653
57.16	9.394245
57.18	9.395878
57.2	9.399282
57.22	9.401056
57.24	9.402883
57.26	9.404765
57.28	9.406705
57.3	9.410769
57.32	9.412898
57.34	9.415095
57.36	9.417365
57.38	9.419708
57.4	9.422129
57.42	9.424629
57.44	9.429882
57.46	9.43264
57.48	9.43549
57.5	9.438435
57.52	9.441477
57.54	9.447866
57.56	9.451221
57.58	9.454684
57.6	9.458262
57.62	9.461956
57.64	9.46577
57.66	9.469706
57.68	9.477959
57.7	9.482284
57.72	9.486742
57.74	9.491341
57.76	9.496081
57.78	9.500967
57.8	9.506002
57.82	9.516644
57.84	9.515341
57.86	9.509564
57.88	9.461755
57.9	9.417295
57.92	9.269733
57.94	9.226956
57.96	9.138505
57.98	9.166508
58	9.196003
58.02	9.255286
58.04	9.284682
58.06	9.280825
58.08	9.276242
58.1	9.271543
58.12	9.266974
58.14	9.262244
58.16	9.253305
58.18	9.249071
58.2	9.244824
58.22	9.24079
58.24	9.236794
58.26	9.232871
58.28	9.225453
58.3	9.221837
58.32	9.21843
58.34	9.215286
58.36	9.211998
58.38	9.208925
58.4	9.202947
58.42	9.198787
58.44	9.192831
58.46	9.186493
58.48	9.179659
58.5	9.173056
58.52	9.16002
58.54	9.153675
58.56	9.14649
58.58	9.139645
58.6	9.13289
58.62	9.118939
58.64	9.111826
58.66	9.104992
58.68	9.098252
58.7	9.091239
58.72	9.084505
58.74	9.070574
58.76	9.063971
58.78	9.057397
58.8	9.050982
58.82	9.043691
58.84	9.030094
58.86	9.02303
58.88	9.016334
58.9	9.009149
58.92	9.00232
58.94	8.995584
58.96	8.988555
58.98	8.974693
59	8.967858
59.02	8.96111
59.04	8.954081
59.06	8.947362
59.08	8.940199
59.1	8.933349
59.12	8.926586
59.14	8.912808
59.16	8.905631
59.18	8.898765
59.2	8.891987
59.22	8.884928
59.24	8.878181
59.26	8.864107
59.28	8.857319
59.3	8.850245
59.32	8.84349
59.34	8.836281
59.36	8.822598
59.38	8.815514
59.4	8.808753
59.42	8.801533
59.44	8.79464
59.46	8.787843
59.48	8.780752
59.5	8.766764
59.52	8.75987
59.54	8.753076
59.56	8.745983
59.58	8.739225
59.6	8.725106
59.62	8.718316
59.64	8.711227
59.66	8.704476
59.68	8.69725
59.7	8.683589
59.72	8.676505
59.74	8.669765
59.76	8.662545
59.78	8.655674
59.8	8.648908
59.82	8.63511
59.84	8.627899
59.86	8.621043
59.88	8.614294
59.9	8.600528
59.92	8.59333
59.94	8.586492
59.96	8.579763
59.98	8.572721
60	8.566034
60.02	8.552036
60.04	8.545331
60.06	8.538309
60.08	8.531647
60.1	8.524485
60.12	8.517693
60.14	8.504013
60.16	8.497377
60.18	8.490238
60.2	8.483473
60.22	8.476821
60.24	8.469847
60.26	8.456127
60.28	8.44939
60.3	8.442769
60.32	8.435824
60.34	8.429248
60.36	8.422162
60.38	8.40887
60.4	8.401955
60.42	8.395412
60.44	8.388357
60.46	8.381686
60.48	8.375133
60.5	8.361744
60.52	8.35472
60.54	8.348084
60.56	8.341569
60.58	8.334722
60.6	8.328253
60.62	8.314666
60.64	8.308189
60.66	8.301379
60.68	8.29495
60.7	8.287996
60.72	8.281438
60.74	8.275002
60.76	8.261842
60.78	8.254927
60.8	8.24841
60.82	8.242017
60.84	8.235285
60.86	8.222064
60.88	8.21559
60.9	8.209241
60.92	8.202552
60.94	8.196249
60.96	8.189415
60.98	8.176682
61	8.170037
61.02	8.16378
61.04	8.156989
61.06	8.150605
61.08	8.137749
61.1	8.131538
61.12	8.124791
61.14	8.118456
61.16	8.112247
61.18	8.105694
61.2	8.092832
61.22	8.086544
61.24	8.080385
61.26	8.07388
61.28	8.067767
61.3	8.061113
61.32	8.054876
61.34	8.042312
61.36	8.03625
61.38	8.029645
61.4	8.023458
61.42	8.017404
61.44	8.010997
61.46	7.998431
61.48	7.992297
61.5	7.986296
61.52	7.97994
61.54	7.973983
61.56	7.967478
61.58	7.955451
61.6	7.949148
61.62	7.943245
61.64	7.936792
61.66	7.930767
61.68	7.918625
61.7	7.912777
61.72	7.906377
61.74	7.900407
61.76	7.894571
61.78	7.888378
61.8	7.87624
61.82	7.870327
61.84	7.864548
61.86	7.85841
61.88	7.852675
61.9	7.846385
61.92	7.840528
61.94	7.834809
61.96	7.828728
61.98	7.816817
62	7.811019
62.02	7.805359
62.04	7.799335
62.06	7.793718
62.08	7.781802
62.1	7.776202
62.12	7.770237
62.14	7.764679
62.16	7.75856
62.18	7.752882
62.2	7.741438
62.22	7.735941
62.24	7.729881
62.26	7.724265
62.28	7.718788
62.3	7.707508
62.32	7.701507
62.34	7.695953
62.36	7.690539
62.38	7.684757
62.4	7.679384
62.42	7.667953
62.44	7.662603
62.46	7.656883
62.48	7.651573
62.5	7.645695
62.52	7.640267
62.54	7.634982
62.56	7.624078
62.58	7.618262
62.6	7.6129
62.62	7.60768
62.64	7.602087
62.66	7.596906
62.68	7.585856
62.7	7.580703
62.72	7.575174
62.74	7.57006
62.76	7.564372
62.78	7.554055
62.8	7.548592
62.82	7.543543
62.84	7.53792
62.86	7.532757
62.88	7.527739
62.9	7.517361
62.92	7.511804
62.94	7.506708
62.96	7.501759
62.98	7.496429
63	7.491517
63.02	7.486026
63.04	7.480999
63.06	7.470859
63.08	7.466014
63.1	7.460591
63.12	7.455635
63.14	7.450824
63.16	7.440859
63.18	7.435503
63.2	7.430617
63.22	7.425879
63.24	7.420756
63.26	7.410766
63.28	7.405951
63.3	7.401284
63.32	7.396232
63.34	7.3916
63.36	7.381639
63.38	7.377045
63.4	7.372065
63.42	7.367504
63.44	7.362358
63.46	7.357687
63.48	7.353166
63.5	7.348258
63.52	7.34377
63.54	7.334097
63.56	7.329651
63.58	7.324815
63.6	7.320401
63.62	7.315398
63.64	7.306503
63.66	7.301741
63.68	7.297401
63.7	7.292471
63.72	7.288022
63.74	7.283725
63.76	7.274773
63.78	7.269917
63.8	7.265543
63.82	7.261323
63.84	7.256711
63.86	7.247739
63.88	7.243443
63.9	7.2393
63.92	7.234763
63.94	7.23065
63.96	7.221723
63.98	7.217658
64	7.213198
64.02	7.20453
64.04	7.200388
64.06	7.196401
64.08	7.192018
64.1	7.183505
64.12	7.179441
64.14	7.175533
64.16	7.171228
64.18	7.167348
64.2	7.158887
64.22	7.155059
64.24	7.150832
64.26	7.147031
64.28	7.142632
64.3	7.138728
64.32	7.134981
64.34	7.127112
64.36	7.122791
64.38	7.118968
64.4	7.115301
64.42	7.111234
64.44	7.107593
64.46	7.103351
64.48	7.096024
64.5	7.092037
64.52	7.088478
64.54	7.084317
64.56	7.080656
64.58	7.077154
64.6	7.069771
64.62	7.065691
64.64	7.062112
64.66	7.058693
64.68	7.054871
64.7	7.051475
64.72	7.043981
64.74	7.040646
64.76	7.036906
64.78	7.033594
64.8	7.029677
64.82	7.023015
64.84	7.019358
64.86	7.016129
64.88	7.012294
64.9	7.008967
64.92	7.002229
64.94	6.999084
64.96	6.995334
64.98	6.992092
65	6.989012
65.02	6.985524
65.04	6.978798
65.06	6.975642
65.08	6.972649
65.1	6.969245
65.12	6.966271
65.14	6.962689
65.16	6.956713
65.18	6.953396
65.2	6.950508
65.22	6.947011
65.24	6.944029
65.26	6.941209
65.28	6.937979
65.3	6.931767
65.32	6.928871
65.34	6.92614
65.36	6.922996
65.38	6.920282
65.4	6.914151
65.42	6.911508
65.44	6.908453
65.46	6.905826
65.48	6.902589
65.5	6.897317
65.52	6.89435
65.54	6.891811
65.56	6.888662
65.58	6.886033
65.6	6.88069
65.62	6.878241
65.64	6.875179
65.66	6.87264
65.68	6.870265
65.7	6.867476
65.72	6.865116
65.74	6.859694
65.76	6.857411
65.78	6.854712
65.8	6.852441
65.82	6.849558
65.84	6.847199
65.86	6.845007
65.88	6.842398
65.9	6.837425
65.92	6.835157
65.94	6.833057
65.96	6.830538
65.98	6.828449
66	6.825747
66.02	6.823571
66.04	6.819135
66.06	6.817137
66.08	6.814525
66.1	6.812441
66.12	6.810525
66.14	6.806283
66.16	6.803763
66.18	6.801772
66.2	6.799949
66.22	6.797706
66.24	6.793462
66.26	6.791564
66.28	6.789834
66.3	6.787684
66.32	6.785963
66.34	6.783625
66.36	6.78182
66.38	6.778128
66.4	6.776498
66.42	6.774254
66.44	6.772542
66.46	6.771001
66.48	6.767502
66.5	6.76535
66.52	6.763733
66.54	6.762286
66.56	6.760417
66.58	6.758974
66.6	6.755393
66.62	6.754041
66.64	6.752265
66.66	6.750916
66.68	6.748952
66.7	6.747524
66.72	6.744586
66.74	6.743333
66.76	6.741462
66.78	6.740129
66.8	6.738968
66.82	6.737382
66.84	6.736222
66.86	6.733209
66.88	6.732143
66.9	6.730652
66.92	6.729588
66.94	6.727906
66.96	6.726765
66.98	6.7244
67	6.72343
67.02	6.721843
67.04	6.720798
67.06	6.719924
67.08	6.718624
67.1	6.71775
67.12	6.71626
67.14	6.71531
67.16	6.714533
67.18	6.71333
67.2	6.711155
67.22	6.710302
67.24	6.709622
67.26	6.708515
67.28	6.707831
67.3	6.706532
67.32	6.705776
67.34	6.705192
67.36	6.704182
67.38	6.703594
67.4	6.702391
67.42	6.701731
67.44	6.701244
67.46	6.700331
67.48	6.699839
67.5	6.698732
67.52	6.698169
67.54	6.69778
67.56	6.696962
67.58	6.695556
67.6	6.695091
67.62	6.694798
67.64	6.694079
67.66	6.693779
67.68	6.692865
67.7	6.692497
67.72	6.692302
67.74	6.691679
67.76	6.691477
67.78	6.690659
67.8	6.690388
67.82	6.69029
67.84	6.689765
67.86	6.688939
67.88	6.688765
67.9	6.688765
67.92	6.688337
67.94	6.688327
67.96	6.687704
67.98	6.687627
68	6.687726
68.02	6.687395
68.04	6.687481
68.06	6.686955
68.08	6.686976
68.1	6.687171
68.12	6.686938
68.14	6.686692
68.16	6.686811
68.18	6.687104
68.2	6.686968
68.22	6.687248
68.24	6.686915
68.26	6.687131
68.28	6.687484
68.3	6.68786
68.32	6.687625
68.34	6.687938
68.36	6.688426
68.38	6.688486
68.4	6.68882
68.42	6.689231
68.44	6.689816
68.46	6.689973
68.48	6.690542
68.5	6.690501
68.52	6.69101
68.54	6.691947
68.56	6.692612
68.58	6.692667
68.6	6.693274
68.62	6.694053
68.64	6.695167
68.66	6.695319
68.68	6.696022
68.7	6.696899
68.72	6.697348
68.74	6.698205
68.76	6.698455
68.78	6.699255
68.8	6.700775
68.82	6.701728
68.84	6.702075
68.86	6.702971
68.88	6.704042
68.9	6.704685
68.92	6.706177
68.94	6.70717
68.96	6.708338
68.98	6.709077
69	6.710222
69.02	6.710761
69.04	6.713115
69.06	6.713951
69.08	6.715191
69.1	6.715827
69.12	6.717012
69.14	6.718373
69.16	6.72064
69.18	6.721372
69.2	6.722653
69.22	6.72411
69.24	6.725139
69.26	6.726568
69.28	6.728774
69.3	6.730325
69.32	6.73145
69.34	6.732974
69.36	6.733897
69.38	6.737018
69.4	6.738237
69.42	6.739856
69.44	6.740875
69.46	6.742444
69.48	6.744185
69.5	6.747213
69.52	6.748327
69.54	6.74999
69.56	6.751827
69.58	6.753237
69.6	6.755043
69.62	6.758009
69.64	6.759941
69.66	6.761446
69.68	6.763345
69.7	6.764648
69.72	6.7665
69.74	6.768526
69.76	6.772117
69.78	6.773515
69.8	6.77546
69.82	6.777579
69.84	6.779273
69.86	6.782849
69.88	6.784888
69.9	6.7871
69.92	6.788887
69.94	6.791063
69.96	6.792648
69.98	6.79478
70	6.798965
70.02	6.801234
70.04	6.802911
70.06	6.805136
70.08	6.807533
70.1	6.809506
70.12	6.813637
70.14	6.815954
70.16	6.818443
70.18	6.820509
70.2	6.822959
70.22	6.824822
70.24	6.829811
70.26	6.831969
70.28	6.83451
70.3	6.836464
70.32	6.838964
70.34	6.841636
70.36	6.846516
70.38	6.848561
70.4	6.851152
70.42	6.853914
70.44	6.856254
70.46	6.861111
70.48	6.863792
70.5	6.866643
70.52	6.869074
70.54	6.871883
70.56	6.876881
70.58	6.879822
70.6	6.882343
70.62	6.885241
70.64	6.887558
70.66	6.893448
70.68	6.896058
70.7	6.899044
70.72	6.901451
70.74	6.904399
70.76	6.907517
70.78	6.91329
70.8	6.915786
70.82	6.918822
70.84	6.922028
70.86	6.924816
70.88	6.927976
70.9	6.933683
70.92	6.936977
70.94	6.939853
70.96	6.943099
70.98	6.94577
71	6.948981
71.02	6.955325
71.04	6.958656
71.06	6.961415
71.08	6.964712
71.1	6.968178
71.12	6.971228
71.14	6.977491
71.16	6.980874
71.18	6.984425
71.2	6.987562
71.22	6.991062
71.24	6.997463
71.26	7.001099
71.28	7.004321
71.3	7.007905
71.32	7.010923
71.34	7.014476
71.36	7.021503
71.38	7.02517
71.4	7.028273
71.42	7.03191
71.44	7.035714
71.46	7.039105
71.48	7.046042
71.5	7.049762
71.52	7.053649
71.54	7.057124
71.56	7.060956
71.58	7.068029
71.6	7.071999
71.62	7.075557
71.64	7.07947
71.66	7.082823
71.68	7.09076
71.7	7.0944
71.72	7.098394
71.74	7.10183
71.76	7.105796
71.78	7.109928
71.8	7.11365
71.82	7.121242
71.84	7.125289
71.86	7.129501
71.88	7.133304
71.9	7.137457
71.92	7.145184
71.94	7.149475
71.96	7.153358
71.98	7.15759
72	7.16127
72.02	7.165476
72.04	7.169847
72.06	7.17381
72.08	7.178119
72.1	7.181879
72.12	7.190613
72.14	7.194656
72.16	7.199042
72.18	7.202881
72.2	7.207244
72.22	7.21177
72.24	7.220355
72.26	7.224272
72.28	7.228713
72.3	7.233315
72.32	7.237514
72.34	7.242053
72.36	7.250566
72.38	7.255244
72.4	7.25952
72.42	7.264134
72.44	7.268207
72.46	7.277554
72.48	7.281906
72.5	7.286595
72.52	7.290744
72.54	7.295412
72.56	7.300241
72.58	7.309432
72.6	7.313657
72.62	7.318398
72.64	7.323302
72.66	7.327806
72.68	7.332641
72.7	7.341756
72.72	7.346733
72.74	7.351311
72.76	7.356218
72.78	7.360593
72.8	7.365482
72.82	7.375183
72.84	7.380161
72.86	7.38461
72.88	7.389571
72.9	7.394691
72.92	7.399416
72.94	7.408988
72.96	7.41402
72.98	7.419212
73	7.424008
73.02	7.429129
73.04	7.433722
73.06	7.444088
73.08	7.448957
73.1	7.454146
73.12	7.458812
73.14	7.463985
73.16	7.469317
73.18	7.479515
73.2	7.484251
73.22	7.489495
73.24	7.494895
73.26	7.499905
73.28	7.505231
73.3	7.510038
73.32	7.51535
73.34	7.525897
73.36	7.531291
73.38	7.536167
73.4	7.541547
73.42	7.547083
73.44	7.552231
73.46	7.557691
73.48	7.562636
73.5	7.573686
73.52	7.578901
73.54	7.584427
73.56	7.589441
73.58	7.594955
73.6	7.600624
73.62	7.611498
73.64	7.616579
73.66	7.622159
73.68	7.627893
73.7	7.633242
73.72	7.644045
73.74	7.649691
73.76	7.65549
73.78	7.660904
73.8	7.666625
73.82	7.671838
73.84	7.683411
73.86	7.688891
73.88	7.694674
73.9	7.699954
73.92	7.705727
73.94	7.711653
73.96	7.717197
73.98	7.723043
74	7.734223
74.02	7.740211
74.04	7.74582
74.06	7.751727
74.08	7.757135
74.1	7.763034
74.12	7.769084
74.14	7.780724
74.16	7.786194
74.18	7.792155
74.2	7.798266
74.22	7.804
74.24	7.810029
74.26	7.821584
74.28	7.827755
74.3	7.83355
74.32	7.839638
74.34	7.845233
74.36	7.857547
74.38	7.863403
74.4	7.86955
74.42	7.875206
74.44	7.881348
74.46	7.887638
74.48	7.893554
74.5	7.905476
74.52	7.911676
74.54	7.918025
74.56	7.924001
74.58	7.930264
74.6	7.9423
74.62	7.948706
74.64	7.954741
74.66	7.961061
74.68	7.966897
74.7	7.973213
74.72	7.985769
74.74	7.992146
74.76	7.99804
74.78	8.004413
74.8	8.010933
74.82	8.023515
74.84	8.029468
74.86	8.035896
74.88	8.042472
74.9	8.048679
74.92	8.055166
74.94	8.067659
74.96	8.074289
74.98	8.080554
75	8.087094
75.02	8.093161
75.04	8.106384
75.06	8.112703
75.08	8.119297
75.1	8.125419
75.12	8.132013
75.14	8.138751
75.16	8.145125
75.18	8.157948
75.2	8.164597
75.22	8.171387
75.24	8.177815
75.26	8.184515
75.28	8.190746
75.3	8.20429
75.32	8.210773
75.34	8.217524
75.36	8.223809
75.38	8.230562
75.4	8.237457
75.42	8.250794
75.44	8.257133
75.46	8.263937
75.48	8.270884
75.5	8.277472
75.52	8.284324
75.54	8.290715
75.56	8.304567
75.58	8.311207
75.6	8.31811
75.62	8.324553
75.64	8.331459
75.66	8.345196
75.68	8.352148
75.7	8.358643
75.72	8.365598
75.74	8.372694
75.76	8.379435
75.78	8.392982
75.8	8.399986
75.82	8.40713
75.84	8.413921
75.86	8.42097
75.88	8.43462
75.9	8.441813
75.92	8.448652
75.94	8.455748
75.96	8.462394
75.98	8.469495
76	8.476735
76.02	8.483624
76.04	8.490767
76.06	8.50461
76.08	8.511897
76.1	8.518833
76.12	8.526022
76.14	8.532765
76.16	8.539961
76.18	8.547294
76.2	8.554277
76.22	8.561513
76.24	8.575545
76.26	8.582924
76.28	8.589954
76.3	8.597235
76.32	8.604074
76.34	8.611361
76.36	8.625862
76.38	8.633186
76.4	8.640072
76.42	8.647404
76.44	8.654872
76.46	8.661996
76.48	8.669364
76.5	8.676295
76.52	8.691184
76.54	8.698353
76.56	8.705764
76.58	8.712741
76.6	8.720161
76.62	8.727717
76.64	8.73493
76.66	8.742385
76.68	8.75687
76.7	8.764468
76.72	8.771726
76.74	8.779222
76.76	8.786289
76.78	8.793796
76.8	8.801435
76.82	8.808737
76.84	8.816276
76.86	8.823385
76.88	8.830934
76.9	8.838616
76.92	8.853539
76.94	8.860693
76.96	8.868284
76.98	8.876007
77	8.883393
77.02	8.891014
77.04	8.898211
77.06	8.905843
77.08	8.913607
77.1	8.921034
77.12	8.935934
77.14	8.943606
77.16	8.95141
77.18	8.958879
77.2	8.966579
77.22	8.973861
77.24	8.981573
77.26	8.989417
77.28	8.996927
77.3	9.004666
77.32	9.011988
77.34	9.01974
77.36	9.035173
77.38	9.042952
77.4	9.050313
77.42	9.058105
77.44	9.066027
77.46	9.073617
77.48	9.081432
77.5	9.088835
77.52	9.096665
77.54	9.112254
77.56	9.120108
77.58	9.12755
77.6	9.135419
77.62	9.143415
77.64	9.158976
77.66	9.166457
77.68	9.174363
77.7	9.182397
77.72	9.190104
77.74	9.205552
77.76	9.213495
77.78	9.221566
77.8	9.229311
77.82	9.237275
77.84	9.244834
77.86	9.252813
77.88	9.260921
77.9	9.276702
77.92	9.284299
77.94	9.292315
77.96	9.300458
77.98	9.308277
78	9.316312
78.02	9.323946
78.04	9.331999
78.06	9.348032
78.08	9.356102
78.1	9.363773
78.12	9.371861
78.14	9.380074
78.16	9.387965
78.18	9.428074
78.2	9.436212
78.22	9.443954
78.24	9.452101
78.26	9.468214
78.28	9.476357
78.3	9.484125
78.32	9.492308
78.34	9.500613
78.36	9.508602
78.38	9.516798
78.4	9.524604
78.42	9.540807
78.44	9.54852
78.46	9.556347
78.48	9.572042
78.5	9.580093
78.52	9.588078
78.54	9.596221
78.56	9.604129
78.58	9.61237
78.6	9.620546
78.62	9.628781
78.64	9.644978
78.66	9.653308
78.68	9.661566
78.7	9.669888
78.72	9.678229
78.74	9.686234
78.76	9.702979
78.78	9.71138
78.8	9.7198
78.82	9.727872
78.84	9.73636
78.86	9.744769
78.88	9.753244
78.9	9.769877
78.92	9.778438
78.94	9.786919
78.96	9.795464
78.98	9.804028
79	9.812234
79.02	9.820864
79.04	9.838025
79.06	9.846655
79.08	9.854927
79.1	9.863622
79.12	9.880913
79.14	9.889606
79.16	9.897941
79.18	9.906699
79.2	9.915376
79.22	9.924113
79.24	9.932868
79.26	9.941262
79.28	9.958818
79.3	9.967615
79.32	9.976428
79.34	9.984879
79.36	9.993758
79.38	10.00255
79.4	10.01141
79.42	10.02028
79.44	10.02878
79.46	10.04657
79.48	10.05547
79.5	10.0644
79.52	10.07296
79.54	10.08194
79.56	10.09085
79.58	10.10878
79.6	10.11739
79.62	10.12643
79.64	10.13539
79.66	10.1444
79.68	10.15342
79.7	10.17117
79.72	10.18017
79.74	10.18923
79.76	10.19831
79.78	10.20702
79.8	10.21615
79.82	10.23431
79.84	10.24343
79.86	10.25218
79.88	10.26137
79.9	10.27046
79.92	10.28878
79.94	10.29758
79.96	10.30681
79.98	10.31595
80	10.32514
80.02	10.33435
80.04	10.34319
80.06	10.35246
80.08	10.37088
80.1	10.38013
80.12	10.38902
80.14	10.39833
80.16	10.40755
80.18	10.41683
80.2	10.42612
80.22	10.43505
80.24	10.45366
80.26	10.463
80.28	10.47212
80.3	10.48161
80.32	10.49101
80.34	10.50046
80.36	10.50973
80.38	10.51934
80.4	10.53844
80.42	10.54783
80.44	10.55756
80.46	10.56721
80.48	10.5769
80.5	10.58642
80.52	10.60595
80.54	10.61582
80.56	10.62547
80.58	10.63532
80.6	10.64527
80.62	10.65527
80.64	10.66503
80.66	10.68507
80.68	10.69519
80.7	10.70506
80.72	10.71514
80.74	10.72533
80.76	10.73557
80.78	10.75574
80.8	10.76604
80.82	10.77639
80.84	10.78648
80.86	10.79679
80.88	10.81766
80.9	10.81913
80.92	10.70576
80.94	10.57653
80.96	10.59759
80.98	10.5129
81	10.4204
81.02	10.44016
81.04	10.36102
81.06	10.37849
81.08	10.31269
81.1	10.23439
81.12	10.11276
81.14	10.06198
81.16	10.05222
81.18	10.04731
81.2	10.04342
81.22	10.03414
81.24	10.0298
81.26	10.02576
81.28	10.02203
81.3	10.01859
81.32	10.01545
81.34	10.01262
81.36	10.00788
81.38	10.00596
81.4	10.00434
81.42	10.00302
81.44	10.00201
81.46	10.00131
81.48	10.00091
81.5	10.00102
81.52	10.00153
81.54	10.00234
81.56	10.00345
81.58	10.00262
81.6	10.00134
81.62	10.00009
81.64	9.997696
81.66	9.996574
81.68	9.995502
81.7	9.994478
81.72	9.993505
81.74	9.992581
81.76	9.991709
81.78	9.990886
81.8	9.989394
81.82	9.988726
81.84	9.98811
81.86	9.987552
81.88	9.987041
81.9	9.986585
81.92	9.986179
81.94	9.985827
81.96	10.08541
81.98	10.21276
82	10.24184
82.02	10.22794
82.04	10.21322
82.06	10.19749
82.08	10.18073
82.1	10.16296
82.12	10.14422
82.14	10.10404
82.16	10.0827
82.18	10.06061
82.2	10.03782
82.22	10.01441
82.24	9.990462
82.26	9.966043
82.28	9.941241
82.3	9.916148
82.32	9.890857
82.34	9.865468
82.36	9.814829
82.38	9.789806
82.4	9.765146
82.42	9.740973
82.44	9.717425
82.46	9.708775
82.48	9.703608
82.5	9.751481
82.52	9.808872
82.54	9.875367
82.56	9.874549
82.58	9.95182
82.6	9.947923
82.62	10.03494
82.64	10.12216
82.66	10.03154
82.68	10.08367
82.7	9.991899
82.72	10.04167
82.74	9.949083
82.76	9.996538
82.78	9.948744
82.8	9.855748
82.82	9.898835
82.84	9.802558
82.86	9.714738
82.88	9.635987
82.9	9.503455
82.92	9.461115
82.94	9.470787
82.96	9.46591
82.98	9.457907
83	9.449418
83.02	9.44095
83.04	9.424483
83.06	9.416114
83.08	9.407841
83.1	9.399476
83.12	9.391288
83.14	9.375178
83.16	9.367253
83.18	9.359421
83.2	9.351666
83.22	9.344001
83.24	9.328836
83.26	9.321276
83.28	9.313731
83.3	9.30629
83.32	9.298597
83.34	9.29105
83.36	9.283399
83.38	9.275792
83.4	9.26821
83.42	9.253015
83.44	9.245442
83.46	9.237772
83.48	9.230152
83.5	9.222562
83.52	9.215092
83.54	9.207363
83.56	9.199795
83.58	9.18453
83.6	9.17696
83.62	9.16952
83.64	9.161819
83.66	9.154284
83.68	9.139106
83.7	9.131588
83.72	9.124208
83.74	9.116563
83.76	9.109095
83.78	9.101546
83.8	9.094067
83.82	9.079346
83.84	9.07179
83.86	9.064419
83.88	9.056973
83.9	9.049605
83.92	9.042286
83.94	9.027691
83.96	9.020452
83.98	9.013143
84	9.005919
84.02	8.99875
84.04	8.99175
84.06	8.984495
84.08	8.977517
84.1	8.963387
84.12	8.956235
84.14	8.949379
84.16	8.942288
84.18	8.935501
84.2	8.921617
84.22	8.914764
84.24	8.908006
84.26	8.90124
84.28	8.894564
84.3	8.887879
84.32	8.881285
84.34	8.868178
84.36	8.861667
84.38	8.85525
84.4	8.848832
84.42	8.842513
84.44	8.836192
84.46	8.823753
84.48	8.81764
84.5	8.811528
84.52	8.805525
84.54	8.799523
84.56	8.78775
84.58	8.781981
84.6	8.776217
84.62	8.770572
84.64	8.764934
84.66	8.759418
84.68	8.75391
84.7	8.748528
84.72	8.737912
84.74	8.73268
84.76	8.727581
84.78	8.722493
84.8	8.717543
84.82	8.712605
84.84	8.707808
84.86	8.703027
84.88	8.698387
84.9	8.689291
84.92	8.684834
84.94	8.680527
84.96	8.676241
84.98	8.672107
85	8.667996
85.02	8.66011
85.04	8.65634
85.06	8.652594
85.08	8.649012
85.1	8.645455
85.12	8.642068
85.14	8.638708
85.16	8.632359
85.18	8.629375
85.2	8.62642
85.22	8.623645
85.24	8.61834
85.26	8.615812
85.28	8.613471
85.3	8.611164
85.32	8.609047
85.34	8.606966
85.36	8.603229
85.38	8.601575
85.4	8.599961
85.42	8.598548
85.44	8.597175
85.46	8.594879
85.48	8.59396
85.5	8.593084
85.52	8.592419
85.54	8.5918
85.56	8.591394
85.58	8.591036
85.6	8.590895
85.62	8.590801
85.64	8.59093
85.66	8.591509
85.68	8.591963
85.7	8.592644
85.72	8.593376
85.74	8.59536
85.76	8.596612
85.78	8.597919
85.8	8.599464
85.82	8.601066
85.84	8.602907
85.86	8.604807
85.88	8.609155
85.9	8.611605
85.92	8.614115
85.94	8.616876
85.96	8.619698
85.98	8.622773
86	8.629305
86.02	8.632763
86.04	8.636479
86.06	8.640262
86.08	8.644307
86.1	8.648417
86.12	8.652792
86.14	8.657234
86.16	8.661944
86.18	8.666722
86.2	8.676888
86.22	8.682281
86.24	8.68774
86.26	8.693479
86.28	8.699286
86.3	8.711529
86.32	8.717969
86.34	8.72448
86.36	8.731275
86.38	8.738143
86.4	8.745297
86.42	8.752524
86.44	8.76004
86.46	8.767631
86.48	8.783469
86.5	8.791718
86.52	8.800042
86.54	8.808661
86.56	8.817358
86.58	8.826351
86.6	8.835421
86.62	8.854235
86.64	8.863981
86.66	8.873805
86.68	8.883932
86.7	8.904645
86.72	8.915232
86.74	8.926126
86.76	8.937098
86.78	8.948378
86.8	8.959735
86.82	8.971403
86.84	8.98315
86.86	8.995206
86.88	9.007341
86.9	9.032316
86.92	9.045156
86.94	9.058076
86.96	9.07131
86.98	9.084622
87	9.09825
87.02	9.111958
87.04	9.125982
87.06	9.140085
87.08	9.169006
87.1	9.183825
87.12	9.198721
87.14	9.213938
87.16	9.229232
87.18	9.260538
87.2	9.276552
87.22	9.292644
87.24	9.309056
87.26	9.325545
87.28	9.342358
87.3	9.359246
87.32	9.393745
87.34	9.411356
87.36	9.429043
87.38	9.447052
87.4	9.465137
87.42	9.483545
87.44	9.520835
87.46	9.539716
87.48	9.558921
87.5	9.578199
87.52	9.617476
87.54	9.637475
87.56	9.657545
87.58	9.698405
87.6	9.719195
87.62	9.740055
87.64	9.761238
87.66	9.782491
87.68	9.804067
87.7	9.825711
87.72	9.86966
87.74	9.965298
87.76	10.01679
87.78	10.07046
87.8	10.12611
87.82	10.18368
87.84	10.22713
87.86	10.24956
87.88	10.24713
87.9	10.24873
87.92	10.25022
87.94	10.25166
87.96	10.25313
87.98	10.25468
88	10.25639
88.02	10.25834
88.04	10.26061
88.06	10.26329
88.08	10.26647
88.1	10.27025
88.12	10.27999
88.14	10.28617
88.16	10.29337
88.18	10.30171
88.2	10.32227
88.22	10.33475
88.24	10.35587
88.26	10.37857
88.28	10.42147
88.3	10.44323
88.32	10.46554
88.34	10.48828
88.36	10.51159
88.38	10.55962
88.4	10.58435
88.42	10.60964
88.44	10.63537
88.46	10.66166
88.48	10.71565
88.5	10.74336
88.52	10.77163
88.54	10.77779
88.56	10.77409
88.58	10.73259
88.6	10.70134
88.62	10.72014
88.64	10.676
88.66	10.69999
88.68	10.65644
88.7	10.68358
88.72	10.6679
88.74	10.67174
88.76	10.63923
88.78	10.66694
88.8	10.63905
88.82	10.66706
88.84	10.64105
88.86	10.64002
88.88	10.66126
88.9	10.58107
88.92	10.58027
88.94	10.55464
88.96	10.55441
88.98	10.53947
89	10.53804
89.02	10.52637
89.04	10.5205
89.06	10.51784
89.08	10.51269
89.1	10.47161
89.12	10.48773
89.14	10.4456
89.16	10.46877
89.18	10.45928
89.2	10.4219
89.22	10.4524
89.24	10.41422
89.26	10.40044
89.28	10.42039
89.3	10.42171
89.32	10.43729
89.34	10.44594
89.36	10.47095
89.38	10.47408
89.4	10.49644
89.42	10.49321
89.44	10.52091
89.46	10.51541
89.48	10.53451
89.5	10.52678
89.52	10.53806
89.54	10.5578
89.56	10.5497
89.58	10.56995
89.6	10.5617
89.62	10.61056
89.64	10.47781
89.66	10.45409
89.68	10.30729
89.7	10.20407
89.72	10.18967
89.74	10.11063
89.76	10.10207
89.78	10.0474
89.8	10.03349
89.82	10.01657
89.84	10.01631
89.86	10.00436
89.88	10.00323
89.9	9.990488
89.92	9.988782
89.94	9.975564
89.96	9.973612
89.98	9.81759
90	9.746492
90.02	9.797717