70.68	8.597918
70.7	8.606896
70.72	8.612789
70.74	8.619285
70.76	8.636542
70.78	8.647491
70.8	8.660003
70.82	8.674088
70.84	8.73547
70.86	8.796836
70.88	8.857961
70.9	8.978617
70.92	9.037726
70.94	9.095755
70.96	9.152501
70.98	9.207777
71	9.204592
71.02	9.262727
71.04	9.293224
71.06	9.324961
71.08	9.357972
71.1	9.392252
71.12	9.427817
71.14	9.464655
71.16	9.502783
71.18	9.539974
71.2	9.539137
71.22	9.539651
71.24	9.541513
71.26	9.544545
71.28	9.545468
71.3	9.545693
71.32	9.54678
71.34	9.547536
71.36	9.548311
71.38	9.549099
71.4	9.549898
71.42	9.550711
71.44	9.551537
71.46	9.553224
71.48	9.554087
71.5	9.554961
71.52	9.555849
71.54	9.556746
71.56	9.557656
71.58	9.558578
71.6	9.559511
71.62	9.561401
71.64	9.562357
71.66	9.563318
71.68	9.564284
71.7	9.565252
71.72	9.566272
71.74	9.567239
71.76	9.568234
71.78	9.570265
71.8	9.571297
71.82	9.572338
71.84	9.573389
71.86	9.574449
71.88	9.575518
71.9	9.576594
71.92	9.577684
71.94	9.578776
71.96	9.580973
71.98	9.582074
72	9.583177
72.02	9.584278
72.04	9.585376
72.06	9.586468
72.08	9.587592
72.1	9.589841
72.12	9.590978
72.14	9.592126
72.16	9.593284
72.18	9.59445
72.2	9.595625
72.22	9.596807
72.24	9.597995
72.26	9.600407
72.28	9.601612
72.3	9.602819
72.32	9.604027
72.34	9.605232
72.36	9.606434
72.38	9.607628
72.4	9.61008
72.42	9.611311
72.44	9.612552
72.46	9.613803
72.48	9.615064
72.5	9.616333
72.52	9.61761
72.54	9.618895
72.56	9.621497
72.58	9.6228
72.6	9.624104
72.62	9.625407
72.64	9.62671
72.66	9.628007
72.68	9.629296
72.7	9.631942
72.72	9.633268
72.74	9.634605
72.76	9.635953
72.78	9.63731
72.8	9.638675
72.82	9.640047
72.84	9.642823
72.86	9.644216
72.88	9.64561
72.9	9.647003
72.92	9.648395
72.94	9.649781
72.96	9.651161
72.98	9.652575
73	9.6554
73.02	9.656827
73.04	9.658264
73.06	9.65971
73.08	9.661164
73.1	9.662625
73.12	9.664106
73.14	9.665584
73.16	9.668543
73.18	9.670022
73.2	9.671497
73.22	9.672966
73.24	9.67447
73.26	9.675969
73.28	9.677475
73.3	9.678992
73.32	9.680519
73.34	9.683599
73.36	9.685148
73.38	9.686718
73.4	9.688284
73.42	9.689849
73.44	9.692978
73.46	9.694533
73.48	9.696123
73.5	9.69771
73.52	9.699305
73.54	9.70091
73.56	9.702524
73.58	9.705779
73.6	9.707431
73.62	9.709079
73.64	9.71073
73.66	9.712381
73.68	9.714032
73.7	9.715677
73.72	9.717316
73.74	9.72066
73.76	9.722338
73.78	9.724025
73.8	9.725721
73.82	9.727427
73.84	9.729139
73.86	9.730872
73.88	9.73433
73.9	9.73606
73.92	9.737786
73.94	9.739505
73.96	9.741261
73.98	9.743011
74	9.74477
74.02	9.74654
74.04	9.750106
74.06	9.751901
74.08	9.753715
74.1	9.755525
74.12	9.757335
74.14	9.759143
74.16	9.760947
74.18	9.764574
74.2	9.766401
74.22	9.768236
74.24	9.770082
74.26	9.771937
74.28	9.773801
74.3	9.77567
74.32	9.779445
74.34	9.781328
74.36	9.783209
74.38	9.785083
74.4	9.786991
74.42	9.788897
74.44	9.790811
74.46	9.792735
74.48	9.796613
74.5	9.798574
74.52	9.800534
74.54	9.802496
74.56	9.804458
74.58	9.806416
74.6	9.808366
74.62	9.812338
74.64	9.81433
74.66	9.816332
74.68	9.818343
74.7	9.820362
74.72	9.822401
74.74	9.824436
74.76	9.826473
74.78	9.828508
74.8	9.830538
74.82	9.832558
74.84	9.834618
74.86	9.836671
74.88	9.838734
74.9	9.842887
74.92	9.844975
74.94	9.847085
74.96	9.84919
74.98	9.851295
75	9.853396
75.02	9.855492
75.04	9.859752
75.06	9.861889
75.08	9.864037
75.1	9.866193
75.12	9.868357
75.14	9.870542
75.16	9.872722
75.18	9.874901
75.2	9.877077
75.22	9.879245
75.24	9.88145
75.26	9.88586
75.28	9.888082
75.3	9.890311
75.32	9.892548
75.34	9.894805
75.36	9.897057
75.38	9.899307
75.4	9.901552
75.42	9.903789
75.44	9.906063
75.46	9.910611
75.48	9.9129
75.5	9.915197
75.52	9.917502
75.54	9.919828
75.56	9.922147
75.58	9.924463
75.6	9.926774
75.62	9.931413
75.64	9.933747
75.66	9.93609
75.68	9.938442
75.7	9.940804
75.72	9.943173
75.74	9.945562
75.76	9.947944
75.78	9.950322
75.8	9.955099
75.82	9.957504
75.84	9.959917
75.86	9.964775
75.88	9.967214
75.9	9.969675
75.92	9.972127
75.94	9.974576
75.96	9.979494
75.98	9.981968
76	9.984452
76.02	9.986946
76.04	9.98945
76.06	9.991973
76.08	9.994493
76.1	9.997014
76.12	9.999532
76.14	10.00459
76.16	10.00713
76.18	10.00969
76.2	10.01225
76.22	10.01482
76.24	10.01742
76.26	10.02
76.28	10.02259
76.3	10.02775
76.32	10.03036
76.34	10.03297
76.36	10.03822
76.38	10.04085
76.4	10.04351
76.42	10.04616
76.44	10.04882
76.46	10.05146
76.48	10.0541
76.5	10.05677
76.52	10.05944
76.54	10.06481
76.56	10.06751
76.58	10.07023
76.6	10.07294
76.62	10.07565
76.64	10.07835
76.66	10.08105
76.68	10.08378
76.7	10.08925
76.72	10.09199
76.74	10.09475
76.76	10.09752
76.78	10.10029
76.8	10.10306
76.82	10.10862
76.84	10.11141
76.86	10.11422
76.88	10.11703
76.9	10.11986
76.92	10.1227
76.94	10.12554
76.96	10.13121
76.98	10.13407
77	10.13693
77.02	10.13981
77.04	10.14269
77.06	10.14558
77.08	10.14849
77.1	10.1514
77.12	10.1543
77.14	10.15719
77.16	10.16012
77.18	10.16305
77.2	10.16894
77.22	10.1719
77.24	10.17487
77.26	10.17784
77.28	10.18081
77.3	10.18377
77.32	10.18975
77.34	10.19275
77.36	10.19576
77.38	10.19878
77.4	10.20182
77.42	10.20486
77.44	10.20788
77.46	10.2109
77.48	10.21701
77.5	10.22007
77.52	10.22314
77.54	10.22622
77.56	10.22932
77.58	10.23241
77.6	10.2355
77.62	10.23857
77.64	10.24479
77.66	10.24792
77.68	10.25104
77.7	10.25418
77.72	10.25734
77.74	10.26049
77.76	10.26363
77.78	10.26993
77.8	10.2731
77.82	10.27627
77.84	10.27946
77.86	10.28265
77.88	10.28586
77.9	10.28907
77.92	10.29226
77.94	10.29867
77.96	10.30189
77.98	10.30512
78	10.30836
78.02	10.3116
78.04	10.31487
78.06	10.31813
78.08	10.32137
78.1	10.32794
78.12	10.33785
78.14	10.3445
78.16	10.34782
78.18	10.35116
78.2	10.35451
78.22	10.35787
78.24	10.36124
78.26	10.36801
78.28	10.3714
78.3	10.37478
78.32	10.37819
78.34	10.3816
78.36	10.38502
78.38	10.38846
78.4	10.39535
78.42	10.3988
78.44	10.40224
78.46	10.40571
78.48	10.40919
78.5	10.41267
78.52	10.41617
78.54	10.41968
78.56	10.42319
78.58	10.4302
78.6	10.43374
78.62	10.43728
78.64	10.44082
78.66	10.44438
78.68	10.45153
78.7	10.4551
78.72	10.45866
78.74	10.46226
78.76	10.46946
78.78	10.47308
78.8	10.47672
78.82	10.48035
78.84	10.48398
78.86	10.49125
78.88	10.49491
78.9	10.49857
78.92	10.50225
78.94	10.50963
78.96	10.51332
78.98	10.51699
79	10.52071
79.02	10.52442
79.04	10.52814
79.06	10.53187
79.08	10.53562
79.1	10.54311
79.12	10.54683
79.14	10.5506
79.16	10.55437
79.18	10.56193
79.2	10.56573
79.22	10.56953
79.24	10.57333
79.26	10.57711
79.28	10.58093
79.3	10.58858
79.32	10.59241
79.34	10.59627
79.36	10.60012
79.38	10.60397
79.4	10.61167
79.42	10.61555
79.44	10.61942
79.46	10.62331
79.48	10.62722
79.5	10.63112
79.52	10.63502
79.54	10.6389
79.56	10.64674
79.58	10.65067
79.6	10.65461
79.62	10.65857
79.64	10.66252
79.66	10.66647
79.68	10.67039
79.7	10.67833
79.72	10.68231
79.74	10.6863
79.76	10.69431
79.78	10.6983
79.8	10.70227
79.82	10.70629
79.84	10.71031
79.86	10.71433
79.88	10.72242
79.9	10.72646
79.92	10.7305
79.94	10.73457
79.96	10.73865
79.98	10.74273
80	10.75094
80.02	10.75505
80.04	10.75915
80.06	10.76329
80.08	10.77157
80.1	10.77573
80.12	10.77991
80.14	10.78408
80.16	10.78824
80.18	10.79244
80.2	10.79664
80.22	10.80085
80.24	10.80507
80.26	10.81354
80.28	10.81776
80.3	10.82202
80.32	10.82628
80.34	10.83055
80.36	10.83482
80.38	10.83912
80.4	10.77149
80.42	10.66389
80.44	10.61198
80.46	10.50735
80.48	10.26134
80.5	10.2668
80.52	10.27626
80.54	10.28684
80.56	10.29857
80.58	10.31149
80.6	10.32566
80.62	10.34111
80.64	10.35791
80.66	10.3761
80.68	10.41692
80.7	10.43968
80.72	10.46326
80.74	10.488
80.76	10.51395
80.78	10.54112
80.8	10.56952
80.82	10.59918
80.84	10.62835
80.86	10.65906
80.88	10.66278
80.9	10.66582
80.92	10.6687
80.94	10.67134
80.96	10.67374
80.98	10.67592
81	10.68239
81.02	10.68547
81.04	10.68855
81.06	10.69164
81.08	10.69474
81.1	10.69785
81.12	10.70097
81.14	10.70409
81.16	10.71045
81.18	10.71355
81.2	10.7167
81.22	10.72308
81.24	10.72628
81.26	10.72948
81.28	10.73268
81.3	10.73596
81.32	10.7424
81.34	10.74564
81.36	10.7489
81.38	10.75218
81.4	10.75546
81.42	10.75875
81.44	10.76539
81.46	10.76874
81.48	10.772
81.5	10.77532
81.52	10.77866
81.54	10.78203
81.56	10.78876
81.58	10.79212
81.6	10.79556
81.62	10.79899
81.64	10.80232
81.66	10.80914
81.68	10.81258
81.7	10.81603
81.72	10.81947
81.74	10.82291
81.76	10.82642
81.78	10.82993
81.8	10.83334
81.82	10.83681
81.84	10.84031
81.86	10.84734
81.88	10.85086
81.9	10.85437
81.92	10.85796
81.94	10.86154
81.96	10.86856
81.98	10.87213
82	10.87572
82.02	10.87931
82.04	10.8829
82.06	10.88648
82.08	10.89014
82.1	10.89734
82.12	10.90036
82.14	10.90059
82.16	10.90094
82.18	10.90099
82.2	10.88457
82.22	10.72994
82.24	10.6636
82.26	10.5953
82.28	10.52448
82.3	10.23874
82.32	10.05501
82.34	9.921668
82.36	9.80973
82.38	9.71078
82.4	9.623144
82.42	9.54634
82.44	9.48013
82.46	9.378739
82.48	9.343213
82.5	9.317578
82.52	9.370975
82.54	9.251035
82.56	9.048163
82.58	9.117937
82.6	8.912846
82.62	8.986433
82.64	8.862659
82.66	8.659948
82.68	8.740384
82.7	8.541397
82.72	8.425693
82.74	8.505268
82.76	8.314363
82.78	8.397178
82.8	8.208571
82.82	8.294572
82.84	8.107681
82.86	8.168882
82.88	8.015804
82.9	7.927676
82.92	7.993214
82.94	7.843453
82.96	7.908702
82.98	7.761767
83	7.828104
83.02	7.683515
83.04	7.727196
83.06	7.612938
83.08	7.658754
83.1	7.593914
83.12	7.483046
83.14	7.532931
83.16	7.424003
83.18	7.475882
83.2	7.368952
83.22	7.397415
83.24	7.345901
83.26	7.268369
83.28	7.296683
83.3	7.220669
83.32	7.24991
83.34	7.203913
83.36	7.181274
83.38	7.158876
83.4	7.136749
83.42	7.114924
83.44	7.093446
83.46	7.07236
83.48	7.051723
83.5	7.025914
83.52	7.013439
83.54	7.00125
83.56	6.989753
83.58	6.979789
83.6	6.970769
83.62	6.955175
83.64	6.948566
83.66	6.942741
83.68	6.937696
83.7	6.933428
83.72	6.927201
83.74	6.92349
83.76	6.918147
83.78	6.913024
83.8	6.909539
83.82	6.90586
83.84	6.899541
83.86	6.895496
83.88	6.892112
83.9	6.889129
83.92	6.886254
83.94	6.879704
83.96	6.876956
83.98	6.874295
84	6.871142
84.02	6.86857
84.04	6.865916
84.06	6.863481
84.08	6.85816
84.1	6.855838
84.12	6.85344
84.14	6.851254
84.16	6.849119
84.18	6.846481
84.2	6.842241
84.22	6.84028
84.24	6.838383
84.26	6.836018
84.28	6.834145
84.3	6.830457
84.32	6.828848
84.34	6.827255
84.36	6.825089
84.38	6.821752
84.4	6.820226
84.42	6.818827
84.44	6.817444
84.46	6.761453
84.48	6.685487
84.5	6.608544
84.52	6.534444
84.54	6.463914
84.56	6.333814
84.58	6.283611
84.6	6.250667
84.62	6.2223
84.64	6.195926
84.66	6.170995
84.68	6.147364
84.7	6.124978
84.72	6.10379
84.74	6.06487
84.76	5.819031
84.78	5.795637
84.8	5.772032
84.82	5.748375
84.84	5.724831
84.86	5.701579
84.88	5.678808
84.9	5.63552
84.92	5.636965
84.94	5.643918
84.96	5.644893
84.98	5.644682
85	5.644267
85.02	5.643847
85.04	5.643459
85.06	5.642803
85.08	5.642534
85.1	5.642304
85.12	5.642112
85.14	5.641836
85.16	5.641751
85.18	5.6417
85.2	5.641683
85.22	5.641803
85.24	5.641948
85.26	5.642125
85.28	5.642571
85.3	5.642967
85.32	5.643382
85.34	5.643826
85.36	5.6443
85.38	5.645452
85.4	5.646117
85.42	5.64681
85.44	5.647655
85.46	5.648516
85.48	5.649403
85.5	5.650319
85.52	5.651389
85.54	5.652473
85.56	5.654936
85.58	5.656202
85.6	5.657612
85.62	5.659036
85.64	5.660489
85.66	5.662139
85.68	5.663801
85.7	5.66735
85.72	5.66922
85.74	5.671265
85.76	5.673321
85.78	5.675411
85.8	5.677682
85.82	5.680072
85.84	5.870147
85.86	5.981517
85.88	5.977859
85.9	5.972848
85.92	5.96652
85.94	5.958921
85.96	5.950102
85.98	5.940124
86	5.929052
86.02	5.916962
86.04	5.903936
86.06	5.875445
86.08	5.860186
86.1	5.844404
86.12	5.828223
86.14	5.811779
86.16	5.795214
86.18	5.7814
86.2	5.747901
86.22	5.721204
86.24	5.687861
86.26	5.646515
86.28	5.674015
86.3	5.60815
86.32	5.806517
86.34	5.936279
86.36	6.072184
86.38	6.070736
86.4	6.068408
86.42	6.199134
86.44	6.262991
86.46	6.325361
86.48	6.385905
86.5	6.444316
86.52	6.367384
86.54	6.292279
86.56	6.149549
86.58	6.082981
86.6	6.020352
86.62	5.962245
86.64	5.955545
86.66	5.949406
86.68	6.14658
86.7	6.155697
86.72	6.163978
86.74	6.171434
86.76	6.178085
86.78	6.183958
86.8	6.189084
86.82	6.193503
86.84	6.197264
86.86	6.203031
86.88	6.205169
86.9	6.206907
86.92	6.20833
86.94	6.209527
86.96	6.211642
86.98	6.212778
87	6.226191
87.02	6.24038
87.04	6.253285
87.06	6.265968
87.08	6.278826
87.1	6.30501
87.12	6.318382
87.14	6.331954
87.16	6.345619
87.18	6.359519
87.2	6.373618
87.22	6.387811
87.24	6.402236
87.26	6.416861
87.28	6.446528
87.3	6.461675
87.32	6.476916
87.34	6.492388
87.36	6.508056
87.38	6.523818
87.4	6.555997
87.42	6.572278
87.44	6.588787
87.46	6.605491
87.48	6.622289
87.5	6.639313
87.52	6.656531
87.54	6.673843
87.56	6.691381
87.58	6.709111
87.6	6.744983
87.62	6.763223
87.64	6.781557
87.66	6.800113
87.68	6.81886
87.7	6.837701
87.72	6.856763
87.74	6.876014
87.76	6.914947
87.78	6.934629
87.8	6.954548
87.82	6.974565
87.84	6.994817
87.86	7.03575
87.88	7.056431
87.9	7.077346
87.92	7.098414
87.94	7.119658
87.96	7.141055
87.98	7.162628
88	7.184352
88.02	7.206252
88.04	7.250528
88.06	7.272904
88.08	7.295455
88.1	7.318155
88.12	7.341028
88.14	7.364051
88.16	7.387248
88.18	7.410593
88.2	7.457775
88.22	7.481612
88.24	7.505597
88.26	7.529753
88.28	7.554056
88.3	7.57853
88.32	7.62794
88.34	7.652877
88.36	7.677982
88.38	7.703234
88.4	7.728654
88.42	7.75422
88.44	7.779953
88.46	7.805831
88.48	7.831877
88.5	7.884423
88.52	7.910923
88.54	7.93759
88.56	7.9644
88.58	7.991374
88.6	8.018493
88.62	8.045775
88.64	8.100791
88.66	8.128523
88.68	8.156418
88.7	8.184456
88.72	8.212655
88.74	8.240996
88.76	8.2695
88.78	8.326951
88.8	8.355898
88.82	8.385005
88.84	8.414253
88.86	8.443662
88.88	8.473209
88.9	8.502917
88.92	8.562771
88.94	8.592916
88.96	8.62322
88.98	8.684264
89	8.715004
89.02	8.7459
89.04	8.776936
89.06	8.808126
89.08	8.871121
89.1	8.902788
89.12	8.934567
89.14	8.966522
89.16	8.998596
89.18	9.063169
89.2	9.095669
89.22	9.128322
89.24	9.143534
89.26	9.151402
89.28	9.162003
89.3	9.17328
89.32	9.208506
89.34	9.236171
89.36	9.244847
89.38	9.25122
89.4	9.255135
89.42	9.25636
89.44	9.178371
89.46	9.089845
89.48	9.031144
89.5	8.982812
89.52	8.953323
89.54	8.965255
89.56	8.968963
89.58	8.972441
89.6	8.975803
89.62	8.979085
89.64	8.982307
89.66	9.034151
89.68	9.066865
89.7	9.12166
89.72	9.165138
89.74	9.132223
89.76	9.127977
89.78	9.079176
89.8	9.073282
89.82	9.030801
89.84	8.999844
89.86	8.974789
89.88	8.952102
89.9	8.931049
89.92	8.893277
89.94	8.876468
89.96	8.860999
89.98	8.846847
90	8.833983
90.02	8.65294
90.04	8.498018
90.06	8.290747
90.08	8.259674
90.1	8.231601
90.12	8.195611
90.14	8.149755
90.16	8.093732
90.18	8.154413
90.2	8.204712
90.22	8.311628
90.24	8.368222
90.26	8.426476
90.28	8.486083
90.3	8.546748
90.32	8.608189
90.34	8.670137
90.36	8.732336
90.38	8.555923
90.4	8.507477
90.42	8.515415
90.44	8.597301
90.46	8.562182
90.48	8.647296
90.5	8.602958
90.52	8.688946
90.54	8.643403
90.56	8.703585
90.58	8.816662
90.6	8.867454
90.62	8.888996
90.64	8.907708
90.66	8.925971
90.68	8.944276
90.7	8.962722
90.72	8.981318
90.74	9.019009
90.76	9.03809
90.78	9.05734
90.8	9.076756
90.82	9.096323
90.84	9.116062
90.86	9.156024
90.88	9.176253
90.9	9.196652
90.92	9.217197
90.94	9.237919
90.96	9.258811
90.98	9.279848
91	9.301064
91.02	9.322453
91.04	9.365699
91.06	9.387587
91.08	9.409616
91.1	9.431831
91.12	9.454222
91.14	9.476752
91.16	9.499471
91.18	9.545403
91.2	9.56864
91.22	9.592014
91.24	9.615592
91.26	9.639307
91.28	9.663229
91.3	9.687316
91.32	9.711583
91.34	9.76063
91.36	9.785411
91.38	9.810374
91.4	9.835506
91.42	9.860822
91.44	9.886306
91.46	9.911975
91.48	9.937814
91.5	9.963839
91.52	10.01642
91.54	10.04298
91.56	10.06972
91.58	10.09664
91.6	10.12375
91.62	10.15103
91.64	10.1785
91.66	10.20615
91.68	10.26202
91.7	10.29023
91.72	10.31862
91.74	10.34721
91.76	10.37598
91.78	10.43409
91.8	10.46344
91.82	10.49296
91.84	10.52269
91.86	10.5526
91.88	10.58271
91.9	10.61301
91.92	10.67419
91.94	10.70509
91.96	10.73616
91.98	10.76745
92	10.79892
92.02	10.85692
92.04	10.8743
92.06	10.89022
92.08	10.89564
92.1	10.77595
92.12	10.73303
92.14	10.73111
92.16	10.72894
92.18	10.72401
92.2	10.72129
92.22	10.71846
92.24	10.71555
92.26	10.7149
92.28	10.717
92.3	10.71891
92.32	10.72064
92.34	10.72359
92.36	10.72729
92.38	10.73051
92.4	10.7338
92.42	10.791
92.44	10.81547
92.46	10.84576
92.48	10.87538
92.5	10.88602
92.52	10.8917
92.54	10.89192
92.56	10.89082
92.58	10.88794
92.6	10.88646
92.62	10.88493
92.64	10.88338
92.66	10.88181
92.68	10.88021
92.7	10.87858
92.72	10.87693
92.74	10.87357
92.76	10.87183
92.78	10.87008
92.8	10.86833
92.82	10.86656
92.84	10.86478
92.86	10.86123
92.88	10.85946
92.9	10.85771
92.92	10.85598
92.94	10.85423
92.96	10.8525
92.98	10.85075
93	10.84876
93.02	10.8469
93.04	10.84318
93.06	10.84129
93.08	10.83939
93.1	10.83748
93.12	10.83556
93.14	10.83355
93.16	10.82965
93.18	10.8277
93.2	10.82575
93.22	10.82383
93.24	10.82193
93.26	10.81822
93.28	10.81636
93.3	10.81454
93.32	10.8127
93.34	10.81053
93.36	10.80663
93.38	10.80467
93.4	10.8027
93.42	10.80072
93.44	10.79873
93.46	10.79673
93.48	10.79463
93.5	10.79262
93.52	10.7886
93.54	10.78662
93.56	10.78466
93.58	10.78274
93.6	10.78085
93.62	10.77901
93.64	10.77716
93.66	10.77352
93.68	10.77132
93.7	10.76936
93.72	10.76742
93.74	10.76547
93.76	10.76351
93.78	10.76154
93.8	10.75757
93.82	10.75548
93.84	10.75348
93.86	10.75148
93.88	10.74949
93.9	10.74753
93.92	10.7456
93.94	10.7437
93.96	10.74003
93.98	10.7382
94	10.73642
94.02	10.73462
94.04	10.73244
94.06	10.7305
94.08	10.72667
94.1	10.72474
94.12	10.7228
94.14	10.72084
94.16	10.71889
94.18	10.71682
94.2	10.71289
94.22	10.71094
94.24	10.709
94.26	10.70709
94.28	10.70521
94.3	10.70159
94.32	10.69978
94.34	10.69802
94.36	10.69625
94.38	10.69409
94.4	10.69218
94.42	10.69029
94.44	10.68649
94.46	10.68456
94.48	10.68263
94.5	10.67866
94.52	10.67671
94.54	10.67477
94.56	10.67283
94.58	10.67091
94.6	10.66716
94.62	10.66533
94.64	10.66356
94.66	10.66176
94.68	10.66001
94.7	10.6561
94.72	10.6542
94.74	10.65233
94.76	10.65044
94.78	10.64854
94.8	10.64663
94.82	10.64278
94.84	10.64075
94.86	10.63881
94.88	10.63688
94.9	10.63495
94.92	10.63304
94.94	10.62929
94.96	10.62748
94.98	10.6257
95	10.62391
95.02	10.62216
95.04	10.62041
95.06	10.61827
95.08	10.6145
95.1	10.61261
95.12	10.61072
95.14	10.60881
95.16	10.60689
95.18	10.60497
95.2	10.60295
95.22	10.59908
95.24	10.59716
95.26	10.59525
95.28	10.59336
95.3	10.59151
95.32	10.5897
95.34	10.58614
95.36	10.58439
95.38	10.58264
95.4	10.5805
95.42	10.57861
95.44	10.57674
95.46	10.57486
95.48	10.57296
95.5	10.57106
95.52	10.56723
95.54	10.5652
95.56	10.56327
95.58	10.56134
95.6	10.55942
95.62	10.55752
95.64	10.55564
95.66	10.55379
95.68	10.55021
95.7	10.54843
95.72	10.54668
95.74	10.54493
95.76	10.5428
95.78	10.53904
95.8	10.53716
95.82	10.53528
95.84	10.53338
95.86	10.53147
95.88	10.52955
95.9	10.52753
95.92	10.5256
95.94	10.52368
95.96	10.52176
95.98	10.51799
96	10.51614
96.02	10.51433
96.04	10.51257
96.06	10.51079
96.08	10.50905
96.1	10.50731
96.12	10.50517
96.14	10.50329
96.16	10.50142
96.18	10.49767
96.2	10.49578
96.22	10.49387
96.24	10.49196
96.26	10.48994
96.28	10.4861
96.3	10.48419
96.32	10.48229
96.34	10.48042
96.36	10.47858
96.38	10.47678
96.4	10.47502
96.42	10.47324
96.44	10.47151
96.46	10.46764
96.48	10.46576
96.5	10.4639
96.52	10.46203
96.54	10.46015
96.56	10.45826
96.58	10.45636
96.6	10.45446
96.62	10.45245
96.64	10.44861
96.66	10.4467
96.68	10.44481
96.7	10.44295
96.72	10.44111
96.74	10.43931
96.76	10.43756
96.78	10.43579
96.8	10.43406
96.82	10.4302
96.84	10.42832
96.86	10.42647
96.88	10.42461
96.9	10.42273
96.92	10.42084
96.94	10.41895
96.96	10.41504
96.98	10.41312
97	10.41122
97.02	10.40932
97.04	10.40743
97.06	10.40557
97.08	10.40374
97.1	10.40195
97.12	10.4002
97.14	10.39843
97.16	10.39671
97.18	10.39285
97.2	10.39098
97.22	10.38913
97.24	10.38727
97.26	10.3854
97.28	10.38163
97.3	10.37973
97.32	10.37773
97.34	10.37582
97.36	10.37392
97.38	10.37202
97.4	10.37014
97.42	10.36828
97.44	10.36467
97.46	10.36293
97.48	10.36116
97.5	10.35945
97.52	10.35772
97.54	10.3556
97.56	10.35373
97.58	10.35003
97.6	10.34817
97.62	10.34629
97.64	10.34441
97.66	10.34252
97.68	10.34052
97.7	10.33672
97.72	10.33482
97.74	10.33295
97.76	10.33109
97.78	10.32749
97.8	10.32575
97.82	10.32399
97.84	10.32228
97.86	10.32055
97.88	10.31658
97.9	10.31474
97.92	10.31289
97.94	10.30916
97.96	10.30728
97.98	10.30539
98	10.3034
98.02	10.3015
98.04	10.29772
98.06	10.29585
98.08	10.294
98.1	10.29218
98.12	10.29041
98.14	10.28867
98.16	10.28521
98.18	10.28349
98.2	10.28138
98.22	10.27952
98.24	10.27768
98.26	10.27399
98.28	10.27212
98.3	10.27025
98.32	10.26638
98.34	10.26448
98.36	10.2626
98.38	10.25885
98.4	10.257
98.42	10.25519
98.44	10.25342
98.46	10.25169
98.48	10.24994
98.5	10.24652
98.52	10.24441
98.54	10.24256
98.56	10.24073
98.58	10.23889
98.6	10.23705
98.62	10.23518
98.64	10.23331
98.66	10.23144
98.68	10.22946
98.7	10.22569
98.72	10.22381
98.74	10.22195
98.76	10.22011
98.78	10.2183
98.8	10.21481
98.82	10.21307
98.84	10.21137
98.86	10.20966
98.88	10.20755
98.9	10.2057
98.92	10.20388
98.94	10.20205
98.96	10.2002
98.98	10.19648
99	10.19461
99.02	10.19264
99.04	10.19075
99.06	10.18888
99.08	10.187
99.1	10.18515
99.12	10.18332
99.14	10.17975
99.16	10.17803
99.18	10.17629
99.2	10.1746
99.22	10.17289
99.24	10.17079
99.26	10.16895
99.28	10.16713
99.3	10.1653
99.32	10.16161
99.34	10.15975
99.36	10.15789
99.38	10.15592
99.4	10.15403
99.42	10.15217
99.44	10.1503
99.46	10.14662
99.48	10.14483
99.5	10.14307
99.52	10.14135
99.54	10.13962
99.56	10.13793
99.58	10.13623
99.6	10.13413
99.62	10.13048
99.64	10.12866
99.66	10.12682
99.68	10.12498
99.7	10.12312
99.72	10.12126
99.74	10.1193
99.76	10.11742
99.78	10.11556
99.8	10.11185
99.82	10.11003
99.84	10.10824
99.86	10.10648
99.88	10.10477
99.9	10.10304
99.92	10.09966
99.94	10.09757
99.96	10.09574
99.98	10.09393
100	10.09211
100.02	10.09028
100.04	10.08844
100.06	10.08659
100.08	10.08278
100.1	10.0809
100.12	10.07905
100.14	10.07719
100.16	10.07535
100.18	10.07353
100.2	10.07175
100.22	10.07
100.24	10.06657
100.26	10.06489
100.28	10.0632
100.3	10.06111
100.32	10.05748
100.34	10.05567
100.36	10.05384
100.38	10.05201
100.4	10.05016
100.42	10.04636
100.44	10.04449
100.46	10.04264
100.48	10.04079
100.5	10.03895
100.52	10.03536
100.54	10.03362
100.56	10.03192
100.58	10.0302
100.6	10.02684
100.62	10.02475
100.64	10.02293
100.66	10.02113
100.68	10.01932
100.7	10.0175
100.72	10.01384
100.74	10.01199
100.76	10.01004
100.78	10.00818
100.8	10.00633
100.82	10.00449
100.84	10.00266
100.86	10.00085
100.88	9.999077
100.9	9.995646
100.92	9.99393
100.94	9.992263
100.96	9.990582
100.98	9.9885
101	9.986679
101.02	9.983087
101.04	9.979449
101.06	9.977617
101.08	9.97578
101.1	9.973834
101.12	9.971977
101.14	9.970138
101.16	9.968296
101.18	9.966472
101.2	9.964672
101.22	9.962902
101.24	9.959481
101.26	9.957771
101.28	9.95611
101.3	9.954435
101.32	9.952357
101.34	9.950541
101.36	9.948754
101.38	9.946959
101.4	9.945151
101.42	9.943334
101.44	9.939675
101.46	9.937736
101.48	9.935884
101.5	9.934051
101.52	9.932215
101.54	9.930214
101.56	9.926546
101.58	9.924658
101.6	9.922705
101.62	9.920728
101.64	9.916736
101.66	9.914731
101.68	9.912726
101.7	9.910727
101.72	9.908736
101.74	9.906571
101.76	9.904572
101.78	9.902616
101.8	9.900694
101.82	9.896986
101.84	9.895214
101.86	9.893506
101.88	9.891871
101.9	9.889904
101.92	9.886417
101.94	9.884662
101.96	9.882893
101.98	9.881113
102	9.877531
102.02	9.875737
102.04	9.873946
102.06	9.872164
102.08	9.870209
102.1	9.866657
102.12	9.86493
102.14	9.863239
102.16	9.861589
102.18	9.859988
102.2	9.858441
102.22	9.856956
102.24	9.853797
102.26	9.852273
102.28	9.85075
102.3	9.849049
102.32	9.845727
102.34	9.844116
102.36	9.842559
102.38	9.840831
102.4	9.839143
102.42	9.83569
102.44	9.833935
102.46	9.832166
102.48	9.830384
102.5	9.828593
102.52	9.826797
102.54	9.824996
102.56	9.823197
102.58	9.821254
102.6	9.819431
102.62	9.815858
102.64	9.814109
102.66	9.812394
102.68	9.810718
102.7	9.809088
102.72	9.807509
102.74	9.805654
102.76	9.802291
102.78	9.800593
102.8	9.79888
102.82	9.795416
102.84	9.793671
102.86	9.791921
102.88	9.788421
102.9	9.786517
102.92	9.784749
102.94	9.78129
102.96	9.779601
102.98	9.777946
103	9.776331
103.02	9.774761
103.04	9.771788
103.06	9.770028
103.08	9.768465
103.1	9.766903
103.12	9.765325
103.14	9.763731
103.16	9.762123
103.18	9.758875
103.2	9.757241
103.22	9.755605
103.24	9.753969
103.26	9.750546
103.28	9.748899
103.3	9.747284
103.32	9.745694
103.34	9.744134
103.36	9.741125
103.38	9.739686
103.4	9.7383
103.42	9.736972
103.44	9.735707
103.46	9.73413
103.48	9.73276
103.5	9.731394
103.52	9.728332
103.54	9.726826
103.56	9.725314
103.58	9.722252
103.6	9.720695
103.62	9.719115
103.64	9.717514
103.66	9.715886
103.68	9.71424
103.7	9.710881
103.72	9.709171
103.74	9.70744
103.76	9.70569
103.78	9.703923
103.8	9.700345
103.82	9.698539
103.84	9.696638
103.86	9.694783
103.88	9.692935
103.9	9.691092
103.92	9.689261
103.94	9.685656
103.96	9.683892
103.98	9.682166
104	9.680218
104.02	9.676555
104.04	9.674705
104.06	9.672839
104.08	9.67096
104.1	9.669071
104.12	9.665273
104.14	9.66337
104.16	9.659397
104.18	9.657488
104.2	9.6556
104.22	9.653737
104.24	9.651908
104.26	9.650116
104.28	9.648371
104.3	9.64668
104.32	9.6429
104.34	9.641101
104.36	9.639288
104.38	9.637461
104.4	9.63545
104.42	9.631492
104.44	9.629514
104.46	9.627525
104.48	9.62552
104.5	9.623495
104.52	9.61938
104.54	9.617289
104.56	9.613032
104.58	9.610861
104.6	9.608665
104.62	9.606447
104.64	9.601944
104.66	9.599652
104.68	9.597334
104.7	9.595005
104.72	9.592661
104.74	9.5903
104.76	9.587924
104.78	9.585536
104.8	9.580734
104.82	9.578226
104.84	9.575774
104.86	9.573338
104.88	9.570918
104.9	9.568525
104.92	9.566166
104.94	9.563837
104.96	9.561277
104.98	9.55625
105	9.553767
105.02	9.551292
105.04	9.548827
105.06	9.54395
105.08	9.541529
105.1	9.539142
105.12	9.536797
105.14	9.534503
105.16	9.532269
105.18	9.528016
105.2	9.525928
105.22	9.52388
105.24	9.52183
105.26	9.51975
105.28	9.517654
105.3	9.513447
105.32	9.511342
105.34	9.509243
105.36	9.506934
105.38	9.502663
105.4	9.500575
105.42	9.498523
105.44	9.494558
105.46	9.492661
105.48	9.490136
105.5	9.488031
105.52	9.485965
105.54	9.483884
105.56	9.481798
105.58	9.479717
105.6	9.475586
105.62	9.473547
105.64	9.471368
105.66	9.469341
105.68	9.46736
105.7	9.463538
105.72	9.46171
105.74	9.459948
105.76	9.456631
105.78	9.454591
105.8	9.452941
105.82	9.449765
105.84	9.448148
105.86	9.446512
105.88	9.444866
105.9	9.443203
105.92	9.441532
105.94	9.439856
105.96	9.436322
105.98	9.434608
106	9.432887
106.02	9.431176
106.04	9.429483
106.06	9.427813
106.08	9.426169
106.1	9.42456
106.12	9.422988
106.14	9.419381
106.16	9.417731
106.18	9.416122
106.2	9.414518
106.22	9.412885
106.24	9.409567
106.26	9.407892
106.28	9.406209
106.3	9.404523
106.32	9.402835
106.34	9.400953
106.36	9.397513
106.38	9.395806
106.4	9.39412
106.42	9.39246
106.44	9.390831
106.46	9.38924
106.48	9.386191
106.5	9.384099
106.52	9.382473
106.54	9.380894
106.56	9.379321
106.58	9.377718
106.6	9.376096
106.62	9.374461
106.64	9.371164
106.66	9.369507
106.68	9.367849
106.7	9.365995
106.72	9.362617
106.74	9.36094
106.76	9.359284
106.78	9.356054
106.8	9.354491
106.82	9.352968
106.84	9.351494
106.86	9.349424
106.88	9.347821
106.9	9.344721
106.92	9.343143
106.94	9.341545
106.96	9.339934
106.98	9.338314
107	9.336686
107.02	9.335053
107.04	9.333474
107.06	9.330103
107.08	9.328551
107.1	9.327028
107.12	9.32554
107.14	9.324091
107.16	9.32269
107.18	9.320061
107.2	9.318848
107.22	9.317713
107.24	9.31572
107.26	9.314374
107.28	9.313108
107.3	9.310506
107.32	9.309178
107.34	9.307837
107.36	9.306487
107.38	9.305126
107.4	9.30376
107.42	9.301019
107.44	9.29965
107.46	9.29804
107.48	9.296628
107.5	9.295242
107.52	9.293876
107.54	9.29253
107.56	9.29121
107.58	9.288661
107.6	9.287441
107.62	9.286263
107.64	9.285131
107.66	9.28405
107.68	9.283025
107.7	9.281311
107.72	9.279043
107.74	9.277914
107.76	9.276763
107.78	9.275593
107.8	9.274406
107.82	9.273207
107.84	9.271993
107.86	9.269534
107.88	9.268292
107.9	9.267046
107.92	9.264547
107.94	9.26308
107.96	9.261786
107.98	9.260513
108	9.259255
108.02	9.258016
108.04	9.255603
108.06	9.254437
108.08	9.253303
108.1	9.252205
108.12	9.251147
108.14	9.250133
108.16	9.249166
108.18	9.246485
108.2	9.245443
108.22	9.243284
108.24	9.242174
108.26	9.241046
108.28	9.239903
108.3	9.238746
108.32	9.236393
108.34	9.235202
108.36	9.234003
108.38	9.232799
108.4	9.231591
108.42	9.228927
108.44	9.227689
108.46	9.22646
108.48	9.225244
108.5	9.224044
108.52	9.222863
108.54	9.221704
108.56	9.219469
108.58	9.2184
108.6	9.217369
108.62	9.216379
108.64	9.213881
108.66	9.212805
108.68	9.211782
108.7	9.210732
108.72	9.20966
108.74	9.208568
108.76	9.207458
108.78	9.205194
108.8	9.204041
108.82	9.202877
108.84	9.201734
108.86	9.200584
108.88	9.198282
108.9	9.197135
108.92	9.195758
108.94	9.194593
108.96	9.19346
108.98	9.192348
109	9.191258
109.02	9.189167
109.04	9.188173
109.06	9.187219
109.08	9.18631
109.1	9.184641
109.12	9.18389
109.14	9.1832
109.16	9.182574
109.18	9.181109
109.2	9.180286
109.22	9.17955
109.24	9.17882
109.26	9.178083
109.28	9.177341
109.3	9.175845
109.32	9.175097
109.34	9.174355
109.36	9.173619
109.38	9.172894
109.4	9.172181
109.42	9.171485
109.44	9.170809
109.46	9.170156
109.48	9.168919
109.5	9.168341
109.52	9.167799
109.54	9.167295
109.56	9.166828
109.58	9.166022
109.6	9.165686
109.62	9.165396
109.64	9.165154
109.66	9.282733
109.68	9.371963
109.7	9.099502
109.72	9.127102
109.74	8.908878
109.76	8.913323
109.78	8.743226
109.8	8.533403
109.82	8.343379
109.84	8.176649
109.86	8.04145
109.88	8.076992
109.9	8.086345
109.92	8.08937
109.94	8.092813
109.96	8.094513
109.98	8.096312
110	8.09822
110.02	8.100239
110.04	8.102368
110.06	8.10696
110.08	8.109423
110.1	8.111993
110.12	8.114674
110.14	8.117466
110.16	8.120369
110.18	8.123384
110.2	8.126509
110.22	8.129743
110.24	8.133088
110.26	8.136544
110.28	8.140112
110.3	8.143791
110.32	8.151481
110.34	8.155492
110.36	8.159615
110.38	8.163849
110.4	8.168195
110.42	8.17265
110.44	8.177217
110.46	8.186686
110.48	8.191588
110.5	8.1966
110.52	8.201725
110.54	8.206961
110.56	8.212309
110.58	8.217768
110.6	8.229024
110.62	8.234818
110.64	8.240726
110.66	8.246746
110.68	8.252877
110.7	8.259121
110.72	8.265477
110.74	8.271947
110.76	8.278528
110.78	8.292029
110.8	8.298948
110.82	8.30598
110.84	8.313126
110.86	8.320382
110.88	8.335238
110.9	8.342836
110.92	8.350547
110.94	8.358372
110.96	8.36631
110.98	8.374361
111	8.390806
111.02	8.399199
111.04	8.407706
111.06	8.416327
111.08	8.425063
111.1	8.433912
111.12	8.451956
111.14	8.461148
111.16	8.470456
111.18	8.479878
111.2	8.489416
111.22	8.49907
111.24	8.508837
111.26	8.51872
111.28	8.538832
111.3	8.549062
111.32	8.559406
111.34	8.569866
111.36	8.580443
111.38	8.591135
111.4	8.601944
111.42	8.612868
111.44	8.62391
111.46	8.635067
111.48	8.646341
111.5	8.657731
111.52	8.669239
111.54	8.692604
111.56	8.704462
111.58	8.706702
111.6	8.712097
111.62	8.71814
111.64	8.724351
111.66	8.730644
111.68	8.737014
111.7	8.750021
111.72	8.756684
111.74	8.763471
111.76	8.807234
111.78	8.850855
111.8	8.867267
111.82	8.911106
111.84	8.975593
111.86	8.997279
111.88	9.041314
111.9	9.063497
111.92	9.107604
111.94	9.122657
111.96	9.138477
111.98	9.154968
112	9.172033
112.02	9.189586
112.04	9.187473
112.06	9.16357
112.08	9.136278
112.1	9.109193
112.12	8.996006
112.14	8.941119
112.16	8.974164
112.18	8.996003
112.2	9.015617
112.22	9.034983
112.24	9.054496
112.26	9.07424
112.28	9.094231
112.3	9.114472
112.32	9.134966
112.34	9.155711
112.36	9.197962
112.38	9.219469
112.4	9.24123
112.42	9.263247
112.44	9.285519
112.46	9.308048
112.48	9.330832
112.5	9.353876
112.52	9.377176
112.54	9.400737
112.56	9.424556
112.58	9.448634
112.6	9.472973
112.62	9.497573
112.64	9.533525
112.66	9.528659
112.68	9.523876
112.7	9.529403
112.72	9.53476
112.74	9.539968
112.76	9.546458
112.78	9.553831
112.8	9.561559
112.82	9.569526
112.84	9.579932
112.86	9.582236
112.88	9.584204
112.9	9.586134
112.92	9.588067
112.94	9.59002
112.96	9.591996
112.98	9.593989
113	9.596002
113.02	9.600078
113.04	9.602137
113.06	9.604116
113.08	9.606159
113.1	9.60821
113.12	9.610228
113.14	9.612241
113.16	9.614243
113.18	9.616226
113.2	9.618184
113.22	9.621632
113.24	9.623519
113.26	9.625419
113.28	9.627345
113.3	9.629277
113.32	9.631218
113.34	9.633171
113.36	9.635134
113.38	9.637103
113.4	9.638923
113.42	9.640856
113.44	9.644694
113.46	9.64658
113.48	9.648445
113.5	9.650285
113.52	9.652091
113.54	9.653857
113.56	9.655133
113.58	9.656769
113.6	9.65845
113.62	9.661879
113.64	9.663607
113.66	9.665342
113.68	9.667087
113.7	9.66884
113.72	9.6706
113.74	9.672364
113.76	9.673958
113.78	9.677405
113.8	9.679095
113.82	9.680768
113.84	9.68242
113.86	9.684046
113.88	9.685639
113.9	9.687196
113.92	9.688708
113.94	9.689711
113.96	9.691092
113.98	9.692526
114	9.695395
114.02	9.696864
114.04	9.698327
114.06	9.699796
114.08	9.701274
114.1	9.70276
114.12	9.704251
114.14	9.705748
114.16	9.707245
114.18	9.710029
114.2	9.711489
114.22	9.712938
114.24	9.714354
114.26	9.715749
114.28	9.717122
114.3	9.718469
114.32	9.719784
114.34	9.722301
114.36	9.723495
114.38	9.724632
114.4	9.725247
114.42	9.726264
114.44	9.727333
114.46	9.728399
114.48	9.729453
114.5	9.730519
114.52	9.731612
114.54	9.733789
114.56	9.734889
114.58	9.735997
114.6	9.737113
114.62	9.738235
114.64	9.739363
114.66	9.740493
114.68	9.741625
114.7	9.742757
114.72	9.744817
114.74	9.745915
114.76	9.747006
114.78	9.748084
114.8	9.749133
114.82	9.750164
114.84	9.751175
114.86	9.752163
114.88	9.753123
114.9	9.75458
114.92	9.755516
114.94	9.756459
114.96	9.757401
114.98	9.758336
115	9.759266
115.02	9.760187
115.04	9.761097
115.06	9.761994
115.08	9.763743
115.1	9.764589
115.12	9.765451
115.14	9.766335
115.16	9.76721
115.18	9.76897
115.2	9.769859
115.22	9.770754
115.24	9.771652
115.26	9.772413
115.28	9.773288
115.3	9.774172
115.32	9.775929
115.34	9.776799
115.36	9.777661
115.38	9.778514
115.4	9.779356
115.42	9.780182
115.44	9.7807
115.46	9.78148
115.48	9.782309
115.5	9.783151
115.52	9.784774
115.54	9.785619
115.56	9.786466
115.58	9.787311
115.6	9.788155
115.62	9.788995
115.64	9.789831
115.66	9.790662
115.68	9.792299
115.7	9.793103
115.72	9.793895
115.74	9.794672
115.76	9.795434
115.78	9.796178
115.8	9.796903
115.82	9.798284
115.84	9.798932
115.86	9.799554
115.88	9.800145
115.9	9.800735
115.92	9.801355
115.94	9.801961
115.96	9.802565
115.98	9.803169
116	9.80438
116.02	9.804986
116.04	9.805591
116.06	9.806193
116.08	9.806793
116.1	9.807388
116.12	9.80798
116.14	9.80914
116.16	9.809708
116.18	9.810266
116.2	9.810814
116.22	9.811349
116.24	9.811872
116.26	9.812379
116.28	9.812871
116.3	9.813346
116.32	9.813803
116.34	9.81424
116.36	9.814658
116.38	9.815053
116.4	9.815775
116.42	9.815732
116.44	9.816021
116.46	9.81637
116.48	9.816734
116.5	9.817107
116.52	9.817486
116.54	9.817869
116.56	9.818257
116.58	9.818973
116.6	9.819359
116.62	9.819752
116.64	9.820145
116.66	9.820537
116.68	9.820929
116.7	9.821319
116.72	9.821707
116.74	9.822092
116.76	9.822852
116.78	9.823226
116.8	9.823595
116.82	9.823958
116.84	9.824667
116.86	9.82501
116.88	9.825346
116.9	9.825672
116.92	9.825991
116.94	9.826299
116.96	9.761065
116.98	9.715039
117	9.684511
117.02	9.652691
117.04	9.528772
117.06	9.468762
117.08	9.415534
117.1	9.331193
117.12	8.977543
117.14	9.294278
117.16	9.034479
117.18	8.981193
117.2	8.791095
117.22	8.656993
117.24	8.693631
117.26	8.698948
117.28	8.695401
117.3	8.689729
117.32	8.683371
117.34	8.676616
117.36	8.669525
117.38	8.662109
117.4	8.65437
117.42	8.646309
117.44	8.637926
117.46	8.629222
117.48	8.620196
117.5	8.601182
117.52	8.591191
117.54	8.580881
117.56	8.57025
117.58	8.559299
117.6	8.536432
117.62	8.524519
117.64	8.512285
117.66	8.499732
117.68	8.486858
117.7	8.473665
117.72	8.460153
117.74	8.446321
117.76	8.443602
117.78	8.462779
117.8	8.439501
117.82	8.459937
117.84	8.433142
117.86	8.454417
117.88	8.437938
117.9	8.480597
117.92	8.431513
117.94	8.401125
117.96	8.369556
117.98	8.336869
118	8.30313
118.02	8.268412
118.04	8.232794
118.06	8.196364
118.08	8.121448
118.1	8.08317
118.12	8.044497
118.14	8.005552
118.16	7.983938
118.18	7.966951
118.2	7.944617
118.22	7.920889
118.24	7.896592
118.26	7.871875
118.28	7.846778
118.3	7.821305
118.32	7.795462
118.34	7.769243
118.36	7.715693
118.38	7.688361
118.4	7.660656
118.42	7.632582
118.44	7.604135
118.46	7.575318
118.48	7.546131
118.5	7.516574
118.52	7.456348
118.54	7.425681
118.56	7.394646
118.58	7.36324
118.6	7.331468
118.62	7.299325
118.64	7.266816
118.66	7.233937
118.68	7.200693
118.7	7.133102
118.72	7.098755
118.74	7.064045
118.76	7.028966
118.78	6.993525
118.8	6.957715
118.82	6.921544
118.84	6.848105
118.86	6.810839
118.88	6.773212
118.9	6.73522
118.92	6.696868
118.94	6.658152
118.96	6.619077
118.98	6.579638
119	6.539842
119.02	6.499682
119.04	6.418289
119.06	6.377056
119.08	6.335462
119.1	6.293514
119.12	6.251206
119.14	6.208546
119.16	6.165527
119.18	6.122158
119.2	6.07843
119.22	5.98992
119.24	5.945138
119.26	5.900002
119.28	5.854521
119.3	5.808685
119.32	5.762506
119.34	5.669102
119.36	5.621879
119.38	5.574312
119.4	5.526401
119.42	5.478148
119.44	5.429554
119.46	5.38062
119.48	5.331348
119.5	5.231795
119.52	5.181516
119.54	5.130904
119.56	5.079961
119.58	5.028689
119.6	4.977089
119.62	4.925165
119.64	4.872916
119.66	4.767456
119.68	4.714249
119.7	4.660728
119.72	4.606894
119.74	4.552752
119.76	4.498302
119.78	4.443549
119.8	4.333147
119.82	4.277503
119.84	4.22157
119.86	4.165353
119.88	4.108854
119.9	4.052078
119.92	3.995031
119.94	3.937718
119.96	3.880144
119.98	3.764237
120	3.705918
120.02	3.647365
120.04	3.588585
120.06	3.529588
120.08	3.470381
120.1	3.410975
120.12	3.344471
120.14	3.282214
120.16	3.159239
120.18	3.097707
120.2	3.03775
120.22	2.981761
120.24	2.923947
120.26	2.863205
120.28	2.799372
120.3	2.732488
120.32	2.662638
120.34	2.589929
120.36	2.436451
120.38	2.356257
120.4	2.272762
120.42	2.187048
120.44	2.154622
120.46	2.069878
120.48	1.958632
120.5	1.944301
120.52	1.925509
120.54	1.884668
120.56	1.840155
120.58	1.79588
120.6	1.752693
120.62	1.670353
120.64	1.631369
120.66	1.593937
120.68	1.558129
120.7	1.524019
120.72	1.489126
120.74	1.45379
120.76	1.418127
120.78	1.382115
120.8	1.347398
120.82	1.312506
120.84	1.277548
120.86	1.210983
120.88	1.179016
120.9	1.069785
120.92	0.8687139
120.94	0.6744776
120.96	0.4451274
120.98	0.4807695
121	0.5143414
121.02	0.5401902
121.04	0.5644906
121.06	0.6069119
121.08	0.6249036
121.1	0.6399075
121.12	0.6533483
121.14	0.6644328
121.16	0.6734515
121.18	0.6802773
121.2	0.6850732
121.22	0.687177
121.24	0.6869641
121.26	0.6803976
121.28	0.6734941
121.3	0.664445
121.32	0.6525667
121.34	0.6389402
121.36	0.6226403
121.38	0.5836172
121.4	0.5618759
121.42	0.5395529
121.44	0.5194557
121.46	0.4991645
121.48	0.4927119
121.5	0.4874209
121.52	0.4839391
121.54	0.4788899
121.56	0.4825205
121.58	0.4816886
121.6	0.4780663
121.62	0.4781254
121.64	0.47568
121.66	0.4704927
121.68	0.4630317
121.7	0.4535248
121.72	0.4442831
121.74	0.4323094
121.76	0.4314138
121.78	0.4280135
121.8	0.4229689
121.82	0.4215688
121.84	0.4221331
121.86	0.4223358
121.88	0.4242687
121.9	0.4223731
121.92	0.4169546
121.94	0.3975754
121.96	0.4009368
121.98	0.4013995
122	0.3965615
122.02	0.400431
122.04	0.3993097
122.06	0.4042296
122.08	0.4021662
122.1	0.4126602
122.12	0.4142738
122.14	0.4103568
122.16	0.4027556
122.18	0.403191
122.2	0.398665
122.2