0.02	9.967271
0.04	9.882834
0.06	9.866971
0.08	9.864376
0.1	9.863891
0.12	9.864002
0.14	9.863389
0.16	9.862486
0.18	9.79591
0.2	9.777112
0.22	9.772716
0.24	9.754662
0.26	9.735163
0.28	9.718973
0.3	9.707173
0.32	9.699937
0.34	9.6983
0.36	9.703549
0.38	9.716914
0.4	9.711974
0.42	9.689552
0.44	9.654728
0.46	9.619798
0.48	9.588088
0.5	9.560281
0.52	9.613196
0.54	9.613583
0.56	9.587107
0.58	9.558927
0.6	9.533237
0.62	9.510698
0.64	9.491263
0.66	9.474729
0.68	9.460853
0.7	9.44875
0.72	9.429523
0.74	9.422407
0.76	9.41705
0.78	9.413334
0.8	9.411396
0.82	9.411113
0.84	9.412628
0.86	9.41169
0.88	9.398901
0.9	9.392251
0.92	9.392042
0.94	9.374537
0.96	9.365545
0.98	9.364529
1	9.347508
1.02	9.34027
1.04	9.327355
1.06	9.320076
1.08	9.312496
1.1	9.305595
1.12	9.299728
1.14	9.29368
1.16	9.287581
1.18	9.281464
1.2	9.275302
1.22	9.262975
1.24	9.256758
1.26	9.25055
1.28	9.244332
1.3	9.238069
1.32	9.231817
1.34	9.22556
1.36	9.212972
1.38	9.206682
1.4	9.20035
1.42	9.194038
1.44	9.187727
1.46	9.181372
1.48	9.175043
1.5	9.168717
1.52	9.162351
1.54	9.156014
1.56	9.143313
1.58	9.136978
1.6	9.130652
1.62	9.124288
1.64	9.117962
1.66	9.11165
1.68	9.1053
1.7	9.098994
1.72	9.086381
1.74	9.080105
1.76	9.073847
1.78	9.067557
1.8	9.061319
1.82	9.055105
1.84	9.048858
1.86	9.042669
1.88	9.036507
1.9	9.024182
1.92	9.018082
1.94	9.011951
1.96	9.005888
1.98	8.999859
2	8.993802
2.02	8.981869
2.04	8.975896
2.06	8.969998
2.08	8.964142
2.1	8.958261
2.12	8.952461
2.14	8.946706
2.16	8.935238
2.18	8.929523
2.2	8.923897
2.22	8.918248
2.24	8.912693
2.26	8.907115
2.28	8.901635
2.3	8.890742
2.32	8.885346
2.34	8.880004
2.36	8.874692
2.38	8.869438
2.4	8.864218
2.42	8.859057
2.44	8.853933
2.46	8.843851
2.48	8.838895
2.5	8.833981
2.52	8.829136
2.54	8.824334
2.56	8.819605
2.58	8.814922
2.6	8.805757
2.62	8.801277
2.64	8.796848
2.66	8.792502
2.68	8.78821
2.7	8.784002
2.72	8.779852
2.74	8.775789
2.76	8.771787
2.78	8.764024
2.8	8.760269
2.82	8.756578
2.84	8.752986
2.86	8.749459
2.88	8.746035
2.9	8.74268
2.92	8.736252
2.94	8.733182
2.96	8.730186
2.98	8.727303
3	8.724496
3.02	8.721805
3.04	8.719192
3.06	8.714286
3.08	8.711996
3.1	8.709791
3.12	8.707711
3.14	8.705719
3.16	8.703856
3.18	8.70208
3.2	8.698888
3.22	8.697473
3.24	8.696153
3.26	8.694971
3.28	8.693888
3.3	8.692945
3.32	8.691406
3.34	8.690812
3.36	8.690366
3.38	8.690025
3.4	8.689836
3.42	8.689754
3.44	8.689827
3.46	8.690351
3.48	8.690804
3.5	8.69142
3.52	8.692148
3.54	8.693043
3.56	8.694053
3.58	8.695231
3.6	8.696529
3.62	8.699588
3.64	8.701351
3.66	8.703238
3.68	8.705303
3.7	8.707494
3.72	8.709865
3.74	8.712362
3.76	8.717855
3.78	8.720854
3.8	8.723983
3.82	8.727302
3.84	8.730754
3.86	8.734398
3.88	8.738177
3.9	8.742152
3.92	8.750574
3.94	8.755023
3.96	8.759673
3.98	8.764463
4	8.769457
4.02	8.774592
4.04	8.779935
4.06	8.78542
4.08	8.796955
4.1	8.803006
4.12	8.809205
4.14	8.815617
4.16	8.822177
4.18	8.828954
4.2	8.83588
4.22	8.843026
4.24	8.850322
4.26	8.857839
4.28	8.873401
4.3	8.881447
4.32	8.889719
4.34	8.898145
4.36	8.906798
4.38	8.915607
4.4	8.924646
4.42	8.933842
4.44	8.943269
4.46	8.962672
4.48	8.972648
4.5	8.982862
4.52	8.993233
4.54	9.003841
4.56	9.01461
4.58	9.025619
4.6	9.036787
4.62	9.05977
4.64	9.071583
4.66	9.083559
4.68	9.095779
4.7	9.108162
4.72	9.12079
4.74	9.133582
4.76	9.14662
4.78	9.159822
4.8	9.173273
4.82	9.186889
4.84	9.214783
4.86	9.229061
4.88	9.243507
4.9	9.258203
4.92	9.273065
4.94	9.288178
4.96	9.30346
4.98	9.334694
5	9.350646
5.02	9.366768
5.04	9.383142
5.06	9.399685
5.08	9.416481
5.1	9.433446
5.12	9.450665
5.14	9.468053
5.16	9.485695
5.18	9.521572
5.2	9.539806
5.22	9.558296
5.24	9.576956
5.26	9.59587
5.28	9.634294
5.3	9.652813
5.32	9.742205
5.34	9.747265
5.36	9.814372
5.38	9.805212
5.4	9.879423
5.42	9.869209
5.44	9.936422
5.46	10.01429
5.48	10.00618
5.5	10.08514
5.52	10.07792
5.54	10.15787
5.56	10.15149
5.58	10.23248
5.6	10.22691
5.62	10.22709
5.64	10.21788
5.66	10.21136
5.68	10.20886
5.7	10.2105
5.72	10.21617
5.74	10.22492
5.76	10.23528
5.78	10.25964
5.8	10.27336
5.82	10.28795
5.84	10.41799
5.86	10.40983
5.88	10.40243
5.9	10.39582
5.92	10.39002
5.94	10.38506
5.96	10.38096
5.98	10.37776
6	10.37551
6.02	10.37399
6.04	10.37427
6.06	10.3755
6.08	10.37701
6.1	10.37951
6.12	10.38273
6.14	10.38676
6.16	10.38688
6.18	10.37424
6.2	10.36752
6.22	10.36102
6.24	10.35473
6.26	10.34868
6.28	10.34306
6.3	10.33796
6.32	10.35128
6.34	10.36684
6.36	10.39856
6.38	10.41193
6.4	10.42964
6.42	10.44305
6.44	10.46146
6.46	10.45668
6.48	10.45325
6.5	10.45036
6.52	10.44585
6.54	10.44425
6.56	10.44193
6.58	10.44123
6.6	10.44112
6.62	10.54751
6.64	10.70084
6.66	10.67828
6.68	10.67427
6.7	10.67423
6.72	10.67553
6.74	10.67626
6.76	10.67697
6.78	10.6776
6.8	10.67814
6.82	10.67854
6.84	10.67879
6.86	10.76147
6.88	10.76896
6.9	10.70702
6.92	10.68324
6.94	10.63634
6.96	10.61264
6.98	10.58878
7	10.56484
7.02	10.54088
7.04	10.51698
7.06	10.4983
7.08	10.46009
7.1	10.44084
7.12	10.42186
7.14	10.40294
7.16	10.38412
7.18	10.36556
7.2	10.34705
7.22	10.32864
7.24	10.29239
7.26	10.27439
7.28	10.25666
7.3	10.23897
7.32	10.22138
7.34	10.20406
7.36	10.18678
7.38	10.16961
7.4	10.15271
7.42	10.11909
7.44	10.10261
7.46	10.08617
7.48	10.06982
7.5	10.05377
7.52	10.03775
7.54	10.02182
7.56	10.00619
7.58	9.975095
7.6	9.959888
7.62	9.944715
7.64	9.929642
7.66	9.914865
7.68	9.90012
7.7	9.885472
7.72	9.871128
7.74	9.856812
7.76	9.842596
7.78	9.814804
7.8	9.801022
7.82	9.787548
7.84	9.774102
7.86	9.760754
7.88	9.747721
7.9	9.734713
7.92	9.709214
7.94	9.696647
7.96	9.684179
7.98	9.672035
8	9.659913
8.02	9.64789
8.04	9.636195
8.06	9.624521
8.08	9.612947
8.1	9.590479
8.12	9.579355
8.14	9.568566
8.16	9.557796
8.18	9.547126
8.2	9.536796
8.22	9.526483
8.24	9.51627
8.26	9.496549
8.28	9.486796
8.3	9.477392
8.32	9.468003
8.34	9.458715
8.36	9.44978
8.38	9.440858
8.4	9.432037
8.42	9.41512
8.44	9.406771
8.46	9.39878
8.48	9.390802
8.5	9.382928
8.52	9.375415
8.54	9.367915
8.56	9.353486
8.58	9.346469
8.6	9.339553
8.62	9.333007
8.64	9.326473
8.66	9.320044
8.68	9.313986
8.7	9.30794
8.72	9.301997
8.74	9.290877
8.76	9.285428
8.78	9.280357
8.8	9.275299
8.82	9.270345
8.84	9.265774
8.86	9.261213
8.88	9.256759
8.9	9.25269
8.92	9.248631
8.94	9.244681
8.96	9.241117
8.98	9.237566
9	9.23412
9.02	9.228024
9.04	9.22509
9.06	9.222549
9.08	9.220018
9.1	9.217597
9.12	9.215573
9.14	9.213559
9.16	9.211656
9.18	9.210151
9.2	9.208656
9.22	9.207273
9.24	9.205317
9.26	9.204457
9.28	9.204
9.3	9.203555
9.32	9.203221
9.34	9.203294
9.36	9.203377
9.38	9.203573
9.4	9.204178
9.42	9.204794
9.44	9.205524
9.46	9.207815
9.48	9.209082
9.5	9.210759
9.52	9.212449
9.54	9.214254
9.56	9.216473
9.58	9.218703
9.6	9.223812
9.62	9.226587
9.64	9.22948
9.66	9.232787
9.68	9.236109
9.7	9.239549
9.72	9.247276
9.74	9.251266
9.76	9.255673
9.78	9.260097
9.8	9.26464
9.82	9.274579
9.84	9.269818
9.86	9.263019
9.88	9.256324
9.9	9.249474
9.92	9.242653
9.94	9.235842
9.96	9.222429
9.98	9.21572
10	9.209089
10.02	9.202516
10.04	9.195963
10.06	9.189475
10.08	9.183069
10.1	9.17662
10.12	9.17025
10.14	9.163936
10.16	9.157643
10.18	9.151417
10.2	9.139081
10.22	9.132971
10.24	9.126916
10.26	9.120883
10.28	9.114915
10.3	9.109029
10.32	9.103098
10.34	9.097247
10.36	9.091452
10.38	9.085678
10.4	9.079968
10.42	9.074342
10.44	9.068669
10.46	9.063077
10.48	9.057539
10.5	9.052024
10.52	9.041204
10.54	9.035789
10.56	9.030455
10.58	9.025175
10.6	9.019917
10.62	9.014723
10.64	9.009611
10.66	9.004455
10.68	8.999376
10.7	8.994352
10.72	8.989352
10.74	8.979561
10.76	8.974659
10.78	8.969836
10.8	8.965069
10.82	8.960324
10.84	8.955642
10.86	8.951042
10.88	8.946396
10.9	8.941829
10.92	8.937317
10.94	8.932827
10.96	8.928399
10.98	8.919662
11	8.915349
11.02	8.91109
11.04	8.906855
11.06	8.902679
11.08	8.898589
11.1	8.894449
11.12	8.890389
11.14	8.886383
11.16	8.8824
11.18	8.878477
11.2	8.874639
11.22	8.866941
11.24	8.863187
11.26	8.859455
11.28	8.855783
11.3	8.852196
11.32	8.848558
11.34	8.845
11.36	8.841495
11.38	8.838015
11.4	8.834591
11.42	8.831253
11.44	8.827865
11.46	8.821299
11.48	8.818067
11.5	8.814892
11.52	8.811802
11.54	8.808661
11.56	8.805599
11.58	8.80259
11.6	8.799604
11.62	8.796677
11.64	8.793834
11.66	8.790938
11.68	8.785358
11.7	8.782619
11.72	8.779935
11.74	8.777337
11.76	8.774687
11.78	8.772116
11.8	8.769595
11.82	8.767099
11.84	8.764659
11.86	8.762304
11.88	8.759896
11.9	8.757567
11.92	8.753035
11.94	8.750836
11.96	8.748723
11.98	8.746556
12	8.744468
12.02	8.742431
12.04	8.740417
12.06	8.738458
12.08	8.736584
12.1	8.734655
12.12	8.732806
12.14	8.731007
12.16	8.729232
12.18	8.725873
12.2	8.724182
12.22	8.72257
12.24	8.721007
12.26	8.719468
12.28	8.717982
12.3	8.715125
12.32	8.713748
12.34	8.71242
12.36	8.711114
12.38	8.709862
12.4	8.708694
12.42	8.707471
12.44	8.706326
12.46	8.70523
12.48	8.703136
12.5	8.7022
12.52	8.701208
12.54	8.700293
12.56	8.699427
12.58	8.698584
12.6	8.697791
12.62	8.697083
12.64	8.695634
12.66	8.694996
12.68	8.69438
12.7	8.693814
12.72	8.693334
12.74	8.692796
12.76	8.692336
12.78	8.691923
12.8	8.691532
12.82	8.691192
12.84	8.690935
12.86	8.690621
12.88	8.690385
12.9	8.690194
12.92	8.690026
12.94	8.689873
12.96	8.68978
12.98	8.689764
13	8.689795
13.02	8.689846
13.04	8.689947
13.06	8.690131
13.08	8.690258
13.1	8.690461
13.12	8.690708
13.14	8.690978
13.16	8.691296
13.18	8.69204
13.2	8.692458
13.22	8.692922
13.24	8.693407
13.26	8.693939
13.28	8.694554
13.3	8.69511
13.32	8.695742
13.34	8.696417
13.36	8.697115
13.38	8.697859
13.4	8.699452
13.42	8.700294
13.44	8.70118
13.46	8.702086
13.48	8.703039
13.5	8.704075
13.52	8.70505
13.54	8.7061
13.56	8.707192
13.58	8.708306
13.6	8.709465
13.62	8.710707
13.64	8.711886
13.66	8.713141
13.68	8.714438
13.7	8.717119
13.72	8.718563
13.74	8.719946
13.76	8.721402
13.78	8.7229
13.8	8.724421
13.82	8.725983
13.84	8.727628
13.86	8.72921
13.88	8.730865
13.9	8.732563
13.92	8.734281
13.94	8.73604
13.96	8.737884
13.98	8.741514
14	8.743406
14.02	8.74532
14.04	8.747275
14.06	8.749312
14.08	8.751285
14.1	8.755416
14.12	8.757522
14.14	8.759668
14.16	8.761897
14.18	8.76406
14.2	8.766296
14.22	8.768572
14.24	8.773202
14.26	8.775619
14.28	8.777969
14.3	8.780393
14.32	8.782855
14.34	8.785337
14.36	8.787859
14.38	8.790461
14.4	8.792996
14.42	8.795605
14.44	8.79825
14.46	8.80362
14.48	8.806404
14.5	8.809122
14.52	8.811912
14.54	8.814737
14.56	8.817584
14.58	8.820467
14.6	8.823431
14.62	8.826327
14.64	8.829295
14.66	8.8323
14.68	8.835323
14.7	8.838384
14.72	8.841523
14.74	8.844596
14.76	8.850919
14.78	8.854116
14.8	8.85735
14.82	8.860663
14.84	8.863909
14.86	8.867224
14.88	8.870575
14.9	8.873943
14.92	8.877348
14.94	8.880832
14.96	8.884247
14.98	8.887731
15	8.891251
15.02	8.898359
15.04	8.90201
15.06	8.905591
15.08	8.909242
15.1	8.912927
15.12	8.91663
15.14	8.920365
15.16	8.924179
15.18	8.927925
15.2	8.931739
15.22	8.935586
15.24	8.939451
15.26	8.943349
15.28	8.947324
15.3	8.955203
15.32	8.959209
15.34	8.963233
15.36	8.96729
15.38	8.971422
15.4	8.975486
15.42	8.979616
15.44	8.983779
15.46	8.987959
15.48	8.99217
15.5	8.996458
15.52	9.000676
15.54	9.00496
15.56	9.009276
15.58	9.013609
15.6	9.017973
15.62	9.022412
15.64	9.026782
15.66	9.031216
15.68	9.035683
15.7	9.040165
15.72	9.049266
15.74	9.053784
15.76	9.058368
15.78	9.062982
15.8	9.067611
15.82	9.07227
15.84	9.077004
15.86	9.081667
15.88	9.086394
15.9	9.091153
15.92	9.095926
15.94	9.105606
15.96	9.110412
15.98	9.11528
16	9.12018
16.02	9.125094
16.04	9.130036
16.06	9.135054
16.08	9.139998
16.1	9.150045
16.12	9.155097
16.14	9.160177
16.16	9.165331
16.18	9.170412
16.2	9.175556
16.22	9.18073
16.24	9.191132
16.26	9.196419
16.28	9.201634
16.3	9.206911
16.32	9.212216
16.34	9.217536
16.36	9.222883
16.38	9.23363
16.4	9.23903
16.42	9.244454
16.44	9.249889
16.46	9.255356
16.48	9.260832
16.5	9.266333
16.52	9.271844
16.54	9.277385
16.56	9.282936
16.58	9.294097
16.6	9.299711
16.62	9.305336
16.64	9.310984
16.66	9.316641
16.68	9.322329
16.7	9.328025
16.72	9.333744
16.74	9.339473
16.76	9.34523
16.78	9.356787
16.8	9.362585
16.82	9.368412
16.84	9.374247
16.86	9.380105
16.88	9.385971
16.9	9.397769
16.92	9.403694
16.94	9.409627
16.96	9.415587
16.98	9.421556
17	9.427547
17.02	9.433545
17.04	9.439571
17.06	9.445604
17.08	9.451659
17.1	9.457722
17.12	9.463811
17.14	9.469907
17.16	9.476025
17.18	9.4883
17.2	9.494459
17.22	9.500638
17.24	9.506824
17.26	9.513036
17.28	9.519255
17.3	9.525494
17.32	9.53174
17.34	9.538012
17.36	9.544289
17.38	9.550587
17.4	9.556891
17.42	9.569556
17.44	9.575912
17.46	9.582273
17.48	9.58866
17.5	9.595052
17.52	9.601464
17.54	9.607882
17.56	9.614324
17.58	9.620771
17.6	9.633711
17.62	9.640208
17.64	9.646709
17.66	9.653229
17.68	9.659755
17.7	9.666306
17.72	9.679432
17.74	9.686011
17.76	9.692613
17.78	9.699218
17.8	9.705843
17.82	9.712473
17.84	9.719125
17.86	9.725781
17.88	9.732456
17.9	9.739136
17.92	9.745837
17.94	9.759267
17.96	9.765995
17.98	9.772746
18	9.7795
18.02	9.786271
18.04	9.793049
18.06	9.799846
18.08	9.806646
18.1	9.813466
18.12	9.820289
18.14	9.827132
18.16	9.83398
18.18	9.840844
18.2	9.847713
18.22	9.854603
18.24	9.861494
18.26	9.868403
18.28	9.88225
18.3	9.889185
18.32	9.896139
18.34	9.903095
18.36	9.910071
18.38	9.917049
18.4	9.924046
18.42	9.931046
18.44	9.938064
18.46	9.945084
18.48	9.952122
18.5	9.959162
18.52	9.972427
18.54	9.979609
18.56	9.985213
18.58	9.991673
18.6	9.996602
18.62	10.00006
18.64	10.00366
18.66	10.0073
18.68	10.01112
18.7	10.0293
18.72	10.04669
18.74	10.06315
18.76	10.07853
18.78	10.06668
18.8	10.0617
18.82	10.07042
18.84	10.09175
18.86	10.0799
18.88	10.08265
18.9	10.08517
18.92	10.08751
18.94	10.08976
18.96	10.09179
18.98	10.09364
19	10.0954
19.02	10.09695
19.04	10.09961
19.06	10.10069
19.08	10.10158
19.1	10.10241
19.12	10.10303
19.14	10.10347
19.16	10.10385
19.18	10.10402
19.2	10.10402
19.22	10.10396
19.24	10.1037
19.26	10.10279
19.28	10.1021
19.3	10.10126
19.32	10.10036
19.34	10.09927
19.36	10.09802
19.38	10.09673
19.4	10.09525
19.42	10.09194
19.44	10.09008
19.46	10.08807
19.48	10.08603
19.5	10.08378
19.52	10.08151
19.54	10.07903
19.56	10.07644
19.58	10.07093
19.6	10.068
19.62	10.06498
19.64	10.06184
19.66	10.05862
19.68	10.05527
19.7	10.05185
19.72	10.0447
19.74	10.04098
19.76	10.03719
19.78	10.03329
19.8	10.02932
19.82	10.02525
19.84	10.02112
19.86	10.01689
19.88	10.01261
19.9	10.00823
19.92	9.999274
19.94	9.994707
19.96	9.990053
19.98	9.985358
20	9.980583
20.02	9.975772
20.04	9.970884
20.06	9.965966
20.08	9.955962
20.1	9.950881
20.12	9.94578
20.14	9.940619
20.16	9.935443
20.18	9.930212
20.2	9.921887
20.22	9.901789
20.24	9.891463
20.26	9.881723
20.28	9.872033
20.3	9.862486
20.32	9.852745
20.34	9.843065
20.36	9.823579
20.38	9.81344
20.4	9.803645
20.42	9.793676
20.44	9.783516
20.46	9.773465
20.48	9.763527
20.5	9.753216
20.52	9.743171
20.54	9.732917
20.56	9.712669
20.58	9.702394
20.6	9.691724
20.62	9.681505
20.64	9.671115
20.66	9.660495
20.68	9.650025
20.7	9.639702
20.72	9.628965
20.74	9.618543
20.76	9.597397
20.78	9.586933
20.8	9.576295
20.82	9.565225
20.84	9.554672
20.86	9.543938
20.88	9.522057
20.9	9.511333
20.92	9.500315
20.94	9.489617
20.96	9.478683
20.98	9.467909
21	9.446724
21.02	9.435896
21.04	9.425776
21.06	9.414967
21.08	9.404533
21.1	9.393309
21.12	9.383082
21.14	9.372288
21.16	9.361897
21.18	9.350219
21.2	9.33952
21.22	9.328712
21.24	9.318292
21.26	9.295871
21.28	9.285022
21.3	9.273952
21.32	9.263075
21.34	9.252389
21.36	9.241223
21.38	9.219434
21.4	9.208609
21.42	9.198207
21.44	9.187574
21.46	9.17643
21.48	9.165593
21.5	9.154588
21.52	9.143052
21.54	9.121098
21.56	9.109547
21.58	9.098541
21.6	9.087449
21.62	9.075941
21.64	9.065301
21.66	9.043395
21.68	9.03236
21.7	9.021151
21.72	9.009398
21.74	8.998262
21.76	8.987041
21.78	8.964138
21.8	8.952865
21.82	8.941113
21.84	8.929853
21.86	8.918517
21.88	8.906698
21.9	8.895373
21.92	8.883972
21.94	8.872081
21.96	8.860693
21.98	8.849231
22	8.825824
22.02	8.814303
22.04	8.802273
22.06	8.790775
22.08	8.779202
22.1	8.767109
22.12	8.755563
22.14	8.743942
22.16	8.731791
22.18	8.720202
22.2	8.708539
22.22	8.696334
22.24	8.684707
22.26	8.673006
22.28	8.660751
22.3	8.637358
22.32	8.62506
22.34	8.613373
22.36	8.60161
22.38	8.589274
22.4	8.577564
22.42	8.565779
22.44	8.553409
22.46	8.54168
22.48	8.529877
22.5	8.517478
22.52	8.505737
22.54	8.481499
22.56	8.469749
22.58	8.457927
22.6	8.445486
22.62	8.433733
22.64	8.421907
22.66	8.409453
22.68	8.397703
22.7	8.385879
22.72	8.373417
22.74	8.361673
22.76	8.349856
22.78	8.32566
22.8	8.313855
22.82	8.301392
22.84	8.289678
22.86	8.277891
22.88	8.265434
22.9	8.253742
22.92	8.241978
22.94	8.217869
22.96	8.206133
22.98	8.193706
23	8.182073
23.02	8.170369
23.04	8.157964
23.06	8.146369
23.08	8.134703
23.1	8.122325
23.12	8.099148
23.14	8.086802
23.16	8.075297
23.18	8.063721
23.2	8.051413
23.22	8.03996
23.24	8.028437
23.26	8.016171
23.28	8.004775
23.3	7.993309
23.32	7.981093
23.34	7.969759
23.36	7.946191
23.38	7.934925
23.4	7.923589
23.42	7.911482
23.44	7.900288
23.46	7.889025
23.48	7.876981
23.5	7.865864
23.52	7.854679
23.54	7.842702
23.56	7.831666
23.58	7.820564
23.6	7.80866
23.62	7.797712
23.64	7.786696
23.66	7.77487
23.68	7.75309
23.7	7.741347
23.72	7.730587
23.74	7.71976
23.76	7.708105
23.78	7.697445
23.8	7.686721
23.82	7.675158
23.84	7.664606
23.86	7.653988
23.88	7.642522
23.9	7.632081
23.92	7.621574
23.94	7.61021
23.96	7.589494
23.98	7.578238
24	7.568032
24.02	7.557763
24.04	7.546618
24.06	7.536538
24.08	7.526394
24.1	7.515366
24.12	7.505415
24.14	7.495402
24.16	7.474679
24.18	7.4648
24.2	7.45402
24.22	7.444343
24.24	7.434603
24.26	7.423954
24.28	7.41442
24.3	7.404825
24.32	7.394311
24.34	7.384925
24.36	7.375478
24.38	7.365104
24.4	7.355871
24.42	7.336348
24.44	7.327271
24.46	7.318134
24.48	7.308055
24.5	7.299139
24.52	7.290164
24.54	7.280238
24.56	7.271489
24.58	7.262679
24.6	7.252912
24.62	7.235693
24.64	7.226088
24.66	7.217681
24.68	7.209217
24.7	7.19978
24.72	7.191552
24.74	7.183266
24.76	7.173999
24.78	7.157852
24.8	7.14876
24.82	7.140902
24.84	7.132986
24.86	7.124074
24.88	7.116406
24.9	7.108681
24.92	7.099954
24.94	7.09248
24.96	7.084949
24.98	7.07641
25	7.069134
25.02	7.061803
25.04	7.053455
25.06	7.046382
25.08	7.039253
25.1	7.031102
25.12	7.017312
25.14	7.009359
25.16	7.002702
25.18	6.995989
25.2	6.988241
25.22	6.981796
25.24	6.975297
25.26	6.967757
25.28	6.961529
25.3	6.955246
25.32	6.947917
25.34	6.941909
25.36	6.935848
25.38	6.928733
25.4	6.922949
25.42	6.917111
25.44	6.910214
25.46	6.904657
25.48	6.892972
25.5	6.886713
25.52	6.875797
25.54	6.868965
25.56	6.86309
25.58	6.855096
25.6	6.84467
25.62	6.834731
25.64	6.826634
25.66	6.820236
25.68	6.816303
25.7	6.809363
25.72	6.8073
25.74	6.804955
25.76	6.803301
25.78	6.799978
25.8	6.799371
25.82	6.797142
25.84	6.797235
25.86	6.794764
25.88	6.794208
25.9	6.79284
25.92	6.781958
25.94	6.770586
25.96	6.774578
25.98	6.763171
26	6.767314
26.02	6.756024
26.04	6.760417
26.06	6.760399
26.08	6.767433
26.1	6.780238
26.12	6.784543
26.14	6.793307
26.16	6.797369
26.18	6.806344
26.2	6.810196
26.22	6.819261
26.24	6.610573
26.26	6.515138
26.28	6.424142
26.3	6.3379
26.32	6.255718
26.34	6.178218
26.36	6.104915
26.38	6.036288
26.4	5.971971
26.42	5.794195
26.44	5.676091
26.46	5.686569
26.48	5.7127
26.5	5.726546
26.52	5.740921
26.54	5.853008
26.56	5.76977
26.58	5.781409
26.6	5.792697
26.62	5.803525
26.64	5.813794
26.66	5.823411
26.68	5.832289
26.7	5.840353
26.72	5.818137
26.74	5.789065
26.76	5.842889
26.78	5.766751
26.8	5.816413
26.82	5.744063
26.84	5.789101
26.86	5.737543
26.88	5.797884
26.9	5.747831
26.92	5.807261
26.94	5.783655
26.96	5.808197
26.98	5.834051
27	5.861003
27.02	5.888846
27.04	5.91739
27.06	5.946451
27.08	5.975855
27.1	6.005446
27.12	6.017906
27.14	5.80815
27.16	5.689425
27.18	5.829132
27.2	5.76228
27.22	5.92361
27.24	5.810961
27.26	5.976879
27.28	5.858004
27.3	6.024861
27.32	5.9623
27.34	5.913703
27.36	5.967732
27.38	5.916453
27.4	5.970123
27.42	5.918279
27.44	5.971495
27.46	5.972239
27.48	5.920155
27.5	5.916558
27.52	5.911831
27.54	5.905974
27.56	5.898993
27.58	5.890899
27.6	5.881713
27.62	5.871461
27.64	5.854815
27.66	5.848378
27.68	5.83831
27.7	5.978644
27.72	5.866299
27.74	6.016355
27.76	5.878489
27.78	6.030125
27.8	5.887095
27.82	6.038692
27.84	5.89474
27.86	6.045963
27.88	6.012917
27.9	5.998875
27.92	6.036004
27.94	5.979501
27.96	6.01328
27.98	5.955084
28	5.985392
28.02	5.926028
28.04	5.952793
28.06	5.776333
28.08	5.804486
28.1	5.994479
28.12	5.802493
28.14	5.997121
28.16	5.793219
28.18	5.989182
28.2	5.781933
28.22	5.97859
28.24	5.972226
28.26	5.964436
28.28	5.944497
28.3	5.932325
28.32	5.918678
28.34	5.903561
28.36	5.886984
28.38	5.868965
28.4	5.849528
28.42	5.723246
28.44	5.71669
28.46	5.831796
28.48	5.701824
28.5	5.8174
28.52	5.684955
28.54	5.800328
28.56	5.667212
28.58	5.782271
28.6	5.684392
28.62	5.786572
28.64	5.691611
28.66	5.660105
28.68	5.719196
28.7	5.623983
28.72	5.677396
28.74	5.583685
28.76	5.630778
28.78	5.531147
28.8	5.61027
28.82	5.659251
28.84	5.541847
28.86	5.652102
28.88	5.52092
28.9	5.632146
28.92	5.609221
28.94	5.464658
28.96	5.580764
28.98	5.439656
29	5.557192
29.02	5.414994
29.04	5.532717
29.06	5.507846
29.08	5.36458
29.1	5.482713
29.12	5.313227
29.14	5.450377
29.16	5.282411
29.18	5.417658
29.2	5.255558
29.22	5.393907
29.24	5.229909
29.26	5.20414
29.28	5.343781
29.3	5.218534
29.32	5.331369
29.34	5.194738
29.36	5.308894
29.38	5.169693
29.4	5.284521
29.42	5.259973
29.44	5.11965
29.46	5.235651
29.48	5.095061
29.5	5.211696
29.52	5.070882
29.54	5.188196
29.56	5.16523
29.58	5.024081
29.6	5.142882
29.62	5.001625
29.64	5.121233
29.66	4.979915
29.68	5.100373
29.7	5.080391
29.72	4.939099
29.74	5.061378
29.76	4.920184
29.78	5.043431
29.8	4.902397
29.82	5.026647
29.84	4.885838
29.86	5.011126
29.88	4.870612
29.9	4.856826
29.92	4.984282
29.94	4.844588
29.96	4.973169
29.98	4.834008
30	4.963738
30.02	4.825197
30.04	4.818266
30.06	4.950353
30.08	4.813328
30.1	4.946617
30.12	4.810494
30.14	4.944995
30.16	4.809876
30.18	4.945596
30.2	4.811585
30.22	4.948526
30.24	4.815728
30.26	4.822413
30.28	4.961792
30.3	4.831745
30.32	4.972331
30.34	4.843822
30.36	4.985603
30.38	4.858743
30.4	5.001702
30.42	4.876599
30.44	5.020717
30.46	4.897479
30.48	5.042732
30.5	4.921466
30.52	5.067827
30.54	4.948637
30.56	5.096076
30.58	4.979062
30.6	5.012807
30.62	5.162303
30.64	5.04993
30.66	5.200401
30.68	5.090484
30.7	5.241889
30.72	5.134512
30.74	5.286813
30.76	5.182054
30.78	5.23314
30.8	5.387105
30.82	5.287795
30.84	5.44253
30.86	5.346037
30.88	5.501499
30.9	5.407878
30.92	5.564026
30.94	5.473159
30.96	5.541278
30.98	5.698526
31	5.613636
31.02	5.771586
31.04	5.689773
31.06	5.848222
31.08	5.769453
31.1	5.92837
31.12	5.852651
31.14	6.012004
31.16	5.939342
31.18	6.099101
31.2	6.189638
31.22	6.123102
31.24	6.283586
31.26	6.220109
31.28	6.380917
31.3	6.320491
31.32	6.4816
31.34	6.424211
31.36	6.5856
31.38	6.531232
31.4	6.692883
31.42	6.641517
31.44	6.803412
31.46	6.755023
31.48	6.871713
31.5	6.971608
31.52	6.943113
31.54	6.937385
31.56	6.931193
31.58	6.924601
31.6	6.917677
31.62	6.910499
31.64	6.903149
31.66	6.895718
31.68	6.888303
31.7	6.881009
31.72	6.873948
31.74	6.867238
31.76	6.867629
31.78	6.871931
31.8	6.872971
31.82	6.873353
31.84	6.874129
31.86	6.875104
31.88	6.876513
31.9	6.878136
31.92	6.880204
31.94	6.882495
31.96	6.885243
31.98	6.888221
32	6.891667
32.02	6.895352
32.04	6.903927
32.06	6.908828
32.08	6.913983
32.1	6.91964
32.12	6.92556
32.14	6.924016
32.16	6.918384
32.18	6.887846
32.2	6.791076
32.22	6.777381
32.24	6.764143
32.26	6.75137
32.28	6.739077
32.3	6.727283
32.32	6.705292
32.34	6.695158
32.36	6.685649
32.38	6.681952
32.4	6.684251
32.42	6.666898
32.44	6.667695
32.46	6.662174
32.48	6.648727
32.5	6.661013
32.52	6.648614
32.54	6.661368
32.56	6.650038
32.58	6.66191
32.6	6.658655
32.62	6.644358
32.64	6.64357
32.66	6.642881
32.68	6.643432
32.7	6.647052
32.72	6.651098
32.74	6.655435
32.76	6.660598
32.78	6.665754
32.8	6.67111
32.82	6.677242
32.84	6.68537
32.86	6.685862
32.88	6.686233
32.9	6.686196
32.92	6.686382
32.94	6.686732
32.96	6.686896
32.98	6.687017
33	6.687812
33.02	6.688028
33.04	6.688609
33.06	6.689138
33.08	6.689496
33.1	6.69022
33.12	6.690911
33.14	6.691417
33.16	6.692279
33.18	6.693767
33.2	6.694757
33.22	6.695729
33.24	6.696511
33.26	6.697618
33.28	6.698711
33.3	6.699616
33.32	6.700829
33.34	6.702033
33.36	6.703049
33.38	6.704355
33.4	6.706775
33.42	6.708167
33.44	6.70956
33.46	6.710766
33.48	6.712233
33.5	6.713705
33.52	6.714991
33.54	6.716524
33.56	6.718253
33.58	6.721124
33.6	6.722645
33.62	6.724404
33.64	6.726169
33.66	6.727331
33.68	6.728876
33.7	6.730657
33.72	6.732448
33.74	6.733657
33.76	6.735232
33.78	6.737024
33.8	6.738826
33.82	6.740087
33.84	6.743475
33.86	6.74528
33.88	6.746583
33.9	6.748406
33.92	6.750076
33.94	6.75177
33.96	6.754906
33.98	6.756566
34	6.75834
34.02	6.760083
34.04	6.761292
34.06	6.763015
34.08	6.764605
34.1	6.766314
34.12	6.769183
34.14	6.770832
34.16	6.772359
34.18	6.773996
34.2	6.77564
34.22	6.776783
34.24	6.778354
34.26	6.779817
34.28	6.781375
34.3	6.782996
34.32	6.785554
34.34	6.786991
34.36	6.788527
34.38	6.789844
34.4	6.791258
34.42	6.727105
34.44	6.673965
34.46	6.541131
34.48	6.466827
34.5	6.418279
34.52	6.350437
34.54	6.306141
34.56	6.274112
34.58	6.255971
34.6	6.241345
34.62	6.231129
34.64	6.210966
34.66	6.201193
34.68	6.196194
34.7	6.190078
34.72	6.188509
34.74	6.066829
34.76	5.961992
34.78	5.943769
34.8	5.908131
34.82	5.89107
34.84	5.894512
34.86	5.904726
34.88	5.908062
34.9	5.909982
34.92	5.911622
34.94	5.913201
34.96	5.914766
34.98	5.916323
35	5.917873
35.02	5.920951
35.04	5.922477
35.06	5.923991
35.08	5.925495
35.1	5.926986
35.12	5.928464
35.14	5.929928
35.16	5.931377
35.18	5.932811
35.2	5.935603
35.22	5.936971
35.24	5.938321
35.26	5.939652
35.28	5.940964
35.3	5.942255
35.32	5.943526
35.34	5.944777
35.36	5.946006
35.38	5.948532
35.4	5.949812
35.42	5.951069
35.44	5.952302
35.46	5.953511
35.48	5.954695
35.5	5.955954
35.52	5.957179
35.54	5.958378
35.56	5.960819
35.58	5.962049
35.6	5.963252
35.62	5.964428
35.64	5.965675
35.66	5.966884
35.68	5.968066
35.7	5.969222
35.72	5.970496
35.74	5.971731
35.76	5.97412
35.78	5.975394
35.8	5.976629
35.82	5.977943
35.84	5.979216
35.86	5.980462
35.88	5.981788
35.9	5.984333
35.92	5.985719
35.94	5.987064
35.96	5.988383
35.98	5.989796
36	5.991169
36.02	5.992645
36.04	5.995489
36.06	5.997006
36.08	5.998484
36.1	6.000077
36.12	6.090533
36.14	6.19885
36.16	6.194084
36.18	6.09155
36.2	6.001816
36.22	5.92594
36.24	5.927055
36.26	5.928517
36.28	5.890527
36.3	5.870525
36.32	5.853879
36.34	5.998632
36.36	6.113035
36.38	6.059504
36.4	5.996672
36.42	5.959677
36.44	5.952876
36.46	5.944753
36.48	5.93536
36.5	5.924756
36.52	5.913008
36.54	5.886381
36.56	5.871675
36.58	5.85617
36.6	5.839972
36.62	5.823197
36.64	5.805971
36.66	5.788428
36.68	5.770711
36.7	5.735384
36.72	5.71811
36.74	5.701338
36.76	5.685263
36.78	5.670087
36.8	5.676604
36.82	5.624052
36.84	5.525212
36.86	5.664865
36.88	5.617343
36.9	5.659801
36.92	5.682424
36.94	5.701139
36.96	5.693685
36.98	5.718711
37	5.712438
37.02	5.738448
37.04	5.733996
37.06	5.760927
37.08	5.762266
37.1	5.763452
37.12	5.783281
37.14	5.788591
37.16	5.802048
37.18	5.80746
37.2	5.821719
37.22	5.827636
37.24	5.842706
37.26	5.824211
37.28	5.923856
37.3	5.960631
37.32	5.884315
37.34	5.98873
37.36	5.911386
37.38	6.016363
37.4	6.028698
37.42	6.040595
37.44	6.052085
37.46	6.06321
37.48	6.074017
37.5	6.084562
37.52	6.094907
37.54	6.105121
37.56	6.115281
37.58	6.135778
37.6	6.146303
37.62	6.16642
37.64	6.189171
37.66	6.209728
37.68	6.230145
37.7	6.250896
37.72	6.272022
37.74	6.293587
37.76	6.337964
37.78	6.360778
37.8	6.384046
37.82	6.40772
37.84	6.431849
37.86	6.456388
37.88	6.481387
37.9	6.506797
37.92	6.558959
37.94	6.585714
37.96	6.612886
37.98	6.640528
38	6.66859
38.02	6.697123
38.04	6.726079
38.06	6.785362
38.08	6.802567
38.1	6.807831
38.12	6.810627
38.14	6.812746
38.16	6.8149
38.18	6.817198
38.2	6.819438
38.22	6.824051
38.24	6.826049
38.26	6.828456
38.28	6.83078
38.3	6.833228
38.32	6.835682
38.34	6.83771
38.36	6.840248
38.38	6.842691
38.4	6.84528
38.42	6.847878
38.44	6.849995
38.46	6.855245
38.48	6.857975
38.5	6.860713
38.52	6.862943
38.54	6.865759
38.56	6.868469
38.58	6.87134
38.6	6.876569
38.62	6.879527
38.64	6.882374
38.66	6.885386
38.68	6.888405
38.7	6.89088
38.72	6.893979
38.74	6.896963
38.76	6.90003
38.78	6.902758
38.8	6.906022
38.82	6.912385
38.84	6.915284
38.86	6.918494
38.88	6.921905
38.9	6.925364
38.92	6.928414
38.94	6.931776
38.96	6.935341
38.98	6.938953
39	6.942151
39.02	6.949387
39.04	6.953156
39.06	6.956498
39.08	6.960166
39.1	6.964045
39.12	6.967971
39.14	6.975282
39.16	6.97932
39.18	6.983405
39.2	6.987039
39.22	6.991017
39.24	6.995214
39.26	6.99946
39.28	7.003242
39.3	7.011736
39.32	7.016143
39.34	7.020074
39.36	7.024366
39.38	7.028887
39.4	7.033455
39.42	7.037537
39.44	7.041987
39.46	7.04667
39.48	7.055633
39.5	7.060242
39.52	7.065087
39.54	7.06998
39.56	7.074365
39.58	7.079133
39.6	7.084141
39.62	7.093733
39.64	7.098661
39.66	7.103831
39.68	7.109049
39.7	7.113739
39.72	7.118826
39.74	7.129539
39.76	7.134382
39.78	7.139628
39.8	7.145123
39.82	7.150663
39.84	7.155659
39.86	7.161065
39.88	7.16672
39.9	7.172423
39.92	7.183136
39.94	7.188951
39.96	7.194813
39.98	7.200115
40	7.205837
40.02	7.211812
40.04	7.223287
40.06	7.229166
40.08	7.235299
40.1	7.241478
40.12	7.247084
40.14	7.253118
40.16	7.259409
40.18	7.265746
40.2	7.271502
40.22	7.284139
40.24	7.290631
40.26	7.296537
40.28	7.302881
40.3	7.309483
40.32	7.316129
40.34	7.322185
40.36	7.328681
40.38	7.335436
40.4	7.34844
40.42	7.355086
40.44	7.361993
40.46	7.368944
40.48	7.375295
40.5	7.382092
40.52	7.389024
40.54	7.395734
40.56	7.402761
40.58	7.409849
40.6	7.424014
40.62	7.431267
40.64	7.438407
40.66	7.445805
40.68	7.453226
40.7	7.460545
40.72	7.468118
40.74	7.475709
40.76	7.483202
40.78	7.498711
40.8	7.506375
40.82	7.514296
40.84	7.522229
40.86	7.530066
40.88	7.538159
40.9	7.546265
40.92	7.554273
40.94	7.562541
40.96	7.578998
40.98	7.587441
41	7.595891
41.02	7.604242
41.04	7.61286
41.06	7.621482
41.08	7.630006
41.1	7.638797
41.12	7.647593
41.14	7.656287
41.16	7.665254
41.18	7.683089
41.2	7.692229
41.22	7.701369
41.24	7.710409
41.26	7.719722
41.28	7.729035
41.3	7.738245
41.32	7.757217
41.34	7.766599
41.36	7.776259
41.38	7.785915
41.4	7.795468
41.42	7.805301
41.44	7.815128
41.46	7.824852
41.48	7.834856
41.5	7.844852
41.52	7.864923
41.54	7.875089
41.56	7.885152
41.58	7.895498
41.6	7.905834
41.62	7.916065
41.64	7.926582
41.66	7.947485
41.68	7.95817
41.7	7.968841
41.72	7.979407
41.74	7.990261
41.76	8.001099
41.78	8.01183
41.8	8.022851
41.82	8.044751
41.84	8.055937
41.86	8.067105
41.88	8.078166
41.9	8.089517
41.92	8.100846
41.94	8.112071
41.96	8.123585
41.98	8.135078
42	8.146463
42.02	8.15814
42.04	8.18134
42.06	8.193177
42.08	8.204991
42.1	8.216697
42.12	8.228693
42.14	8.240666
42.16	8.252529
42.18	8.264684
42.2	8.276814
42.22	8.301144
42.24	8.31343
42.26	8.325603
42.28	8.33807
42.3	8.350511
42.32	8.375458
42.34	8.388051
42.36	8.40053
42.38	8.413301
42.4	8.426047
42.42	8.438676
42.44	8.451598
42.46	8.464493
42.48	8.47727
42.5	8.503385
42.52	8.51631
42.54	8.529528
42.56	8.542717
42.58	8.555788
42.6	8.569151
42.62	8.595701
42.64	8.609208
42.66	8.622685
42.68	8.636044
42.7	8.649693
42.72	8.663311
42.74	8.67681
42.76	8.690599
42.78	8.717996
42.8	8.731924
42.82	8.745821
42.84	8.759597
42.86	8.773662
42.88	8.787694
42.9	8.815805
42.92	8.829973
42.94	8.844018
42.96	8.858352
42.98	8.872652
43	8.886829
43.02	8.901294
43.04	8.915726
43.06	8.944628
43.08	8.959188
43.1	8.973624
43.12	8.988347
43.14	9.003036
43.16	9.017601
43.18	9.032449
43.2	9.047263
43.22	9.061953
43.24	9.091865
43.26	9.106677
43.28	9.121774
43.3	9.136834
43.32	9.151768
43.34	9.166985
43.36	9.182166
43.38	9.197221
43.4	9.212557
43.42	9.227857
43.44	9.258482
43.46	9.2739
43.48	9.289189
43.5	9.304758
43.52	9.320291
43.54	9.335695
43.56	9.351378
43.58	9.367023
43.6	9.382542
43.62	9.398337
43.64	9.414095
43.66	9.429725
43.68	9.461084
43.7	9.476853
43.72	9.492857
43.74	9.508805
43.76	9.524657
43.78	9.540325
43.8	9.555648
43.82	9.571257
43.84	9.58764
43.86	9.619824
43.88	9.636333
43.9	9.65281
43.92	9.668629
43.94	9.685256
43.96	9.701843
43.98	9.717754
44	9.734504
44.02	9.751207
44.04	9.767229
44.06	9.80092
44.08	9.817057
44.1	9.834044
44.12	9.850985
44.14	9.867237
44.16	9.884341
44.18	9.901397
44.2	9.917766
44.22	9.934984
44.24	9.952154
44.26	9.968636
44.28	9.985967
44.3	10.01984
44.32	10.03729
44.34	10.05468
44.36	10.07138
44.38	10.08894
44.4	10.10644
44.42	10.14091
44.44	10.15852
44.46	10.17544
44.48	10.19321
44.5	10.21092
44.52	10.22795
44.54	10.24582
44.56	10.26364
44.58	10.28077
44.6	10.29874
44.62	10.31666
44.64	10.33389
44.66	10.36999
44.68	10.38732
44.7	10.40549
44.72	10.42361
44.74	10.44104
44.76	10.45931
44.78	10.47753
44.8	10.49506
44.82	10.51342
44.84	10.54936
44.86	10.56782
44.88	10.58623
44.9	10.60395
44.92	10.6225
44.94	10.641
44.96	10.67745
44.98	10.69604
45	10.71394
45.02	10.73268
45.04	10.75135
45.06	10.76935
45.08	10.78817
45.1	10.80694
45.12	10.81409
45.14	10.69915
45.16	10.74676
45.18	10.6322
45.2	10.67473
45.22	10.56914
45.24	10.60926
45.26	10.51258
45.28	10.46185
45.3	10.496
45.32	10.42526
45.34	10.42156
45.36	10.35106
45.38	10.34328
45.4	10.27844
45.42	10.2386
45.44	10.22754
45.46	10.20342
45.48	10.1904
45.5	10.1552
45.52	10.10435
45.54	10.06821
45.56	10.017
45.58	9.929167
45.6	9.892572
45.62	9.841863
45.64	9.805464
45.66	9.756162
45.68	9.566171
45.7	9.454908
45.72	9.479198
45.74	9.475575
45.76	9.464395
45.78	9.451754
45.8	9.43886
45.82	9.413282
45.84	9.40064
45.86	9.388096
45.88	9.375718
45.9	9.363416
45.92	9.351213
45.94	9.339183
45.96	9.315377
45.98	9.303702
46	9.292105
46.02	9.280612
46.04	9.2693
46.06	9.258068
46.08	9.246943
46.1	9.236004
46.12	9.225145
46.14	9.203837
46.16	9.193362
46.18	9.182999
46.2	9.172832
46.22	9.162749
46.24	9.152781
46.26	9.143015
46.28	9.123771
46.3	9.114415
46.32	9.105147
46.34	9.095999
46.36	9.087065
46.38	9.07822
46.4	9.069499
46.42	9.060996
46.44	9.052586
46.46	9.044301
46.48	9.03624
46.5	9.020438
46.52	9.012832
46.54	9.005323
46.56	8.997947
46.58	8.990806
46.6	8.983767
46.62	8.976862
46.64	8.963638
46.66	8.957217
46.68	8.951043
46.7	8.944976
46.72	8.939052
46.74	8.933379
46.76	8.9224
46.78	8.917242
46.8	8.912172
46.82	8.907364
46.84	8.902646
46.86	8.898192
46.88	8.893832
46.9	8.88974
46.92	8.881944
46.94	8.878315
46.96	8.874888
46.98	8.871634
47	8.868584
47.02	8.865711
47.04	8.863045
47.06	8.860559
47.08	8.856188
47.1	8.854307
47.12	8.852612
47.14	8.851132
47.16	8.84984
47.18	8.848769
47.2	8.847888
47.22	8.84723
47.24	8.846765
47.26	8.846526
47.28	8.846482
47.3	8.846916
47.32	8.842452
47.34	8.837031
47.36	8.831524
47.38	8.826052
47.4	8.820656
47.42	8.815209
47.44	8.809855
47.46	8.799275
47.48	8.79407
47.5	8.788885
47.52	8.783773
47.54	8.778683
47.56	8.773669
47.58	8.768678
47.6	8.763763
47.62	8.754062
47.64	8.749276
47.66	8.744571
47.68	8.739907
47.7	8.735304
47.72	8.730749
47.74	8.726258
47.76	8.721817
47.78	8.71744
47.8	8.713117
47.82	8.704656
47.84	8.70052
47.86	8.696441
47.88	8.69243
47.9	8.688478
47.92	8.684597
47.94	8.677027
47.96	8.67334
47.98	8.669726
48	8.666176
48.02	8.662703
48.04	8.659293
48.06	8.655961
48.08	8.652696
48.1	8.646393
48.12	8.643356
48.14	8.640389
48.16	8.637507
48.18	8.634694
48.2	8.631968
48.22	8.629313
48.24	8.626746
48.26	8.624252
48.28	8.61952
48.3	8.617283
48.32	8.615123
48.34	8.613055
48.36	8.611067
48.38	8.609172
48.4	8.607358
48.42	8.60564
48.44	8.604006
48.46	8.602469
48.48	8.599662
48.5	8.598392
48.52	8.597226
48.54	8.596147
48.56	8.59517
48.58	8.594282
48.6	8.593499
48.62	8.59222
48.64	8.591726
48.66	8.591341
48.68	8.591048
48.7	8.590867
48.72	8.590779
48.74	8.590804
48.76	8.590924
48.78	8.59116
48.8	8.591493
48.82	8.59194
48.84	8.593152
48.86	8.593918
48.88	8.594802
48.9	8.595788
48.92	8.596895
48.94	8.598105
48.96	8.599439
48.98	8.600876
49	8.602438
49.02	8.604106
49.04	8.6078
49.06	8.60983
49.08	8.611967
49.1	8.614234
49.12	8.616611
49.14	8.619117
49.16	8.621736
49.18	8.62735
49.2	8.630347
49.22	8.633458
49.24	8.636704
49.26	8.640065
49.28	8.643564
49.3	8.647178
49.32	8.6548
49.34	8.658811
49.36	8.662939
49.38	8.667209
49.4	8.671597
49.42	8.676129
49.44	8.680782
49.46	8.685578
49.48	8.690496
49.5	8.700746
49.52	8.706078
49.54	8.711535
49.56	8.717138
49.58	8.722867
49.6	8.728745
49.62	8.734749
49.64	8.740903
49.66	8.747184
49.68	8.753615
49.7	8.760175
49.72	8.766886
49.74	8.773726
49.76	8.78072
49.78	8.787843
49.8	8.79512
49.82	8.802528
49.84	8.817785
49.86	8.825635
49.88	8.833617
49.9	8.841757
49.92	8.850029
49.94	8.858459
49.96	8.867023
49.98	8.875745
50	8.884601
50.02	8.902766
50.04	8.912078
50.06	8.921523
50.08	8.931131
50.1	8.940873
50.12	8.950777
50.14	8.960818
50.16	8.971023
50.18	8.981361
50.2	8.991865
50.22	9.013309
50.24	9.024251
50.26	9.035357
50.28	9.046599
50.3	9.058009
50.32	9.069555
50.34	9.081267
50.36	9.105134
50.38	9.117289
50.4	9.12961
50.42	9.142069
50.44	9.154696
50.46	9.167461
50.48	9.180394
50.5	9.193465
50.52	9.220082
50.54	9.233629
50.56	9.247313
50.58	9.261167
50.6	9.275158
50.62	9.28932
50.64	9.303617
50.66	9.318087
50.68	9.347469
50.7	9.362383
50.72	9.377468
50.74	9.392689
50.76	9.40808
50.78	9.423609
50.8	9.439308
50.82	9.471151
50.84	9.487294
50.86	9.503608
50.88	9.520058
50.9	9.536679
50.92	9.553435
50.94	9.570363
50.96	9.587426
50.98	9.604659
51	9.639567
51.02	9.657241
51.04	9.675085
51.06	9.693063
51.08	9.711212
51.1	9.729495
51.12	9.747948
51.14	9.766534
51.16	9.785291
51.18	9.823237
51.2	9.842428
51.22	9.861789
51.24	9.881281
51.26	9.900943
51.28	9.920733
51.3	9.940696
51.32	9.981048
51.34	10.00144
51.36	10.022
51.38	10.04268
51.4	10.06354
51.42	10.08452
51.44	10.12695
51.46	10.1484
51.48	10.16997
51.5	10.19171
51.52	10.21358
51.54	10.23561
51.56	10.25777
51.58	10.28009
51.6	10.30254
51.62	10.34789
51.64	10.37079
51.66	10.39382
51.68	10.41701
51.7	10.44032
51.72	10.4638
51.74	10.48739
51.76	10.51116
51.78	10.53504
51.8	10.58324
51.82	10.60757
51.84	10.63201
51.86	10.65662
51.88	10.68134
51.9	10.70623
51.92	10.73123
51.94	10.78167
51.96	10.80711
51.98	10.80979
52	10.80364
52.02	10.79726
52.04	10.78926
52.06	10.78123
52.08	10.77323
52.1	10.75732
52.12	10.74939
52.14	10.74144
52.16	10.73371
52.18	10.726
52.2	10.71844
52.22	10.71094
52.24	10.7033
52.26	10.69594
52.28	10.68144
52.3	10.67448
52.32	10.66755
52.34	10.66036
52.36	10.65353
52.38	10.64672
52.4	1