0.02	10.87312
0.04	10.8614
0.06	10.84943
0.08	10.83726
0.1	10.82491
0.12	10.81243
0.14	10.79986
0.16	10.92887
0.18	11.04295
0.2	11.1548
0.22	11.26671
0.24	11.58442
0.26	11.71764
0.28	11.75931
0.3	11.76054
0.32	11.76249
0.34	11.79482
0.36	11.81841
0.38	11.87884
0.4	11.89677
0.42	11.36519
0.44	11.4974
0.46	11.10375
0.48	10.60616
0.5	10.71621
0.52	10.23625
0.54	9.87346
0.56	9.961773
0.58	9.518513
0.6	9.596381
0.62	9.172302
0.64	9.240193
0.66	8.894468
0.68	8.510693
0.7	8.560723
0.72	8.198191
0.74	8.240763
0.76	7.900281
0.78	7.634965
0.8	7.686673
0.82	7.370423
0.84	7.437998
0.86	7.119807
0.88	7.203783
0.9	6.888724
0.92	6.678853
0.94	6.795719
0.96	6.491098
0.98	6.624146
1	6.326134
1.02	6.474958
1.04	6.184464
1.06	6.348647
1.08	6.066573
1.1	6.245011
1.12	5.972278
1.14	5.901539
1.16	6.105654
1.18	5.854635
1.2	6.070353
1.22	5.830804
1.24	6.056541
1.26	5.82896
1.28	6.06324
1.3	5.847906
1.32	6.089236
1.34	6.133168
1.36	5.942491
1.38	6.193576
1.4	6.015014
1.42	6.268948
1.44	6.102192
1.46	6.202403
1.48	6.458512
1.5	6.314367
1.52	6.570052
1.54	6.436746
1.56	6.691159
1.58	6.568214
1.6	6.822071
1.62	6.708737
1.64	6.85822
1.66	7.114127
1.68	7.015375
1.7	7.269686
1.72	7.18122
1.74	7.433855
1.76	7.354428
1.78	7.604935
1.8	7.534351
1.82	7.775171
1.84	7.958772
1.86	7.912128
1.88	8.14814
1.9	8.109546
1.92	8.343011
1.94	8.312194
1.96	8.543063
1.98	8.519737
2	8.751657
2.02	8.732203
2.04	8.961305
2.06	8.949564
2.08	9.176927
2.1	9.396643
2.12	9.39721
2.14	9.620363
2.16	9.626839
2.18	9.68507
2.2	9.707969
2.22	9.558514
2.24	9.650827
2.26	9.512984
2.28	9.466092
2.3	9.560699
2.32	9.417682
2.34	9.512205
2.36	9.426159
2.38	9.350117
2.4	9.350079
2.42	9.280607
2.44	9.276052
2.46	9.246998
2.48	9.238736
2.5	9.225786
2.52	9.195467
2.54	9.18075
2.56	9.166018
2.58	9.151354
2.6	9.136545
2.62	9.121823
2.64	9.106692
2.66	9.091689
2.68	9.07661
2.7	9.061688
2.72	9.046704
2.74	9.01702
2.76	9.002333
2.78	8.987599
2.8	8.973059
2.82	8.958482
2.84	8.94411
2.86	8.929711
2.88	8.915529
2.9	8.901331
2.92	8.887362
2.94	8.873407
2.96	8.85953
2.98	8.845654
3	8.818365
3.02	8.804969
3.04	8.791744
3.06	8.778692
3.08	8.765819
3.1	8.753126
3.12	8.74062
3.14	8.7283
3.16	8.715479
3.18	8.691809
3.2	8.680202
3.22	8.668784
3.24	8.657582
3.26	8.646705
3.28	8.625295
3.3	8.614977
3.32	8.604889
3.34	8.595028
3.36	8.585396
3.38	8.566821
3.4	8.557881
3.42	8.549111
3.44	8.540373
3.46	8.531504
3.48	8.514073
3.5	8.506098
3.52	8.498515
3.54	8.491097
3.56	8.484048
3.58	8.47711
3.6	8.463996
3.62	8.456961
3.64	8.45079
3.66	8.444848
3.68	8.43911
3.7	8.428056
3.72	8.422751
3.74	8.417727
3.76	8.412775
3.78	8.408094
3.8	8.400282
3.82	8.395994
3.84	8.39195
3.86	8.387959
3.88	8.383728
3.9	8.379914
3.92	8.376301
3.94	8.372849
3.96	8.369425
3.98	8.365976
4	8.359419
4.02	8.356302
4.04	8.353172
4.06	8.350193
4.08	8.344325
4.1	8.341428
4.12	8.338653
4.14	8.333128
4.16	8.33037
4.18	8.327707
4.2	8.324986
4.22	8.322348
4.24	8.31949
4.26	8.316586
4.28	8.313553
4.3	8.307395
4.32	8.304255
4.34	8.300983
4.36	8.297698
4.38	8.294269
4.4	8.290812
4.42	8.283551
4.44	8.279738
4.46	8.275869
4.48	8.27183
4.5	8.267721
4.52	8.263433
4.54	8.25451
4.56	8.249861
4.58	8.245017
4.6	8.240296
4.62	8.235223
4.64	8.229914
4.66	8.224693
4.68	8.213308
4.7	8.207552
4.72	8.201217
4.74	8.194711
4.76	8.187787
4.78	8.180553
4.8	8.173265
4.82	8.165587
4.84	8.1576
4.86	8.141065
4.88	8.132289
4.9	8.123395
4.92	8.11412
4.94	8.104698
4.96	8.094829
4.98	8.084797
5	8.074396
5.02	8.06381
5.04	8.052801
5.06	8.030027
5.08	8.018242
5.1	8.00606
5.12	7.993646
5.14	7.980886
5.16	7.967875
5.18	7.954497
5.2	7.940856
5.22	7.926886
5.24	7.912636
5.26	7.898048
5.28	7.883171
5.3	7.852487
5.32	7.836688
5.34	7.820574
5.36	7.804168
5.38	7.787436
5.4	7.770435
5.42	7.753096
5.44	7.735488
5.46	7.717597
5.48	7.699354
5.5	7.680862
5.52	7.662097
5.54	7.623611
5.56	7.603994
5.58	7.584011
5.6	7.563789
5.62	7.543423
5.64	7.523313
5.66	7.503007
5.68	7.482358
5.7	7.461664
5.72	7.440748
5.74	7.419657
5.76	7.398348
5.78	7.355187
5.8	7.333346
5.82	7.3113
5.84	7.28911
5.86	7.266725
5.88	7.244206
5.9	7.2215
5.92	7.198675
5.94	7.175672
5.96	7.152563
5.98	7.105916
6	7.082391
6.02	7.058788
6.04	7.035042
6.06	7.011234
6.08	6.987295
6.1	6.963413
6.12	6.915994
6.14	6.892538
6.16	6.869094
6.18	6.845595
6.2	6.822141
6.22	6.798647
6.24	6.775217
6.26	6.728383
6.28	6.704995
6.3	6.681702
6.32	6.658415
6.34	6.635243
6.36	6.612091
6.38	6.566094
6.4	6.543268
6.42	6.521217
6.44	6.499251
6.46	6.477601
6.48	6.456072
6.5	6.434772
6.52	6.413587
6.54	6.39264
6.56	6.371822
6.58	6.35126
6.6	6.310931
6.62	6.290932
6.64	6.271228
6.66	6.251698
6.68	6.232475
6.7	6.195433
6.72	6.177574
6.74	6.160087
6.76	6.142517
6.78	6.125607
6.8	6.109091
6.82	6.092941
6.84	6.061352
6.86	6.046141
6.88	6.031255
6.9	6.0167
6.92	6.002482
6.94	5.988605
6.96	5.975532
6.98	5.962718
7	5.950891
7.02	5.938999
7.04	5.92754
7.06	5.916512
7.08	5.905844
7.1	5.895524
7.12	5.88555
7.14	5.866645
7.16	5.857717
7.18	5.84914
7.2	5.840916
7.22	5.833046
7.24	5.825532
7.26	5.818929
7.28	5.81257
7.3	5.806754
7.32	5.801293
7.34	5.796074
7.36	5.791231
7.38	5.786616
7.4	5.78237
7.42	5.778346
7.44	5.774683
7.46	5.768147
7.48	5.765268
7.5	5.762736
7.52	5.760411
7.54	5.758426
7.56	5.756641
7.58	5.755189
7.6	5.754823
7.62	5.75445
7.64	5.75426
7.66	5.754454
7.68	5.754745
7.7	5.755261
7.72	5.756674
7.74	5.75756
7.76	5.758642
7.78	5.759787
7.8	5.761115
7.82	5.762495
7.84	5.764044
7.86	5.765635
7.88	5.767705
7.9	5.769391
7.92	5.771888
7.94	5.774175
7.96	5.776472
7.98	5.780904
8	5.78303
8.02	5.785161
8.04	5.787177
8.06	5.78918
8.08	5.792906
8.1	5.794614
8.12	5.79628
8.14	5.797794
8.16	5.799249
8.18	5.80054
8.2	5.80176
8.22	5.802803
8.24	5.803761
8.26	5.804532
8.28	5.805204
8.3	5.805947
8.32	5.806265
8.34	5.806577
8.36	5.806338
8.38	5.805766
8.4	5.804941
8.42	5.803771
8.44	5.802336
8.46	5.800543
8.48	5.79847
8.5	5.796031
8.52	5.790188
8.54	5.786772
8.56	5.782969
8.58	5.778849
8.6	5.774333
8.62	5.769487
8.64	5.764237
8.66	5.758647
8.68	5.752645
8.7	5.746291
8.72	5.732383
8.74	5.724656
8.76	5.716671
8.78	5.708333
8.8	5.6994
8.82	5.69019
8.84	5.680613
8.86	5.67044
8.88	5.659972
8.9	5.857873
8.92	6.111371
8.94	6.079704
8.96	6.061131
8.98	6.040757
9	6.018608
9.02	5.994716
9.04	6.135319
9.06	6.106388
9.08	6.075627
9.1	6.008839
9.12	5.972944
9.14	6.103711
9.16	6.061898
9.18	6.018442
9.2	5.973436
9.22	5.501159
9.24	4.969371
9.26	4.965786
9.28	4.954357
9.3	4.932458
9.32	4.90783
9.34	4.856464
9.36	4.830193
9.38	4.803545
9.4	4.776556
9.42	4.749187
9.44	4.72147
9.46	4.69337
9.48	4.664916
9.5	4.636073
9.52	4.606869
9.54	4.577273
9.56	4.516951
9.58	4.486219
9.6	4.455086
9.62	4.423576
9.64	4.391661
9.66	4.359365
9.68	4.326658
9.7	4.293566
9.72	4.26006
9.74	4.226164
9.76	4.192257
9.78	4.157984
9.8	4.123436
9.82	4.08861
9.84	4.018161
9.86	3.982539
9.88	3.946639
9.9	3.910478
9.92	3.874039
9.94	3.837339
9.96	3.80036
9.98	3.763119
10	3.7256
10.02	3.687819
10.04	3.649759
10.06	3.611438
10.08	3.572839
10.1	3.533979
10.12	3.494844
10.14	3.455448
10.16	3.415778
10.18	3.37585
10.2	3.335651
10.22	3.255279
10.24	3.215106
10.26	3.174808
10.28	3.134398
10.3	3.093897
10.32	3.053297
10.34	3.012614
10.36	2.971841
10.38	2.930993
10.4	2.890064
10.42	2.849071
10.44	2.808007
10.46	2.76689
10.48	2.725716
10.5	2.643242
10.52	2.601959
10.54	2.560648
10.56	2.51933
10.58	2.478004
10.6	2.438395
10.62	2.398454
10.64	2.358615
10.66	2.318966
10.68	2.279547
10.7	2.201459
10.72	2.162826
10.74	2.124499
10.76	2.086489
10.78	2.048829
10.8	2.011532
10.82	1.974635
10.84	1.938154
10.86	1.902128
10.88	1.866578
10.9	1.831548
10.92	1.798827
10.94	1.766701
10.96	1.735341
10.98	1.675138
11	1.646381
11.02	1.618586
11.04	1.591787
11.06	1.566039
11.08	1.541378
11.1	1.517863
11.12	1.495529
11.14	1.473872
11.16	1.452029
11.18	1.431175
11.2	1.41064
11.22	1.370777
11.24	1.352786
11.26	1.335485
11.28	1.318879
11.3	1.302891
11.32	1.290187
11.34	1.280949
11.36	1.273854
11.38	1.268507
11.4	1.26356
11.42	1.264426
11.44	1.265292
11.46	1.26997
11.48	1.275329
11.5	1.283073
11.52	1.29531
11.54	1.323688
11.56	1.3387
11.58	1.353975
11.6	1.370329
11.62	1.388322
11.64	1.405621
11.66	1.42283
11.68	1.440417
11.7	1.457883
11.72	1.475924
11.74	1.493607
11.76	1.528614
11.78	1.546025
11.8	1.563661
11.82	1.581938
11.84	1.600792
11.86	1.640971
11.88	1.6617
11.9	1.682595
11.92	1.703579
11.94	1.724626
11.96	1.745702
11.98	1.766783
12	1.78784
12.02	1.808852
12.04	1.850646
12.06	1.871387
12.08	1.892001
12.1	1.912467
12.12	1.932772
12.14	1.952897
12.16	1.992556
12.18	2.012065
12.2	2.031341
12.22	2.050375
12.24	2.069156
12.26	2.087675
12.28	2.105911
12.3	2.123873
12.32	2.142877
12.34	2.160774
12.36	2.194936
12.38	2.211296
12.4	2.321571
12.42	2.433677
12.44	2.546718
12.46	2.447295
12.48	2.550129
12.5	2.652935
12.52	2.547977
12.54	2.644281
12.56	2.536062
12.58	2.625807
12.6	2.595508
12.62	2.482129
12.64	2.557754
12.66	2.581473
12.68	2.602748
12.7	2.621705
12.72	2.638204
12.74	2.652491
12.76	2.674272
12.78	2.681901
12.8	2.68766
12.82	2.691369
12.84	2.407973
12.86	2.507739
12.88	2.534879
12.9	2.544478
12.92	2.550141
12.94	2.554671
12.96	2.562152
12.98	2.565243
13	2.567916
13.02	2.570175
13.04	2.572015
13.06	2.573448
13.08	2.574477
13.1	2.575104
13.12	2.575325
13.14	2.574591
13.16	2.573633
13.18	2.572295
13.2	2.57058
13.22	2.568486
13.24	2.566026
13.26	2.563196
13.28	2.560013
13.3	2.556481
13.32	2.552598
13.34	2.548373
13.36	2.593023
13.38	2.636336
13.4	2.625052
13.42	2.611565
13.44	2.595923
13.46	2.578189
13.48	2.55844
13.5	2.53677
13.52	2.513288
13.54	2.540735
13.56	2.459329
13.58	2.422544
13.6	2.417552
13.62	2.409631
13.64	2.400952
13.66	2.391965
13.68	2.382776
13.7	2.373413
13.72	2.363893
13.74	2.344449
13.76	2.334559
13.78	2.324578
13.8	2.314631
13.82	2.304518
13.84	2.29442
13.86	2.285648
13.88	2.276565
13.9	2.267533
13.92	2.249929
13.94	2.241412
13.96	2.233108
13.98	2.225043
14	2.217232
14.02	2.209702
14.04	2.202467
14.06	2.195556
14.08	2.188986
14.1	2.182783
14.12	2.176966
14.14	2.16659
14.16	2.162078
14.18	2.158045
14.2	2.15452
14.22	2.151522
14.24	2.149078
14.26	2.147209
14.28	2.145942
14.3	2.147069
14.32	2.148359
14.34	2.150255
14.36	2.156211
14.38	2.160318
14.4	2.165188
14.42	2.170841
14.44	2.177278
14.46	2.192631
14.48	2.201424
14.5	2.211089
14.52	2.221591
14.54	2.232917
14.56	2.245473
14.58	2.258151
14.6	2.271989
14.62	2.287154
14.64	2.303599
14.66	2.320944
14.68	2.358037
14.7	2.37776
14.72	2.398232
14.74	2.41945
14.76	2.441408
14.78	2.464101
14.8	2.487497
14.82	2.51159
14.84	2.536374
14.86	2.587953
14.88	2.614723
14.9	2.642163
14.92	2.670422
14.94	2.699476
14.96	2.729171
14.98	2.759372
15	2.790278
15.02	2.853598
15.04	2.885943
15.06	2.918727
15.08	2.951949
15.1	2.985614
15.12	3.01962
15.14	3.054011
15.16	3.088768
15.18	3.123888
15.2	3.195154
15.22	3.23128
15.24	3.267725
15.26	3.304474
15.28	3.342363
15.3	3.380238
15.32	3.418254
15.34	3.456444
15.36	3.494796
15.38	3.533309
15.4	3.571969
15.42	3.610773
15.44	3.649706
15.46	3.688766
15.48	3.727941
15.5	3.767228
15.52	3.846102
15.54	3.885677
15.56	3.925339
15.58	3.965077
15.6	4.004891
15.62	4.04477
15.64	4.085124
15.66	4.125361
15.68	4.205661
15.7	4.245729
15.72	4.285742
15.74	4.32569
15.76	4.365574
15.78	4.405387
15.8	4.445128
15.82	4.484791
15.84	4.524376
15.86	4.563877
15.88	4.603293
15.9	4.642622
15.92	4.721044
15.94	4.759949
15.96	4.798766
15.98	4.837518
16	4.876178
16.02	4.914738
16.04	4.953197
16.06	4.991681
16.08	5.029917
16.1	5.105759
16.12	5.143371
16.14	5.180777
16.16	5.217977
16.18	5.25497
16.2	5.291758
16.22	5.328337
16.24	5.364712
16.26	5.400879
16.28	5.436841
16.3	5.472597
16.32	5.50815
16.34	5.543496
16.36	5.578641
16.38	5.648324
16.4	5.682862
16.42	5.717204
16.44	5.751345
16.46	5.785293
16.48	5.819042
16.5	5.852601
16.52	5.885964
16.54	5.91914
16.56	5.984925
16.58	6.017537
16.6	6.049969
16.62	6.082216
16.64	6.114289
16.66	6.14618
16.68	6.177901
16.7	6.209445
16.72	6.240824
16.74	6.27203
16.76	6.333955
16.78	6.364679
16.8	6.395239
16.82	6.425651
16.84	6.455904
16.86	6.486016
16.88	6.515974
16.9	6.545795
16.92	6.575452
16.94	6.60482
16.96	6.662891
16.98	6.691602
17	6.720116
17.02	6.748416
17.04	6.776529
17.06	6.804433
17.08	6.832275
17.1	6.859981
17.12	6.887608
17.14	6.942577
17.16	6.969928
17.18	6.997207
17.2	7.024399
17.22	7.051528
17.24	7.078577
17.26	7.105572
17.28	7.132494
17.3	7.159371
17.32	7.212959
17.34	7.239679
17.36	7.26637
17.38	7.293014
17.4	7.319639
17.42	7.372799
17.44	7.399344
17.46	7.425888
17.48	7.45241
17.5	7.47894
17.52	7.505458
17.54	7.531995
17.56	7.558527
17.58	7.585087
17.6	7.611652
17.62	7.638256
17.64	7.691539
17.66	7.718228
17.68	7.744975
17.7	7.771756
17.72	7.798604
17.74	7.825496
17.76	7.852469
17.78	7.906622
17.8	7.933803
17.82	7.961082
17.84	7.988434
17.86	8.015895
17.88	8.043439
17.9	8.071102
17.92	8.098858
17.94	8.126744
17.96	8.183568
17.98	8.212227
18	8.241068
18.02	8.270095
18.04	8.299313
18.06	8.328722
18.08	8.358328
18.1	8.418139
18.12	8.44835
18.14	8.478768
18.16	8.509398
18.18	8.54024
18.2	8.571301
18.22	8.60258
18.24	8.665808
18.26	8.697762
18.28	8.729949
18.3	8.762368
18.32	8.795024
18.34	8.827919
18.36	8.818883
18.38	8.809555
18.4	8.789889
18.42	8.779558
18.44	8.772833
18.46	8.766487
18.48	8.760288
18.5	8.754302
18.52	8.742788
18.54	8.737265
18.56	8.731955
18.58	8.726777
18.6	8.72182
18.62	8.716997
18.64	8.712399
18.66	8.707938
18.68	8.703709
18.7	8.699621
18.72	8.695768
18.74	8.692062
18.76	8.684408
18.78	8.679509
18.8	8.674716
18.82	8.670115
18.84	8.665571
18.86	8.661143
18.88	8.656835
18.9	8.652641
18.92	8.644583
18.94	8.640711
18.96	8.636916
18.98	8.633238
19	8.62964
19.02	8.626157
19.04	8.622755
19.06	8.619469
19.08	8.616264
19.1	8.610169
19.12	8.607281
19.14	8.604473
19.16	8.601783
19.18	8.599192
19.2	8.596644
19.22	8.594295
19.24	8.592102
19.26	8.588371
19.28	8.58673
19.3	8.585142
19.32	8.583603
19.34	8.581934
19.36	8.580518
19.38	8.579268
19.4	8.578287
19.42	8.576522
19.44	8.57569
19.46	8.574934
19.48	8.574286
19.5	8.57371
19.52	8.573244
19.54	8.572849
19.56	8.572561
19.58	8.572344
19.6	8.572184
19.62	8.57224
19.64	8.572044
19.66	8.572247
19.68	8.57294
19.7	8.5736
19.72	8.57424
19.74	8.574765
19.76	8.575469
19.78	8.577449
19.8	8.578328
19.82	8.579439
19.84	8.580524
19.86	8.581369
19.88	8.582573
19.9	8.583793
19.92	8.58512
19.94	8.586683
19.96	8.58812
19.98	8.591043
20	8.592563
20.02	8.594126
20.04	8.595713
20.06	8.597348
20.08	8.599021
20.1	8.600712
20.12	8.602444
20.14	8.60421
20.16	8.605989
20.18	8.609651
20.2	8.611505
20.22	8.613389
20.24	8.61534
20.26	8.617221
20.28	8.6193
20.3	8.621434
20.32	8.625628
20.34	8.627666
20.36	8.62969
20.38	8.631688
20.4	8.633682
20.42	8.635655
20.44	8.637617
20.46	8.639557
20.48	8.641482
20.5	8.643376
20.52	8.708476
20.54	8.787086
20.56	8.880281
20.58	9.011631
20.6	9.162107
20.62	9.330321
20.64	9.454189
20.66	9.647853
20.68	9.782659
20.7	9.997826
20.72	10.37394
20.74	10.5228
20.76	10.57576
20.78	10.62475
20.8	10.67041
20.82	10.7136
20.84	10.75442
20.86	10.79284
20.88	10.86182
20.9	10.67314
20.92	10.69926
20.94	10.34455
20.96	10.01093
20.98	9.70141
21	9.4192
21.02	9.167678
21.04	8.950298
21.06	8.631446
21.08	8.545553
21.1	8.581191
21.12	8.584743
21.14	8.580236
21.16	8.573899
21.18	8.567095
21.2	8.560083
21.22	8.552874
21.24	8.545526
21.26	8.537992
21.28	8.530317
21.3	8.514497
21.32	8.506351
21.34	8.498055
21.36	8.489567
21.38	8.48093
21.4	8.47214
21.42	8.463173
21.44	8.454053
21.46	8.444776
21.48	8.435317
21.5	8.415927
21.52	8.405981
21.54	8.395876
21.56	8.385602
21.58	8.375166
21.6	8.364567
21.62	8.353804
21.64	8.342875
21.66	8.320531
21.68	8.309111
21.7	8.297534
21.72	8.285789
21.74	8.273891
21.76	8.261826
21.78	8.294315
21.8	8.331904
21.82	8.374239
21.84	8.489899
21.86	8.471129
21.88	8.451282
21.9	8.430387
21.92	8.408485
21.94	8.361834
21.96	8.337189
21.98	8.311744
22	8.285564
22.02	8.258724
22.04	8.231303
22.06	8.203387
22.08	8.175069
22.1	8.11763
22.12	8.088731
22.14	8.05987
22.16	8.031177
22.18	8.002788
22.2	7.974847
22.22	7.963112
22.24	8.010039
22.26	8.158676
22.28	8.230312
22.3	8.252183
22.32	8.408713
22.34	8.286343
22.36	8.352551
22.38	8.273475
22.4	8.400194
22.42	8.307396
22.44	8.450037
22.46	8.343919
22.48	8.500676
22.5	8.550833
22.52	8.419397
22.54	8.625795
22.56	8.455944
22.58	8.673079
22.6	8.490268
22.62	8.52143
22.64	8.548584
22.66	8.788901
22.68	8.570979
22.7	8.838344
22.72	8.587951
22.74	8.859691
22.76	8.87382
22.78	8.603366
22.8	8.880295
22.82	8.600869
22.84	8.878744
22.86	8.591062
22.88	8.868857
22.9	8.850387
22.92	8.548387
22.94	8.823137
22.96	8.515116
22.98	8.786972
23	8.473724
23.02	8.741809
23.04	8.424165
23.06	8.687622
23.08	8.366456
23.1	8.300679
23.12	8.552356
23.14	8.226988
23.16	8.145604
23.18	8.382144
23.2	8.056832
23.22	8.284523
23.24	7.961059
23.26	8.179024
23.28	7.858765
23.3	7.750536
23.32	7.946306
23.34	7.637073
23.36	7.820302
23.38	7.519202
23.4	7.397896
23.42	7.55294
23.44	7.274289
23.46	7.41359
23.48	7.149691
23.5	7.272082
23.52	7.129877
23.54	6.903771
23.56	6.988662
23.58	6.786129
23.6	6.850368
23.62	6.753336
23.64	6.77725
23.66	6.796696
23.68	6.832578
23.7	6.849003
23.72	6.86442
23.74	6.878838
23.76	6.89436
23.78	6.911386
23.8	6.928584
23.82	6.945275
23.84	6.978131
23.86	6.994103
23.88	7.009813
23.9	7.025354
23.92	7.04064
23.94	7.055679
23.96	7.070563
23.98	7.085165
24	7.099517
24.02	7.127626
24.04	7.141291
24.06	7.1548
24.08	7.168028
24.1	7.181007
24.12	7.193831
24.14	7.206376
24.16	7.218672
24.18	7.230814
24.2	7.25429
24.22	7.265752
24.24	7.276935
24.26	7.28787
24.28	7.298654
24.3	7.30916
24.32	7.319419
24.34	7.329443
24.36	7.339312
24.38	7.348897
24.4	7.367424
24.42	7.376337
24.44	7.3851
24.46	7.393589
24.48	7.401772
24.5	7.409738
24.52	7.417391
24.54	7.424859
24.56	7.460617
24.58	7.491622
24.6	7.524769
24.62	7.559837
24.64	7.548014
24.66	7.563398
24.68	7.549521
24.7	7.562666
24.72	7.547019
24.74	7.540904
24.76	7.549824
24.78	7.531668
24.8	7.538695
24.82	7.435264
24.84	7.52781
24.86	7.503739
24.88	7.631839
24.9	7.659708
24.92	7.534388
24.94	7.669629
24.96	7.539937
24.98	7.674875
25	7.67575
25.02	7.662135
25.04	7.671545
25.06	7.655477
25.08	7.66246
25.1	7.644165
25.12	7.648787
25.14	7.630906
25.16	7.494573
25.18	7.600863
25.2	7.487064
25.22	7.595047
25.24	7.620492
25.26	7.519763
25.28	7.638934
25.3	7.518702
25.32	7.638896
25.34	7.710744
25.36	7.793419
25.38	7.988147
25.4	8.098655
25.42	8.216919
25.44	8.342216
25.46	8.473847
25.48	8.611151
25.5	8.753495
25.52	8.575761
25.54	8.241479
25.56	8.086729
25.58	7.941525
25.6	7.806889
25.62	7.683874
25.64	7.477025
25.66	7.395343
25.68	7.295446
25.7	7.366288
25.72	7.325351
25.74	7.422144
25.76	7.31666
25.78	7.419322
25.8	7.299321
25.82	7.279163
25.84	7.382847
25.86	7.395805
25.88	7.408955
25.9	7.422142
25.92	7.435225
25.94	7.448066
25.96	7.472509
25.98	7.483874
26	7.494519
26.02	7.504342
26.04	7.516666
26.06	7.528235
26.08	7.538958
26.1	7.557516
26.12	7.565195
26.14	7.571714
26.16	7.577012
26.18	7.581029
26.2	7.583717
26.22	7.018612
26.24	6.872613
26.26	6.887704
26.28	6.875754
26.3	6.856105
26.32	6.834504
26.34	6.789352
26.36	6.766423
26.38	6.743083
26.4	6.719365
26.42	6.695277
26.44	6.670819
26.46	6.645996
26.48	6.620806
26.5	6.569326
26.52	6.543036
26.54	6.516383
26.56	6.489363
26.58	6.461979
26.6	6.434231
26.62	6.406119
26.64	6.377643
26.66	6.319602
26.68	6.290039
26.7	6.260114
26.72	6.229828
26.74	6.199181
26.76	6.168174
26.78	6.105083
26.8	6.072999
26.82	6.040557
26.84	6.007759
26.86	5.974605
26.88	5.941094
26.9	5.907228
26.92	5.873009
26.94	5.80351
26.96	5.768232
26.98	5.732604
27	5.696624
27.02	5.660296
27.04	5.623619
27.06	5.586596
27.08	5.549225
27.1	5.51151
27.12	5.435048
27.14	5.396304
27.16	5.357219
27.18	5.317794
27.2	5.278032
27.22	5.237934
27.24	5.197501
27.26	5.156915
27.28	5.115798
27.3	5.033788
27.32	4.992258
27.34	4.950439
27.36	4.908343
27.38	4.865966
27.4	4.823315
27.42	4.780388
27.44	4.73719
27.46	4.693718
27.48	4.649978
27.5	4.561696
27.52	4.517157
27.54	4.472358
27.56	4.427297
27.58	4.381981
27.6	4.336408
27.62	4.290585
27.64	4.244509
27.66	4.198189
27.68	4.151623
27.7	4.104817
27.72	4.057775
27.74	3.962991
27.76	3.915265
27.78	3.867309
27.8	3.819135
27.82	3.770748
27.84	3.722153
27.86	3.673524
27.88	3.62448
27.9	3.575289
27.92	3.526585
27.94	3.428461
27.96	3.379279
27.98	3.329973
28	3.28055
28.02	3.231019
28.04	3.13166
28.06	3.081853
28.08	3.031974
28.1	2.982033
28.12	2.932044
28.14	2.882018
28.16	2.83197
28.18	2.781915
28.2	2.73199
28.22	2.632082
28.24	2.582167
28.26	2.532347
28.28	2.48264
28.3	2.433072
28.32	2.383671
28.34	2.33447
28.36	2.236919
28.38	2.188612
28.4	2.140575
28.42	2.092939
28.44	2.045757
28.46	1.999085
28.48	1.952986
28.5	1.907704
28.52	1.819461
28.54	1.777122
28.56	1.735818
28.58	1.6956
28.6	1.656563
28.62	1.608984
28.64	1.568409
28.66	1.531099
28.68	1.49683
28.7	1.45954
28.72	1.391868
28.74	1.352351
28.76	1.313118
28.78	1.272712
28.8	1.232132
28.82	1.156509
28.84	1.123324
28.86	1.12627
28.88	1.113194
28.9	1.106428
28.92	1.110131
28.94	1.134195
28.96	1.158676
28.98	1.186532
29	1.215126
29.02	1.24996
29.04	1.282328
29.06	0.9331904
29.08	1.622145
29.1	1.760321
29.12	1.21976
29.14	1.888624
29.16	1.350861
29.18	2.00654
29.2	1.472572
29.22	2.113873
29.24	2.104394
29.26	2.19708
29.28	2.177808
29.3	2.279667
29.32	2.256509
29.34	2.325925
29.36	2.416377
29.38	2.386699
29.4	2.416499
29.42	2.444474
29.44	2.468192
29.46	2.492837
29.48	2.513326
29.5	2.553054
29.52	2.572799
29.54	2.588706
29.56	2.607059
29.58	3.067741
29.6	2.63772
29.62	3.072288
29.64	3.075092
29.66	2.702119
29.68	3.078074
29.7	2.740084
29.72	3.08338
29.74	3.094528
29.76	2.859391
29.78	3.18454
29.8	2.974948
29.82	3.299178
29.84	3.071014
29.86	3.38894
29.88	3.164301
29.9	3.475448
29.92	3.314783
29.94	3.352422
29.96	3.409352
29.98	3.44783
30	3.504857
30.02	3.544171
30.04	3.642267
30.06	3.699457
30.08	3.741003
30.1	3.824649
30.12	3.841196
30.14	3.941933
30.16	4.024479
30.18	4.043227
30.2	4.125277
30.22	4.145088
30.24	4.226675
30.26	4.247527
30.28	4.302315
30.3	4.411695
30.32	4.462548
30.34	4.516435
30.36	4.56594
30.38	4.620716
30.4	4.671024
30.42	4.776542
30.44	4.846581
30.46	4.882936
30.48	4.951941
30.5	4.986732
30.52	5.054759
30.54	5.147809
30.56	5.181528
30.58	5.273643
30.6	5.357139
30.62	5.37362
30.64	5.46408
30.66	5.485059
30.68	5.593583
30.7	5.682979
30.72	5.702289
30.74	5.79124
30.76	5.811652
30.78	5.900873
30.8	6.011935
30.82	6.036197
30.84	6.12453
30.86	6.149923
30.88	6.237886
30.9	6.264225
30.92	6.379035
30.94	6.464586
30.96	6.492504
30.98	6.578047
31	6.60553
31.02	6.690428
31.04	6.718908
31.06	6.803845
31.08	6.917752
31.1	6.947812
31.12	7.043184
31.14	7.072073
31.16	7.155544
31.18	7.185052
31.2	7.29735
31.22	7.377117
31.24	7.409371
31.26	7.487164
31.28	7.529728
31.3	7.612216
31.32	7.736323
31.34	7.779605
31.36	7.861869
31.38	7.906071
31.4	8.033208
31.42	8.115261
31.44	8.160929
31.46	8.232368
31.48	8.301957
31.5	8.370284
31.52	8.43785
31.54	8.50461
31.56	8.635625
31.58	8.699832
31.6	8.763142
31.62	8.825534
31.64	8.873879
31.66	8.925735
31.68	8.978782
31.7	8.947074
31.72	8.947553
31.74	8.938934
31.76	8.923808
31.78	8.915457
31.8	8.89676
31.82	8.915584
31.84	8.901655
31.86	8.947155
31.88	8.930662
31.9	8.989372
31.92	8.969505
31.94	9.016226
31.96	9.097762
31.98	9.032678
32	8.965726
32.02	8.965523
32.04	8.892076
32.06	8.889427
32.08	8.811859
32.1	8.806885
32.12	8.725283
32.14	8.718142
32.16	8.46148
32.18	8.349212
32.2	8.248958
32.22	8.205476
32.24	8.202272
32.26	8.193596
32.28	8.189102
32.3	8.184432
32.32	8.179767
32.34	8.174972
32.36	8.170017
32.38	8.164989
32.4	8.154576
32.42	8.149194
32.44	8.143748
32.46	8.137956
32.48	8.132259
32.5	8.126381
32.52	8.120472
32.54	8.114466
32.56	8.102232
32.58	8.096002
32.6	8.08965
32.62	8.083252
32.64	8.076736
32.66	8.07043
32.68	8.063813
32.7	8.057077
32.72	8.05014
32.74	8.036302
32.76	8.029146
32.78	8.022142
32.8	8.014769
32.82	8.007557
32.84	8.000162
32.86	7.992786
32.88	7.985329
32.9	7.977839
32.92	7.970245
32.94	7.95488
32.96	7.947111
32.98	7.939438
33	7.931653
33.02	7.923746
33.04	7.915792
33.06	7.907727
33.08	7.899614
33.1	7.891387
33.12	7.883302
33.14	7.866851
33.16	7.858294
33.18	7.849862
33.2	7.841126
33.22	7.832328
33.24	7.823408
33.26	7.814425
33.28	7.805305
33.3	7.796053
33.32	7.786726
33.34	7.768
33.36	7.758437
33.38	7.748774
33.4	7.738954
33.42	7.729027
33.44	7.718939
33.46	7.708739
33.48	7.698371
33.5	7.687884
33.52	7.677225
33.54	7.655481
33.56	7.644391
33.58	7.633118
33.6	7.62171
33.62	7.610115
33.64	7.598379
33.66	7.586452
33.68	7.562111
33.7	7.549692
33.72	7.537073
33.74	7.524396
33.76	7.511449
33.78	7.498245
33.8	7.471169
33.82	7.45729
33.84	7.443154
33.86	7.428996
33.88	7.414548
33.9	7.400132
33.92	7.385223
33.94	7.354818
33.96	7.339242
33.98	7.323384
34	7.307273
34.02	7.290873
34.04	7.274215
34.06	7.257261
34.08	7.222524
34.1	7.204734
34.12	7.186639
34.14	7.168266
34.16	7.149583
34.18	7.130617
34.2	7.111334
34.22	7.091764
34.24	7.051689
34.26	7.031179
34.28	7.010371
34.3	6.989233
34.32	6.967792
34.34	6.946015
34.36	6.923932
34.38	6.901491
34.4	6.878629
34.42	6.831707
34.44	6.807651
34.46	6.783209
34.48	6.758358
34.5	6.733114
34.52	6.707455
34.54	6.681399
34.56	6.654922
34.58	6.600737
34.6	6.573022
34.62	6.544878
34.64	6.51632
34.66	6.487327
34.68	6.457916
34.7	6.428066
34.72	6.397793
34.74	6.335936
34.76	6.304348
34.78	6.272328
34.8	6.23986
34.82	6.206955
34.84	6.173599
34.86	6.139804
34.88	6.105555
34.9	6.070864
34.92	6.035715
34.94	5.964068
34.96	5.927568
34.98	5.890606
35	5.853195
35.02	5.81532
35.04	5.776995
35.06	5.738205
35.08	5.659907
35.1	5.620162
35.12	5.580108
35.14	5.539638
35.16	5.498815
35.18	5.4575
35.2	5.415809
35.22	5.373726
35.24	5.2884
35.26	5.245156
35.28	5.20152
35.3	5.157503
35.32	5.068305
35.34	5.023126
35.36	4.977569
35.38	4.931623
35.4	4.885302
35.42	4.838596
35.44	4.744054
35.46	4.696222
35.48	4.648012
35.5	4.59943
35.52	4.550478
35.54	4.501158
35.56	4.451474
35.58	4.401427
35.6	4.35102
35.62	4.300257
35.64	4.197675
35.66	4.145867
35.68	4.093712
35.7	4.041905
35.72	3.989778
35.74	3.937385
35.76	3.884742
35.78	3.831856
35.8	3.725383
35.82	3.671807
35.84	3.618016
35.86	3.564015
35.88	3.509814
35.9	3.455422
35.92	3.400847
35.94	3.3461
35.96	3.291192
35.98	3.236134
36	3.125622
36.02	3.070196
36.04	3.014678
36.06	2.959084
36.08	2.903434
36.1	2.847748
36.12	2.793237
36.14	2.738661
36.16	2.684167
36.18	2.629806
36.2	2.521689
36.22	2.411095
36.24	2.341129
36.26	2.266384
36.28	2.595408
36.3	2.194137
36.32	2.565925
36.34	2.091021
36.36	2.487144
36.38	2.381753
36.4	2.325879
36.42	2.267861
36.44	2.207693
36.46	2.145388
36.48	2.080971
36.5	2.014493
36.52	1.875659
36.54	1.803538
36.56	1.729838
36.58	1.65479
36.6	1.578698
36.62	1.501953
36.64	1.49269
36.66	1.496739
36.68	1.489361
36.7	1.48151
36.72	1.477033
36.74	1.480971
36.76	1.485572
36.78	1.492708
36.8	1.502231
36.82	1.514147
36.84	1.528181
36.86	1.544468
36.88	1.562886
36.9	1.583331
36.92	1.605701
36.94	1.629893
36.96	1.683341
36.98	1.712394
37	1.742872
37.02	1.774679
37.04	1.807726
37.06	1.841927
37.08	1.8772
37.1	1.914847
37.12	1.991611
37.14	2.030905
37.16	2.070752
37.18	2.1111
37.2	2.151897
37.22	2.193095
37.24	2.234652
37.26	2.276524
37.28	2.318675
37.3	2.361068
37.32	2.446455
37.34	2.48939
37.36	2.532449
37.38	2.575608
37.4	2.618846
37.42	2.662139
37.44	2.705469
37.46	2.748817
37.48	2.792938
37.5	2.880029
37.52	2.923258
37.54	2.966285
37.56	3.009087
37.58	3.051685
37.6	3.09404
37.62	3.136173
37.64	3.178047
37.66	3.219683
37.68	3.30216
37.7	3.342988
37.72	3.383552
37.74	3.423822
37.76	3.463817
37.78	3.503508
37.8	3.542916
37.82	3.582012
37.84	3.659301
37.86	3.697487
37.88	3.735347
37.9	3.772902
37.92	3.847024
37.94	3.883399
37.96	3.919307
37.98	3.954774
38	3.989774
38.02	4.024329
38.04	4.058416
38.06	4.092057
38.08	4.125229
38.1	4.157955
38.12	4.222018
38.14	4.253355
38.16	4.284245
38.18	4.314663
38.2	4.344633
38.22	4.374133
38.24	4.431766
38.26	4.459899
38.28	4.487563
38.3	4.514779
38.32	4.541526
38.34	4.567826
38.36	4.593659
38.38	4.619045
38.4	4.643965
38.42	4.744679
38.44	4.824927
38.46	4.908652
38.48	4.995361
38.5	5.084599
38.52	5.175942
38.54	5.26901
38.56	5.363448
38.58	5.103382
38.6	4.909935
38.62	5.00782
38.64	4.923895
38.66	5.122277
38.68	4.976261
38.7	5.179
38.72	5.017029
38.74	5.219234
38.76	5.142149
38.78	5.106435
38.8	5.171583
38.82	5.133174
38.84	5.195421
38.86	5.154949
38.88	5.172263
38.9	5.228208
38.92	4.64354
38.94	4.909037
38.96	4.640844
38.98	5.07789
39	4.631945
39.02	5.100933
39.04	4.60869
39.06	5.085693
39.08	5.061058
39.1	5.512464
39.12	6.054545
39.14	6.032179
39.16	6.007017
39.18	5.979064
39.2	6.5407
39.22	6.502865
39.24	6.462038
39.26	6.418235
39.28	6.371479
39.3	6.321794
39.32	6.269211
39.34	6.155489
39.36	6.094433
39.38	6.030644
39.4	5.964177
39.42	5.617217
39.44	5.286466
39.46	4.529135
39.48	4.100127
39.5	4.108181
39.52	4.591421
39.54	4.077502
39.56	4.588732
39.58	4.032209
39.6	3.982592
39.62	3.957302
39.64	3.931416
39.66	3.905146
39.68	3.878525
39.7	3.824284
39.72	3.796669
39.74	3.768722
39.76	3.711861
39.78	3.682953
39.8	3.653722
39.82	3.624183
39.84	3.594329
39.86	3.564174
39.88	3.502951
39.9	3.471892
39.92	3.440548
39.94	3.408912
39.96	3.377
39.98	3.344806
40	3.312347
40.02	3.246632
40.04	3.214183
40.06	3.18146
40.08	3.148604
40.1	3.115668
40.12	3.082652
40.14	3.049581
40.16	3.016452
40.18	2.98329
40.2	2.916879
40.22	2.883656
40.24	2.850447
40.26	2.817252
40.28	2.7841
40.3	2.750991
40.32	2.717957
40.34	2.684998
40.36	2.65215
40.38	2.619413
40.4	2.554391
40.42	2.522149
40.44	2.490105
40.46	2.458302
40.48	2.426747
40.5	2.396666
40.52	2.366849
40.54	2.337474
40.56	2.308633
40.58	2.252656
40.6	2.225588
40.62	2.199201
40.64	2.173502
40.66	2.14856
40.68	2.124384
40.7	2.101029
40.72	2.078536
40.74	2.036306
40.76	2.016654
40.78	1.998036
40.8	1.980495
40.82	1.964075
40.84	1.948819
40.86	1.934768
40.88	1.921966
40.9	1.903276
40.92	1.895863
40.94	1.88549
40.96	1.882585
40.98	1.881222
41	1.881413
41.02	1.883165
41.04	1.886482
41.06	1.897803
41.08	1.905795
41.1	1.915328
41.12	1.926386
41.14	1.939261
41.16	1.953492
41.18	1.968689
41.2	2.004311
41.22	2.02389
41.24	2.044978
41.26	2.069014
41.28	2.093776
41.3	2.119652
41.32	2.146685
41.34	2.204102
41.36	2.234407
41.38	2.265856
41.4	2.297953
41.42	2.331132
41.44	2.365232
41.46	2.435899
41.48	2.472314
41.5	2.509767
41.52	2.547685
41.54	2.586206
41.56	2.625519
41.58	2.665487
41.6	2.706063
41.62	2.747217
41.64	2.788924
41.66	2.873913
41.68	2.917815
41.7	2.961966
41.72	3.006494
41.74	3.051409
41.76	3.0967
41.78	3.142348
41.8	3.188339
41.82	3.234658
41.84	3.328219
41.86	3.375436
41.88	3.422926
41.9	3.47068
41.92	3.518782
41.94	3.567032
41.96	3.615514
41.98	3.664294
42	3.713217
42.02	3.762348
42.04	3.81168
42.06	3.911054
42.08	3.960703
42.1	4.010137
42.12	4.060051
42.14	4.110103
42.16	4.160326
42.18	4.210709
42.2	4.261244
42.22	4.311929
42.24	4.362815
42.26	4.413868
42.28	4.516232
42.3	4.567616
42.32	4.619173
42.34	4.67077
42.36	4.722445
42.38	4.774204
42.4	4.826048
42.42	4.877977
42.44	4.982084
42.46	5.03426
42.48	5.086517
42.5	5.138856
42.52	5.191277
42.54	5.243779
42.56	5.296362
42.58	5.349028
42.6	5.454608
42.62	5.507524
42.64	5.560525
42.66	5.613612
42.68	5.666785
42.7	5.720047
42.72	5.773398
42.74	5.826841
42.76	5.880375
42.78	5.934004
42.8	6.04155
42.82	6.09547
42.84	6.149492
42.86	6.203616
42.88	6.257843
42.9	6.312178
42.92	6.366622
42.94	6.421175
42.96	6.475842
42.98	6.585523
43	6.640541
43.02	6.695681
43.04	6.750946
43.06	6.806336
43.08	6.861856
43.1	6.917506
43.12	6.97329
43.14	7.029211
43.16	7.08527
43.18	7.141471
43.2	7.254418
43.22	7.311187
43.24	7.367947
43.26	7.424846
43.28	7.481796
43.3	7.539043
43.32	7.596453
43.34	7.654349
43.36	7.770667
43.38	7.829104
43.4	7.88773
43.42	7.946546
43.44	8.005465
43.46	8.064664
43.48	8.124058
43.5	8.183763
43.52	8.243516
43.54	8.518212
43.56	8.489111
43.58	8.631197
43.6	8.603824
43.62	8.660724
43.64	8.717379
43.66	8.77384
43.68	8.765268
43.7	8.756335
43.72	8.737324
43.74	8.727289
43.76	8.716938
43.78	8.706306
43.8	8.695433
43.82	8.684364
43.84	8.673151
43.86	8.661851
43.88	8.650524
43.9	8.628075
43.92	8.617104
43.94	8.606414
43.96	8.604933
43.98	8.603315
44	8.601569
44.02	8.5997
44.04	8.597716
44.06	8.596353
44.08	8.595808
44.1	8.595607
44.12	8.596281
44.14	8.597195
44.16	8.598433
44.18	8.599916
44.2	8.601709
44.22	8.603948
44.24	8.606453
44.26	8.609276
44.28	8.612547
44.3	8.619952
44.32	8.624269
44.34	8.628857
44.36	8.633767
44.38	8.639136
44.4	8.644781
44.42	8.650749
44.44	8.663859
44.46	8.67091
44.48	8.678344
44.5	8.681396
44.52	8.682908
44.54	8.684158
44.56	8.68541
44.58	8.686727
44.6	8.688119
44.62	8.689547
44.64	8.69258
44.66	8.694283
44.68	8.696204
44.7	8.698168
44.72	8.700166
44.74	8.702226
44.76	8.704319
44.78	8.706486
44.8	8.708798
44.82	8.710996
44.84	8.715719
44.86	8.718153
44.88	8.720659
44.9	8.72331
44.92	8.725845
44.94	8.728507
44.96	8.731239
44.98	8.734007
45	8.736846
45.02	8.742695
45.04	8.745685
45.06	8.748746
45.08	8.751841
45.1	8.755004
45.12	8.758309
45.14	8.761498
45.16	8.764811
45.18	8.768191
45.2	8.771605
45.22	8.775086
45.24	8.778709
45.26	8.782213
45.28	8.786036
45.3	8.793757
45.32	8.797647
45.34	8.801528
45.36	8.805435
45.38	8.809379
45.4	8.813325
45.42	8.81731
45.44	8.821411
45.46	8.825356
45.48	8.829391
45.5	8.837536
45.52	8.841642
45.54	8.845862
45.56	8.849916
45.58	8.854052
45.6	8.858225
45.62	8.862389
45.64	8.866585
45.66	8.870891
45.68	8.879259
45.7	8.883566
45.72	8.887851
45.74	8.891982
45.76	8.89631
45.78	8.900614
45.8	8.904769
45.82	8.90911
45.84	8.913427
45.86	8.917599
45.88	8.921947
45.9	8.926271
45.92	8.930453
45.94	8.93493
45.96	8.939306
45.98	8.947919
46	8.952121
46.02	8.956301
46.04	8.960436
46.06	8.964559
46.08	8.968617
46.1	8.972649
46.12	8.976618
46.14	8.98505
46.16	8.987178
46.18	8.989647
46.2	9.003103
46.22	9.008649
46.24	9.013641
46.26	8.999778
46.28	9.036901
46.3	9.010327
46.32	9.042041
46.34	9.015506
46.36	9.046113
46.38	9.049288
46.4	9.02563
46.42	9.055505
46.44	9.032229
46.46	9.067405
46.48	9.037493
46.5	9.073551
46.52	9.042804
46.54	9.045957
46.56	9.049238
46.58	9.052647
46.6	9.060087
46.62	9.064034
46.64	9.067343
46.66	9.069811
46.68	9.072043
46.7	9.074177
46.72	9.076229
46.74	9.078206
46.76	9.080162
46.78	9.083748
46.8	9.085431
46.82	9.08705
46.84	9.088605
46.86	9.090079
46.88	9.091475
46.9	9.092793
46.92	9.094029
46.94	9.095247
46.96	9.096312
46.98	9.097324
47	9.09914
47.02	9.099936
47.04	9.100658
47.06	9.101306
47.08	9.101877
47.1	9.10238
47.12	9.1028
47.14	9.103145
47.16	9.103412
47.18	9.106807
47.2	9.096272
47.22	9.082129
47.24	9.075954
47.26	9.069574
47.28	9.061846
47.3	9.052501
47.32	9.041437
47.34	9.028589
47.36	9.016227
47.38	8.98275
47.4	8.987307
47.42	8.950864
47.44	8.954537
47.46	8.915054
47.48	8.9178
47.5	8.875238
47.52	8.877047
47.54	8.82823
47.56	8.807628
47.58	8.765037
47.6	8.743166
47.62	8.720941
47.64	8.698352
47.66	8.675388
47.68	8.652075
47.7	8.628402
47.72	8.604352
47.74	8.579958
47.76	8.555204
47.78	8.530094
47.8	8.504624
47.82	8.478801
47.84	8.426085
47.86	8.399195
47.88	8.371954
47.9	8.344359
47.92	8.316418
47.94	8.288122
47.96	8.259483
47.98	8.230494
48	8.201161
48.02	8.171481
48.04	8.141463
48.06	8.111099
48.08	8.049357
48.1	8.018371
48.12	7.98705
48.14	7.955438
48.16	7.923528
48.18	7.891335
48.2	7.85885
48.22	7.826083
48.24	7.793025
48.26	7.759691
48.28	7.726067
48.3	7.692169
48.32	7.623529
48.34	7.588789
48.36	7.553782
48.38	7.518493
48.4	7.482939
48.42	7.447107
48.44	7.411013
48.46	7.374809
48.48	7.338308
48.5	7.301506
48.52	7.264482
48.54	7.189688
48.56	7.151911
48.58	7.113873
48.6	7.075592
48.62	7.037053
48.64	6.998276
48.66	6.959717
48.68	6.92092
48.7	6.881923
48.72	6.803298
48.74	6.763675
48.76	6.72386
48.78	6.683835
48.8	6.643621
48.82	6.603199
48.84	6.562593
48.86	6.521783
48.88	6.480792
48.9	6.4396
48.92	6.356666
48.94	6.314929
48.96	6.272998
48.98	6.230901
49	6.188614
49.02	6.103532
49.04	6.060932
49.06	6.017955
49.08	5.974834
49.1	5.931556
49.12	5.888734
49.14	5.845891
49.16	5.802722
49.18	5.759262
49.2	5.715795
49.22	5.672204
49.24	5.628486
49.26	5.584641
49.28	5.540669
49.3	5.496925
49.32	5.408334
49.34	5.363917
49.36	5.319388
49.38	5.274746
49.4	5.229992
49.42	5.185131
49.44	5.140163
49.46	5.095094
49.48	5.049924
49.5	5.004659
49.52	4.959301
49.54	4.913853
49.56	4.822865
49.58	4.777153
49.6	4.731932
49.62	4.686772
49.64	4.64135
49.66	4.595922
49.68	4.550443
49.7	4.504903
49.72	4.459304
49.74	4.413649
49.76	4.36794
49.78	4.322182
49.8	4.276379
49.82	4.184649
49.84	4.138733
49.86	4.09279
49.88	4.046822
49.9	4.000725
49.92	3.954727
49.94	3.908602
49.96	3.862597
49.98	3.816526
50	3.770548
50.02	3.72449
50.04	3.678568
50.06	3.632687
50.08	3.540973
50.1	3.495274
50.12	3.449656
50.14	3.404133
50.16	3.358716
50.18	3.31342
50.2	3.268829
50.22	3.224312
50.24	3.179905
50.26	3.135627
50.28	3.091491
50.3	3.047513
50.32	3.003709
50.34	2.916689
50.36	2.87351
50.38	2.830579
50.4	2.787917
50.42	2.745548
50.44	2.703498
50.46	2.661792
50.48	2.620459
50.5	2.57953
50.52	2.499015
50.54	2.459501
50.56	2.420533
50.58	2.382154
50.6	2.344408
50.62	2.307341
50.64	2.271003
50.66	2.235448
50.68	2.08447
50.7	2.491349
50.72	2.057062
50.74	2.498657
50.76	2.452118
50.78	1.928585
50.8	2.393551
50.82	1.853763
50.84	2.323041
50.86	2.277762
50.88	2.23063
50.9	2.181723
50.92	2.131141
50.94	2.079013
50.96	1.970804
50.98	1.915165
51	1.85888
51.02	1.802306
51.04	1.745873
51.06	1.750896
51.08	1.759412
51.1	1.763499
51.12	1.76783
51.14	1.773316
51.16	1.780103
51.18	1.797532
51.2	1.808092
51.22	1.819822
51.24	1.832673
51.26	1.846599
51.28	1.861551
51.3	1.877482
51.32	1.894344
51.34	1.91209
51.36	1.930675
51.38	1.950054
51.4	1.970183
51.42	1.99102
51.44	2.034654
51.46	2.057374
51.48	2.080645
51.5	2.104433
51.52	2.128705
51.54	2.153427
51.56	2.178538
51.58	2.204072
51.6	2.229939
51.62	2.256173
51.64	2.309525
51.66	2.336597
51.68	2.363944
51.7	2.391487
51.72	2.419265
51.74	2.447204
51.76	2.475343
51.78	2.503611
51.8	2.532049
51.82	2.560587
51.84	2.589267
51.86	2.618024
51.88	2.646899
51.9	2.676623
51.92	2.70634
51.94	2.766041
51.96	2.79602
51.98	2.826041
52	2.856137
52.02	2.886255
52.04	2.916426
52.06	2.946601
52.08	2.976811
52.1	3.007008
52.12	3.037223
52.14	3.067411
52.16	3.097603
52.18	3.127754
52.2	3.187988
52.22	3.218058
52.24	3.248066
52.26	3.278043
52.28	3.30795
52.3	3.337817
52.32	3.367606
52.34	3.397434
52.36	3.427219
52.38	3.456755
52.4	3.515749
52.42	3.54508
52.44	3.574546
52.46	3.603647
52.48	3.633025
52.5	3.662511
52.52	3.691989
52.54	3.721404
52.56	3.750738
52.58	3.779954
52.6	3.809072
52.62	3.838064
52.64	3.86698
52.66	3.895675
52.68	3.952377
52.7	3.980612
52.72	4.00871
52.74	4.036687
52.76	4.064517
52.78	4.09222
52.8	4.11977
52.82	4.147191
52.84	4.174455
52.86	4.201585
52.88	4.228556
52.9	4.25539
52.92	4.282062
52.94	4.335147
52.96	4.361346
52.98	4.38725
53	4.413083
53.02	4.438772
53.04	4.464899
53.06	4.490716
53.08	4.516328
53.1	4.541729
53.12	4.566939
53.14	4.591938
53.16	4.616743
53.18	4.641334
53.2	4.665724
53.22	4.689896
53.24	4.737608
53.26	4.761146
53.28	4.784458
53.3	4.807559
53.32	4.80241
53.34	4.821088
53.36	5.001114
53.38	4.891662
53.4	4.940845
53.42	5.12887
53.44	4.979749
53.46	5.170236
53.48	5.013953
53.5	5.205477
53.52	5.043777
53.54	5.234996
53.56	5.069667
53.58	5.092193
53.6	5.404682
53.62	5.128835
53.64	5.443025
53.66	5.207326
53.68	5.556413
53.7	5.252548
53.72	5.289387
53.74	5.642812
53.76	5.323637
53.78	5.53821
53.8	5.352718
53.82	5.562733
53.84	5.378166
53.86	5.402259
53.88	5.601842
53.9	5.431217
53.92	5.632592
53.94	5.460562
53.96	5.496949
53.98	5.533693
54	5.569615
54.02	5.60675
54.04	5.641436
54.06	5.678215
54.08	5.746771
54.1	5.777066
54.12	5.811289
54.14	5.54242
54.16	5.614012
54.18	5.637864
54.2	5.650079
54.22	5.659453
54.24	5.675955
54.26	5.683484
54.28	5.690617
54.3	5.697341
54.32	5.703611
54.34	5.709488
54.36	5.714911
54.38	5.719956
54.4	5.724546
54.42	5.728741
54.44	5.732481
54.46	5.735838
54.48	5.738741
54.5	5.743294
54.52	5.744957
54.54	5.746166
54.56	5.746973
54.58	5.747324
54.6	5.747288
54.62	5.746796
54.64	5.745902
54.66	5.74455
54.68	5.74281
54.7	5.740614
54.72	5.734957
54.74	5.73151
54.76	5.727607
54.78	5.723299
54.8	5.718534
54.82	5.713378
54.84	5.707766
54.86	5.701749
54.88	5.695275
54.9	5.688409
54.92	5.681087
54.94	5.665178
54.96	5.656603
54.98	5.647573
55	5.638137
55.02	5.628247
55.04	5.617964
55.06	5.607226
55.08	5.596084
55.1	5.584523
55.12	5.572507
55.14	5.560087
55.16	5.547248
55.18	5.52026
55.2	5.506146
55.22	5.491581
55.24	5.476614
55.26	5.461228
55.28	5.431304
55.3	5.419687
55.32	5.407158
55.34	5.393673
55.36	5.362953
55.38	5.471885
55.4	5.407081
55.42	5.243937
55.44	5.178272
55.46	5.144255
55.48	5.124663
55.5	5.086654
55.52	5.079728
55.54	5.072345
55.56	5.063876
55.58	5.044445
55.6	5.033464
55.62	5.020611
55.64	4.969316
55.66	4.953185
55.68	4.899898
55.7	4.90859
55.72	4.930114
55.74	4.938354
55.76	4.971634
55.78	5.00187
55.8	5.006227
55.82	5.040133
55.84	5.074371
55.86	4.543013
55.88	4.538206
55.9	4.510588
55.92	4.477468
55.94	4.442861
55.96	4.37185
55.98	4.335652
56	4.299009
56.02	4.261931
56.04	4.224416
56.06	4.186471
56.08	4.148095
56.1	4.109295
56.12	4.030427
56.14	3.990366
56.16	3.949896
56.18	3.909015
56.2	3.867734
56.22	3.783977
56.24	3.741511
56.26	3.698665
56.28	3.655439
56.3	3.611844
56.32	3.567882
56.34	3.4789
56.36	3.433892
56.38	3.388552
56.4	3.342888
56.42	3.296911
56.44	3.250631
56.46	3.204058
56.48	3.157207
56.5	3.11009
56.52	3.06272
56.54	2.968787
56.56	2.921552
56.58	2.874259
56.6	2.826939
56.62	2.779619
56.64	2.732327
56.66	2.685091
56.68	2.637944
56.7	2.590921
56.72	2.544057
56.74	2.497393
56.76	2.450972
56.78	2.40484
56.8	2.313652
56.82	2.268708
56.84	2.224282
56.86	2.180441
56.88	2.13726
56.9	2.094818
56.92	2.053202
56.94	2.012505
56.96	1.972825
56.98	2.187403
57	2.313254
57.02	2.447661
57.04	2.733526
57.06	2.88167
57.08	2.836206
57.1	2.788527
57.12	2.738714
57.14	2.686865
57.16	2.6331
57.18	2.577561
57.2	2.520419
57.22	2.402161
57.24	2.341561
57.26	2.280401
57.28	2.219064
57.3	2.157999
57.32	2.097728
57.34	2.038859
57.36	1.982089
57.38	1.92822
57.4	1.878157
57.42	1.832909
57.44	1.836803
57.46	1.874665
57.48	1.915425
57.5	1.95845
57.52	2.003536
57.54	2.050562
57.56	2.099427
57.58	2.150035
57.6	2.202408
57.62	2.311548
57.64	2.324456
57.66	2.376777
57.68	2.43888
57.7	2.757837
57.72	2.60743
57.74	2.741978
57.76	3.060756
57.78	2.872321
57.8	3.182864
57.82	3.153127
57.84	3.270836
57.86	3.409915
57.88	3.386676
57.9	3.520203
57.92	3.501573
57.94	3.616539
57.96	3.739228
57.98	3.649104
58	3.87157
58.02	3.803141
58.04	4.03111
58.06	4.154337
58.08	4.055591
58.1	4.178519
58.12	4.390339
58.14	4.445456
58.16	4.532057
58.18	4.559626
58.2	4.643871
58.22	4.672416
58.24	4.784617
58.26	4.864755
58.28	4.908416
58.3	5.056626
58.32	5.183739
58.34	5.203083
58.36	5.328839
58.38	5.349761
58.4	5.474042
58.42	5.496661
58.44	5.643454
58.46	5.740321
58.48	5.78543
58.5	5.881786
58.52	5.925376
58.54	6.064792
58.56	6.159596
58.58	6.203676
58.6	6.297744
58.62	6.342108
58.64	6.51056
58.66	6.476439
58.68	6.643522
58.7	6.608897
58.72	6.772392
58.74	6.902588
58.76	6.871577
58.78	7.031856
58.8	7.002496
58.82	7.10895
58.84	7.135021
58.86	7.268069
58.88	7.373567
58.9	7.400721
58.92	7.505318
58.94	7.532955
58.96	7.636659
58.98	7.664752
59	7.75479
59.02	7.883111
59.04	7.921924
59.06	8.008656
59.08	8.046782
59.1	8.131741
59.12	8.173585
59.14	8.261448
59.16	8.455811
59.18	8.436069
59.2	8.594368
59.22	8.568047
59.24	8.730423
59.26	8.698393
59.28	8.864384
59.3	8.827518
59.32	8.930334
59.34	8.920337
59.36	8.898401
59.38	8.886506
59.4	8.874029
59.42	8.861008
59.44	8.847482
59.46	8.833495
59.48	8.8191
59.5	8.804354
59.52	8.789317
59.54	8.774059
59.56	8.758654
59.58	8.743178
59.6	8.72772
59.62	8.697224
59.64	8.682386
59.66	8.667965
59.68	8.654077
59.7	8.640841
59.72	8.639411
59.74	8.639883
59.76	8.638146
59.78	8.636152
59.8	8.632664
59.82	8.631243
59.84	8.630066
59.86	8.629109
59.88	8.628402
59.9	8.627924
59.92	8.627907
59.94	8.628041
59.96	8.62505
59.98	8.627104
60	8.631016
60.02	8.636369
60.04	8.642917
60.06	8.660096
60.08	8.680812
60.1	8.702222
60.12	8.724135
60.14	8.746367
60.16	8.768731
60.18	8.78801
60.2	8.806733
60.22	8.825288
60.24	8.843654
60.26	8.861729
60.28	8.631659
60.3	8.647649
60.32	8.74068
60.34	8.667511
60.36	8.770005
60.38	8.671127
60.4	8.775484
60.42	8.670959
60.44	8.670253
60.46	8.66873
60.48	8.667404
60.5	8.665864
60.52	8.662659
60.54	8.661057
60.56	8.659449
60.58	8.657838
60.6	8.656242
60.62	8.654643
60.64	8.653047
60.66	8.651459
60.68	8.649891
60.7	8.646769
60.72	8.645238
60.74	8.643714
60.76	8.642202
60.78	8.640721
60.8	8.639248
60.82	8.637798
60.84	8.636369
60.86	8.633611
60.88	8.632284
60.9	8.630962
60.92	8.629674
60.94	8.628416
60.96	8.627193
60.98	8.626233
61	8.625253
61.02	8.624285
61.04	8.623343
61.06	8.622423
61.08	8.621531
61.1	8.620663
61.12	8.619823
61.14	8.619008
61.16	8.618221
61.18	8.61746
61.2	8.616021
61.22	8.615344
61.24	8.614694
61.26	8.614074
61.28	8.613481
61.3	8.612918
61.32	8.612383
61.34	8.61189
61.36	8.611415
61.38	8.610971
61.4	8.610557
61.42	8.610174
61.44	8.609821
61.46	8.609502
61.48	8.608954
61.5	8.609172
61.52	8.609159
61.54	8.6091
61.56	8.609036
61.58	8.608969
61.6	8.608902
61.62	8.608833
61.64	8.608763
61.66	8.608687
61.68	8.608608
61.7	8.608431
61.72	8.608331
61.74	8.608223
61.76	8.608104
61.78	8.607975
61.8	8.607833
61.82	8.607679
61.84	8.607511
61.86	8.607328
61.88	8.607129
61.9	8.606919
61.92	8.606685
61.94	8.606171
61.96	8.605832
61.98	8.605484
62	8.605336
62.02	8.605029
62.04	8.604632
62.06	8.60416
62.08	8.603618
62.1	8.603
62.12	8.602304
62.14	8.601534
62.16	8.600682
62.18	8.599747
62.2	8.598731
62.22	8.596436
62.24	8.610117
62.26	8.623935
62.28	8.636908
62.3	8.650586
62.32	8.661554
62.34	8.670645
62.36	8.690536
62.38	8.664479
62.4	8.683735
62.42	8.656878
62.44	8.67549
62.46	8.647881
62.48	8.673121
62.5	8.679985
62.52	8.686342
62.54	8.692108
62.56	8.697204
62.58	8.701554
62.6	8.705091
62.62	8.707749
62.64	8.709471
62.66	8.577466
62.68	8.483622
62.7	8.578587
62.72	8.476941
62.74	8.590024
62.76	8.459887
62.78	8.584181
62.8	8.440042
62.82	8.574374
62.84	8.417533
62.86	8.421996
62.88	8.422772
62.9	8.418919
62.92	8.412135
62.94	8.379434
62.96	8.379429
62.98	8.36095
63	8.360635
63.02	8.341455
63.04	8.376396
63.06	8.398477
63.08	8.44932
63.1	8.539239
63.12	8.565692
63.14	8.643113
63.16	8.669864
63.18	8.758051
63.2	8.783969
63.22	8.574298
63.24	8.390817
63.26	8.226956
63.28	8.056012
63.3	8.138455
63.32	8.033004
63.34	8.119094
63.36	8.001116
63.38	8.086587
63.4	8.213841
63.42	8.594147
63.44	8.861801
63.46	9.1008
63.48	9.429989
63.5	9.707602
63.52	10.08459
63.54	10.39094
63.56	10.80403
63.58	10.68456
63.6	10.62037
63.62	10.55327
63.64	10.48329
63.66	10.41047
63.68	10.33485
63.7	10.25648
63.72	10.17542
63.74	10.0917
63.76	9.713099
63.78	9.3471
63.8	8.996578
63.82	8.664789
63.84	8.072379
63.86	7.820122
63.88	7.603152
63.9	7.42604
63.92	7.283096
63.94	7.310951
63.96	7.331135
63.98	7.352631
64	7.398062
64.02	7.42128
64.04	7.444378
64.06	7.467037
64.08	7.488949
64.1	7.509826
64.12	7.550203
64.14	7.59037
64.16	7.630006
64.18	7.800948
64.2	7.847616
64.22	8.040479
64.24	8.092081
64.26	8.30325
64.28	8.58413
64.3	8.152109
64.32	7.758815
64.34	7.411808
64.36	7.16908
64.38	6.932931
64.4	6.817923
64.42	6.82023
64.44	6.803296
64.46	6.781782
64.48	6.759095
64.5	6.735936
64.52	6.712447
64.54	6.688663
64.56	6.640242
64.58	6.615613
64.6	6.590713
64.62	6.565543
64.64	6.54011
64.66	6.514417
64.68	6.48847
64.7	6.462274
64.72	6.435833
64.74	6.409152
64.76	6.382238
64.78	6.355094
64.8	6.327728
64.82	6.300145
64.84	6.272351
64.86	6.217272
64.88	6.189384
64.9	6.161335
64.92	6.133139
64.94	6.104797
64.96	6.07632
64.98	6.047707
65	6.018969
65.02	5.990107
65.04	5.961278
65.06	5.932497
65.08	5.903244
65.1	5.874019
65.12	5.844728
65.14	5.815351
65.16	5.785895
65.18	5.756526
65.2	5.697978
65.22	5.668854
65.24	5.639512
65.26	5.610241
65.28	5.580987
65.3	5.551684
65.32	5.522707
65.34	5.493548
65.36	5.464117
65.38	5.434833
65.4	5.40559
65.42	5.347146
65.44	5.317951
65.46	5.28879
65.48	5.259657
65.5	5.2308
65.52	5.201883
65.54	5.173336
65.56	5.144934
65.58	5.11661
65.6	5.08832
65.62	5.06009
65.64	5.031975
65.66	5.003937
65.68	4.975981
65.7	4.948112
65.72	4.920336
65.74	4.892656
65.76	4.86508
65.78	4.837612
65.8	4.810257
65.82	4.783022
65.84	4.755913
65.86	4.729249
65.88	4.675574
65.9	4.649754
65.92	4.623868
65.94	4.598069
65.96	4.572388
65.98	4.546834
66	4.496126
66.02	4.470978
66.04	4.445973
66.06	4.421115
66.08	4.396408
66.1	4.371854
66.12	4.347461
66.14	4.323231
66.16	4.299169
66.18	4.27528
66.2	4.25157
66.22	4.228043
66.24	4.204704
66.26	4.181559
66.28	4.159204
66.3	4.136919
66.32	4.114757
66.34	4.092734
66.36	4.070854
66.38	4.027533
66.4	4.006097
66.42	3.984814
66.44	3.963688
66.46	3.94272
66.48	3.921915
66.5	3.901275
66.52	3.880804
66.54	3.860507
66.56	3.820448
66.58	3.800696
66.6	3.781135
66.62	3.761769
66.64	3.742605
66.66	3.723647
66.68	3.704902
66.7	3.686375
66.72	3.668073
66.74	3.650002
66.76	3.632664
66.78	3.615322
66.8	3.598088
66.82	3.580988
66.84	3.564029
66.86	3.547218
66.88	3.530558
66.9	3.497711
66.92	3.481535
66.94	3.465531
66.96	3.449706
66.98	3.434067
67	3.418619
67.02	3.403372
67.04	3.388331
67.06	3.373507
67.08	3.358907
67.1	3.34454
67.12	3.330415
67.14	3.316543
67.16	3.302934
67.18	3.276546
67.2	3.263789
67.22	3.251341
67.24	3.239212
67.26	3.227416
67.28	3.215966
67.3	3.204874
67.32	3.194155
67.34	3.183824
67.36	3.173895
67.38	3.155301
67.4	3.146667
67.42	3.138497
67.44	3.130806
67.46	3.123612
67.48	3.11693
67.5	3.110777
67.52	3.105171
67.54	3.100129
67.56	3.095668
67.58	3.088559
67.6	3.085946
67.62	3.083984
67.64	3.082691
67.66	3.082083
67.68	3.082179
67.7	3.082996
67.72	3.084549
67.74	3.086857
67.76	3.089935
67.78	3.0938
67.8	3.098467
67.82	3.110269
67.84	3.117433
67.86	3.125458
67.88	3.134357
67.9	3.144144
67.92	2.957432
67.94	2.701156
67.96	2.609212
67.98	2.997329
68	2.704303
68.02	3.104697
68.04	2.770814
68.06	3.166499
68.08	2.835648
68.1	2.889647
68.12	2.941809
68.14	3.33984
68.16	2.995309
68.18	3.387231
68.2	3.050645
68.22	3.436223
68.24	3.107795
68.26	3.167177
68.28	3.197317
68.3	3.227829
68.32	3.258705
68.34	3.290934
68.36	3.323374
68.38	3.356169
68.4	3.389333
68.42	3.422856
68.44	3.456725
68.46	3.490926
68.48	3.525446
68.5	3.595389
68.52	3.63079
68.54	3.666461
68.56	3.702393
68.58	3.738575
68.6	3.775
68.62	3.811657
68.64	3.848539
68.66	3.885639
68.68	3.922948
68.7	3.998079
68.72	4.03526
68.74	4.073806
68.76	4.112503
68.78	4.15138
68.8	4.190436
68.82	4.229663
68.84	4.269055
68.86	4.308603
68.88	4.348301
68.9	4.388142
68.92	4.42812
68.94	4.468227
68.96	4.548812
68.98	4.589278
69	4.630172
69.02	4.670987
69.04	4.711576
69.06	4.752357
69.08	4.794086
69.1	4.835834
69.12	4.877639
69.14	4.919503
69.16	4.961422
69.18	5.003391
69.2	5.045403
69.22	5.087454
69.24	5.171649
69.26	5.213784
69.28	5.255937
69.3	5.298051
69.32	5.340228
69.34	5.382411
69.36	5.424854
69.38	5.467366
69.4	5.509867
69.42	5.552474
69.44	5.595055
69.46	5.637586
69.48	5.680057
69.5	5.722463
69.52	5.764873
69.54	5.807027
69.56	5.849188
69.58	5.933276
69.6	5.975185
69.62	6.016998
69.64	6.058712
69.66	6.100321
69.68	6.141824
69.7	6.183681
69.72	6.225347
69.74	6.266841
69.76	6.308166
69.78	6.349317
69.8	6.39029
69.82	6.43108
69.84	6.471684
69.86	6.512096
69.88	6.592335
69.9	6.632153
69.92	6.671765
69.94	6.711167
69.96	6.750358
69.98	6.78941
70	6.828024
70.02	6.866773
70.04	6.905239
70.06	6.943419
70.08	6.981307
70.1	7.018901
70.12	7.056195
70.14	7.093187
70.16	7.129871
70.18	7.166247
70.2	7.238054
70.22	7.27348
70.24	7.308584
70.26	7.343362
70.28	7.377811
70.3	7.41193
70.32	7.445715
70.34	7.479164
70.36	7.512274
70.38	7.545043
70.4	7.577731
70.42	7.609908
70.44	7.64165
70.46	7.703873
70.48	7.734352
70.5	7.764403
70.52	7.794028
70.54	7.82322
70.56	7.851981
70.58	7.880305
70.6	7.908208
70.62	7.935664
70.64	7.962676
70.66	8.015366
70.68	8.04104
70.7	8.066262
70.72	8.091033
70.74	8.115349
70.76	8.139211
70.78	8.162614
70.8	8.185559
70.82	8.208043
70.84	8.230066
70.86	8.251658
70.88	8.272697
70.9	8.293192
70.92	8.313154
70.94	8.332571
70.96	8.369779
70.98	8.387566
71	8.406102
71.02	8.423598
71.04	8.440051
71.06	8.455463
71.08	8.471165
71.1	8.486581
71.12	8.501505
71.14	8.515898
71.16	8.576822
71.18	8.606592
71.2	8.568744
71.22	8.632101
71.24	8.589514
71.26	8.653658
71.28	8.606948
71.3	8.67165
71.32	8.75503
71.34	8.617268
71.36	8.724915
71.38	8.620303
71.4	8.638903
71.42	8.649611
71.44	8.658017
71.46	8.665576
71.48	8.672589
71.5	8.679122
71.52	8.685191
71.54	8.690795
71.56	8.695933
71.58	8.704837
71.6	8.708595
71.62	8.711893
71.64	8.714743
71.66	8.717133
71.68	8.719065
71.7	8.720553
71.72	8.721588
71.74	8.722169
71.76	8.721999
71.78	8.721251
71.8	8.720057
71.82	8.718416
71.84	8.716347
71.86	8.713835
71.88	8.710898
71.9	8.707522
71.92	8.723775
71.94	8.741013
71.96	8.716312
71.98	8.732327
72	8.719989
72.02	8.69091
72.04	8.704246
72.06	8.749519
72.08	8.797326
72.1	8.847318
72.12	8.899162
72.14	8.952536
72.16	9.007129
72.18	9.062646
72.2	9.118805
72.22	9.175335
72.24	8.997614
72.26	8.799564
72.28	8.641262
72.3	8.54195
72.32	8.550701
72.34	8.545918
72.36	8.537418
72.38	8.527823
72.4	8.517713
72.42	8.507175
72.44	8.484962
72.46	8.473299
72.48	8.461254
72.5	8.448858
72.52	8.436089
72.54	8.422977
72.56	8.409501
72.58	8.395694
72.6	8.367047
72.62	8.352217
72.64	8.337077
72.66	8.321602
72.68	8.305828
72.7	8.290293
72.72	8.274384
72.74	8.241803
72.76	8.225163
72.78	8.208272
72.8	8.191173
72.82	8.173833
72.84	8.156294
72.86	8.120564
72.88	8.102385
72.9	8.084024
72.92	8.065455
72.94	8.046718
72.96	8.027781
72.98	7.989912
73	7.970996
73.02	7.951982
73.04	7.932835
73.06	7.913597
73.08	7.894233
73.1	7.874788
73.12	7.855225
73.14	7.835589
73.16	7.815844
73.18	7.776125
73.2	7.756162
73.22	7.736108
73.24	7.716269
73.26	7.696054
73.28	7.676492
73.3	7.656818
73.32	7.637131
73.34	7.6174
73.36	7.597674
73.38	7.577913
73.4	7.558164
73.42	7.538384
73.44	7.518623
73.46	7.49886
73.48	7.479375
73.5	7.459469
73.52	7.420471
73.54	7.401068
73.56	7.381871
73.58	7.362763
73.6	7.343692
73.62	7.324647
73.64	7.286635
73.66	7.267669
73.68	7.24873
73.7	7.22982
73.72	7.210939
73.74	7.19213
73.76	7.17337
73.78	7.154612
73.8	7.135899
73.82	7.117233
73.84	7.081162
73.86	7.06316
73.88	7.045186
73.9	7.027237
73.92	7.009312
73.94	6.991383
73.96	6.955615
73.98	6.937771
74	6.919919
74.02	6.902108
74.04	6.884285
74.06	6.848703
74.08	6.831578
74.1	6.814334
74.12	6.796928
74.14	6.779597
74.16	6.744926
74.18	6.727551
74.2	6.710106
74.22	6.692642
74.24	6.675101
74.26	6.657532
74.28	6.622193
74.3	6.604416
74.32	6.586597
74.34	6.550716
74.36	6.532649
74.38	6.514741
74.4	6.49644
74.42	6.460662
74.44	6.442512
74.46	6.424183
74.48	6.405728
74.5	6.387089
74.52	6.368312
74.54	6.349341
74.56	6.3109
74.58	6.291419
74.6	6.271725
74.62	6.251863
74.64	6.23178
74.66	6.211518
74.68	6.191025
74.7	6.170345
74.72	6.149427
74.74	6.128312
74.76	6.085384
74.78	6.063563
74.8	6.041529
74.82	6.019233
74.84	5.996716
74.86	5.974314
74.88	5.951511
74.9	5.928397
74.92	5.904927
74.94	5.881145
74.96	5.857
74.98	5.83253
75	5.782512
75.02	5.756953
75.04	5.73105
75.06	5.704755
75.08	5.678105
75.1	5.651055
75.12	5.623641
75.14	5.59582
75.16	5.567625
75.18	5.539014
75.2	5.480606
75.22	5.4508
75.24	5.420564
75.26	5.38993
75.28	5.35886
75.3	5.327384
75.32	5.295465
75.34	5.263134
75.36	5.197155
75.38	5.163502
75.4	5.129424
75.42	5.094887
75.44	5.059918
75.46	5.024486
75.48	4.988618
75.5	4.952281
75.52	4.915504
75.54	4.878254
75.56	4.840559
75.58	4.802389
75.6	4.763768
75.62	4.685119
75.64	4.645082
75.66	4.604593
75.68	4.563622
75.7	4.522192
75.72	4.48029
75.74	4.437904
75.76	4.395055
75.78	4.351723
75.8	4.307927
75.82	4.263657
75.84	4.173696
75.86	4.128006
75.88	4.081843
75.9	4.03521
75.92	3.988106
75.94	3.940534
75.96	3.892495
75.98	3.843991
76	3.795025
76.02	3.745598
76.04	3.645378
76.06	3.594954
76.08	3.544187
76.1	3.493098
76.12	3.441699
76.14	3.389996
76.16	3.338
76.18	3.285721
76.2	3.233169
76.22	3.127296
76.24	3.074001
76.26	3.020486
76.28	2.966768
76.3	2.912865
76.32	2.858795
76.34	2.804581
76.36	2.750245
76.38	2.695813
76.4	2.641312
76.42	2.439532
76.44	2.308784
76.46	2.255673
76.48	2.634902
76.5	2.160681
76.52	2.560308
76.54	2.057602
76.56	2.475622
76.58	1.954588
76.6	2.391505
76.62	2.31074
76.64	1.757103
76.66	2.234534
76.68	1.665102
76.7	1.579376
76.72	2.101584
76.74	1.502104
76.76	2.043512
76.78	1.430132
76.8	1.988055
76.82	1.361346
76.84	1.931927
76.86	1.300003
76.88	1.88222
76.9	1.850779
76.92	1.235617
76.94	1.842209
76.96	1.245062
76.98	1.858931
77	1.277636
77.02	1.88536
77.04	1.335962
77.06	1.946201
77.08	1.410219
77.1	2.007462
77.12	1.489156
77.14	2.069253
77.16	2.126544
77.18	1.653959
77.2	2.191401
77.22	1.749985
77.24	2.268565
77.26	1.856207
77.28	2.360324
77.3	1.970596
77.32	2.453878
77.34	2.556133
77.36	2.215974
77.38	2.664347
77.4	2.345467
77.42	2.777663
77.44	2.47862
77.46	2.895538
77.48	3.020381
77.5	2.754903
77.52	3.146072
77.54	2.897066
77.56	3.27624
77.58	3.041185
77.6	3.186881
77.62	3.544573
77.64	3.333966
77.66	3.681981
77.68	3.482306
77.7	3.821275
77.72	3.631792
77.74	3.9623
77.76	4.107837
77.78	3.935721
77.8	4.25317
77.82	4.088155
77.84	4.399127
77.86	4.240933
77.88	4.545805
77.9	4.394043
77.92	4.693169
77.94	4.547458
77.96	4.700618
77.98	4.98914
78	4.854525
78.02	5.140503
78.04	5.286598
78.06	5.158154
78.08	5.433976
78.1	5.30954
78.12	5.581557
78.14	5.460732
78.16	5.729137
78.18	5.611711
78.2	5.762477
78.22	6.024446
78.24	5.912366
78.26	6.171166
78.28	6.061922
78.3	6.317848
78.32	6.21093
78.34	6.35937
78.36	6.60993
78.38	6.507254
78.4	6.755267
78.42	6.654601
78.44	6.801433
78.46	7.044589
78.48	6.947772
78.5	7.188607
78.52	7.093642
78.54	7.332223
78.56	7.239067
78.58	7.383782
78.6	7.61788
78.62	7.527379
78.64	7.759519
78.66	7.669646
78.68	7.811164
78.7	8.020566
78.72	7.952765
78.74	8.160289
78.76	8.299417
78.78	8.234423
78.8	8.374689
78.82	8.576712
78.84	8.514318
78.86	8.714508
78.88	8.851813
78.9	8.792253
78.92	8.988741
78.94	8.930676
78.96	9.125343
78.98	9.123924
79	9.259088
79.02	9.391779
79.04	9.393082
79.06	9.52255
79.08	9.526212
79.1	9.65214
79.12	9.780957
79.14	9.748011
79.16	9.917595
79.18	9.890105
79.2	10.06761
79.22	9.959126
79.24	9.926875
79.26	9.917103
79.28	9.909142
79.3	9.903927
79.32	9.90155
79.34	9.901814
79.36	9.904137
79.38	10.01757
79.4	10.07535
79.42	10.13331
79.44	10.19109
79.46	10.29297
79.48	10.3995
79.5	10.51472
79.52	10.63739
79.54	10.7667
79.56	10.9019
79.58	11.18708
79.6	11.33548
79.62	11.48681
79.64	11.64054
79.66	11.49595
79.68	11.21679
79.7	11.08328
79.72	10.95457
79.74	10.83126
79.76	10.71399
79.78	10.60338
79.8	10.40233
79.82	10.26497
79.84	10.23616
79.86	10.2077
79.88	10.17947
79.9	10.15155
79.92	10.12407
79.94	10.07724
79.96	10.05665
79.98	10.03539
80	10.01346
80.02	9.99087
80.04	9.967638
80.06	9.944221
80.08	9.92172
80.1	9.899051
80.12	9.853146
80.14	9.829932
80.16	9.806505
80.18	9.782951
80.2	9.759206
80.22	9.73535
80.24	9.711352
80.26	9.687197
80.28	9.663114
80.3	9.639061
80.32	9.590903
80.34	9.566808
80.36	9.542715
80.38	9.518636
80.4	9.494579
80.42	9.470557
80.44	9.44658
80.46	9.42266
80.48	9.398595
80.5	9.351457
80.52	9.328267
80.54	9.30524
80.56	9.256178
80.58	9.210559
80.6	9.166635
80.62	9.124089
80.64	9.084799
80.66	9.047976
80.68	8.978848
80.7	8.946288
80.72	8.906078
80.74	8.867807
80.76	8.831112
80.78	8.795913
80.8	8.765359
80.82	8.708328
80.84	8.701142
80.86	8.671515
80.88	8.662328
80.9	8.639202
80.92	8.63199
80.94	8.661517
80.96	8.626094
80.98	8.659931
81	8.62072
81.02	8.658487
81.04	8.656525
81.06	8.55171
81.08	8.534685
81.1	8.44627
81.12	8.443316
81.14	8.412999
81.16	8.409991
81.18	8.380012
81.2	8.366759
81.22	8.350221
81.24	8.368531
81.26	8.35591
81.28	8.342732
81.3	8.329011
81.32	8.314763
81.34	8.300012
81.36	8.284784
81.38	8.269114
81.4	8.253045
81.42	8.228394
81.44	8.21966
81.46	8.210403
81.48	8.200621
81.5	8.191163
81.52	8.182855
81.54	8.175514
81.56	8.160692
81.58	8.153424
81.6	8.146261
81.62	8.139199
81.64	8.132232
81.66	8.12535
81.68	8.118548
81.7	8.11182
81.72	8.104967
81.74	8.091887
81.76	8.085491
81.78	8.079075
81.8	8.072642
81.82	8.066186
81.84	8.059697
81.86	8.053168
81.88	8.046589
81.9	8.039952
81.92	8.026472
81.94	8.019612
81.96	8.012661
81.98	8.005611
82	7.998455
82.02	7.9915
82.04	7.984241
82.06	7.976742
82.08	7.961165
82.1	7.953073
82.12	7.944736
82.14	7.936193
82.16	7.927385
82.18	7.918353
82.2	7.909042
82.22	7.899488
82.24	7.889639
82.26	7.86911
82.28	7.858415
82.3	7.847394
82.32	7.836082
82.34	7.824564
82.36	7.812692
82.38	7.800331
82.4	7.787595
82.42	7.774429
82.44	7.746826
82.46	7.732372
82.48	7.717452
82.5	7.702088
82.52	7.686244
82.54	7.669942
82.56	7.653146
82.58	7.635876
82.6	7.599835
82.62	7.581052
82.64	7.561769
82.66	7.541953
82.68	7.521625
82.7	7.500753
82.72	7.479357
82.74	7.457407
82.76	7.41187
82.78	7.388273
82.8	7.364101
82.82	7.339372
82.84	7.314058
82.86	7.288179
82.88	7.261706
82.9	7.234658
82.92	7.178773
82.94	7.14993
82.96	7.120494
82.98	7.090441
83	7.059787
83.02	7.02851
83.04	6.996623
83.06	6.964107
83.08	6.897208
83.1	6.862819
83.12	6.827787
83.14	6.792128
83.16	6.755821
83.18	6.71888
83.2	6.681288
83.22	6.643056
83.24	6.604168
83.26	6.564637
83.28	6.483604
83.3	6.442099
83.32	6.399942
83.34	6.357118
83.36	6.313638
83.38	6.269488
83.4	6.22468
83.42	6.179198
83.44	6.133056
83.46	6.03876
83.48	5.990603
83.5	5.941784
83.52	5.892287
83.54	5.842119
83.56	5.79128
83.58	5.739769
83.6	5.687587
83.62	5.634735
83.64	5.527737
83.66	5.473476
83.68	5.418646
83.7	5.363246
83.72	5.250737
83.74	5.193633
83.76	5.135965
83.78	5.077736
83.8	5.018948
83.82	4.959606
83.84	4.899711
83.86	4.839268
83.88	4.778281
83.9	4.716753
83.92	4.654691
83.94	4.528981
83.96	4.343591
83.98	4.546419
84	4.22229
84.02	4.443812
84.04	4.095119
84.06	4.333149
84.08	4.214497
84.1	3.823616
84.12	4.088094
84.14	3.678486
84.16	3.934205
84.18	3.528969
84.2	3.393553
84.22	3.661106
84.24	3.271912
84.26	3.542634
84.28	3.151108
84.3	3.431293
84.32	3.034866
84.34	3.323522
84.36	3.218743
84.38	2.810319
84.4	3.11716
84.42	2.702748
84.44	2.602103
84.46	2.931522
84.48	2.50675
84.5	2.847462
84.52	2.417792
84.54	2.772914
84.56	2.334794
84.58	2.257774
84.6	2.633745
84.62	2.189058
84.64	2.575353
84.66	2.131806
84.68	2.529778
84.7	2.490831
84.72	2.046144
84.74	2.461074
84.76	2.018927
84.78	2.440336
84.8	2.002657
84.82	2.000223
84.84	2.432331
84.86	2.010263
84.88	2.444132
84.9	2.030838
84.92	2.464505
84.94	2.493268
84.96	2.10207
84.98	2.530074
85	2.151561
85.02	2.574505
85.04	2.212637
85.06	2.632639
85.08	2.280925
85.1	2.355027
85.12	2.76193
85.14	2.434457
85.16	2.833919
85.18	2.518689
85.2	2.91253
85.22	2.993366
85.24	2.699833
85.26	3.078403
85.28	2.794605
85.3	3.166025
85.32	2.891256
85.34	2.94045
85.36	3.039304
85.38	3.089182
85.4	3.138904
85.42	3.189656
85.44	3.24032
85.46	3.290917
85.48	3.341429
85.5	3.391835
85.52	3.492245
85.54	3.542209
85.56	3.591988
85.58	3.641566
85.6	3.690927
85.62	3.740034
85.64	3.788835
85.66	3.83777
85.68	3.934248
85.7	3.981803
85.72	4.028893
85.74	4.07551
85.76	4.121644
85.78	4.16729
85.8	4.21244
85.82	4.257073
85.84	4.344822
85.86	4.387926
85.88	4.430493
85.9	4.472542
85.92	4.514046
85.94	4.55523
85.96	4.635221
85.98	4.674141
86	4.712362
86.02	4.749864
86.04	4.786662
86.06	4.822737
86.08	4.858102
86.1	4.892741
86.12	4.95986
86.14	4.992336
86.16	5.024079
86.18	5.055099
86.2	5.085384
86.22	5.114943
86.24	5.143764
86.26	5.225602
86.28	5.279258
86.3	5.331107
86.32	5.383345
86.34	5.432687
86.36	5.470085
86.38	5.528984
86.4	5.501125
86.42	5.55604
86.44	5.578361
86.46	5.55512
86.48	5.56994
86.5	5.583393
86.52	5.595481
86.54	5.607811
86.56	5.629764
86.58	5.639368
86.6	5.648033
86.62	5.655787
86.64	5.662607
86.66	5.668495
86.68	5.67345
86.7	5.677499
86.72	5.6828
86.74	5.684058
86.76	5.684387
86.78	5.68379
86.8	5.682267
86.82	5.679818
86.84	5.676445
86.86	5.672148
86.88	5.660789
86.9	5.653728
86.92	5.645748
86.94	5.636847
86.96	5.627029
86.98	5.6163
87	5.604655
87.02	5.592081
87.04	5.564175
87.06	5.54885
87.08	5.532599
87.1	5.515443
87.12	5.497351
87.14	5.655003
87.16	5.83988
87.18	6.048268
87.2	5.993619
87.22	6.3239
87.24	6.484421
87.26	6.819596
87.28	6.99253
87.3	7.168026
87.32	7.345436
87.34	7.524186
87.36	7.703766
87.38	7.88373
87.4	7.861084
87.42	7.844331
87.44	7.825231
87.46	7.801709
87.48	7.776015
87.5	7.71331
87.52	7.675977
87.54	7.637003
87.56	7.141574
87.58	6.66493
87.6	6.213082
87.62	5.700081
87.64	5.605308
87.66	5.509496
87.68	5.412879
87.7	5.315711
87.72	5.218279
87.74	5.120896
87.76	5.023912
87.78	4.927711
87.8	4.739406
87.82	4.677619
87.84	4.614173
87.86	4.54892
87.88	4.481829
87.9	4.41288
87.92	4.342058
87.94	4.269353
87.96	4.121034
87.98	4.101663
88	4.084123
88.02	4.068187
88.04	4.040267
88.06	4.027878
88.08	3.973726
88.1	3.917736
88.12	3.859858
88.14	3.80005
88.16	3.674521
88.18	3.60876
88.2	3.536171
88.22	3.465906
88.24	3.388151
88.26	2.780128
88.28	2.664943
88.3	2.537919
88.32	2.409797
88.34	2.304148
88.36	2.200525
88.38	2.098598
88.4	1.998273
88.42	1.827219
88.44	1.744245
88.46	1.676182
88.48	1.608616
88.5	1.543383
88.52	1.677346
88.54	1.467818
88.56	1.364532
88.58	1.534133
88.6	1.468224
88.62	1.401758
88.64	1.335006
88.66	1.268329
88.68	1.137286
88.7	1.074381
88.72	1.014568
88.74	0.9592054
88.76	0.9799871
88.78	1.037288
88.8	1.071658
88.82	1.101431
88.84	1.150371
88.86	1.16958
88.88	1.185318
88.9	1.197624
88.92	1.215693
88.94	1.233265
88.96	1.250164
88.98	1.266492
89	1.281084
89.02	1.308587
89.04	1.141992
89.06	1.48342
89.08	1.195361
89.1	1.535486
89.12	1.218949
89.14	1.227738
89.16	1.234183
89.18	1.239432
89.2	1.243663
89.22	1.246888
89.24	1.250186
89.26	1.250524
89.28	1.249934
89.3	1.248432
89.32	1.246029
89.34	1.242683
89.36	1.238443
89.38	1.233326
89.4	1.221384
89.42	1.21403
89.44	1.388551
89.46	1.56172
89.48	1.574704
89.5	1.30758
89.52	1.517503
89.54	1.243823
89.56	1.444709
89.58	1.18454
89.6	1.168073
89.62	1.133946
89.64	1.115268
89.66	1.09541
89.68	1.054166
89.7	1.033144
89.72	1.012194
89.74	0.9909036
89.76	0.971146
89.78	0.9461425
89.8	0.9370596
89.82	0.9340726
89.84	0.9334525
89.86	0.935805
89.88	0.9399754
89.9	0.9453107
89.92	0.9527103
89.94	0.9700461
89.96	0.9794706
89.98	0.9883566
90	1.000035
90.02	1.010858
90.04	1.02298
90.06	1.036
90.08	1.060291
90.1	1.071791
90.12	1.08323
90.14	1.093533
90.16	1.103163
90.18	1.111631
90.2	1.184631
90.22	1.182782
90.24	1.244806
90.26	1.175629
90.28	1.238593
90.3	1.187796
90.32	1.190681
90.34	1.192687
90.36	1.194357
90.38	1.195143
90.4	1.194066
90.42	1.192125
90.44	1.189903
90.46	1.186392
90.48	1.181866
90.5	1.176404
90.52	1.169747
90.54	1.1622
90.56	1.143813
90.58	1.246868
90.6	1.123439
90.62	1.226202
90.64	1.100163
90.66	1.201115
90.68	1.071285
90.7	1.035905
90.72	1.014185
90.74	0.9917017
90.76	0.9661527
90.78	0.9395032
90.8	0.9121202
90.82	0.8832462
90.84	0.8524817
90.86	0.8195012
90.88	0.7610205
90.9	0.741965
90.92	0.753161
90.94	0.763878
90.96	0.7752044
90.98	1.349709
91	0.7962874
91.02	0.8046039
91.04	0.8135475
91.06	0.8153949
91.08	0.815568
91.1	1.506908
91.12	0.8059827
91.14	1.490179
91.16	0.7890091
91.18	0.7813784
91.2	0.7723007
91.22	0.7623585
91.24	0.7436609
91.26	0.8641959
91.28	0.7307106
91.3	0.7280408
91.32	0.734705
91.34	0.7383544
91.36	0.7472361
91.38	0.7533545
91.4	0.7582229
91.42	0.7616704
91.44	0.7640011
91.46	0.7652631
91.48	1.117738
91.5	1.46672
91.52	1.811916
91.54	2.153225
91.56	2.490598
91.58	2.313215
91.6	1.946449
91.62	1.757138
91.64	1.563936
91.66	1.368927
91.68	1.168014
91.7	0.9651628
91.72	0.7566483
91.74	0.6104591
91.76	0.6453452
91.78	0.5713073
91.8	0.6280296
91.82	0.668331
91.84	0.6953478
91.86	0.7324287
91.88	0.6652754
91.9	0.7731661
91.92	0.7769386
91.94	0.7777553
91.96	0.7778465
91.98	0.7766705
92	0.7743239
92.02	0.7701914
92.04	0.7633526
92.06	0.7621822
92.08	0.7594343
92.1	0.7557318
92.12	0.7516984
92.14	0.7468428
92.16	0.7411471
92.18	0.7376981
92.2	0.7374623
92.22	0.7374294
92.24	0.7385689
92.26	0.7395231
92.28	0.7414282
92.3	0.7431931
92.32	0.747051
92.34	0.7476248
92.36	0.837235
92.38	0.9228652
92.4	1.004525
92.42	1.083436
92.44	1.157312
92.46	0.540516
92.48	0.7926111
92.5	0.6505122
92.52	0.8799443
92.54	0.6798327
92.56	0.6968247
92.58	0.7243436
92.6	0.7303706
92.62	0.7337034
92.64	0.7357454
92.66	0.7362444
92.68	0.7365292
92.7	0.7366795
92.72	0.7354494
92.74	1.751793
92.76	0.7345238
92.78	1.750747
92.8	0.424069
92.82	0.4647633
92.84	0.976802
92.86	1.430009
92.88	0.9515091
92.9	1.396894
92.92	0.9111344
92.94	1.348523
92.96	0.8637055
92.98	0.8456113
93	0.8272144
93.02	0.8071999
93.04	0.7883635
93.06	0.7810357
93.08	0.7746059
93.1	0.7843484
93.12	0.7875655
93.14	0.7894851
93.16	1.070787
93.18	1.622382
93.2	1.892266
93.22	2.15811
93.24	2.420916
93.26	2.678767
93.28	2.933862
93.3	3.431018
93.32	3.430838
93.34	3.426861
93.36	3.419088
93.38	3.407521
93.4	3.392163
93.42	3.373017
93.44	3.35009
93.46	3.292914
93.48	3.258682
93.5	2.813016
93.52	2.365377
93.54	1.471747
93.56	1.107925
93.58	1.091277
93.6	1.07131
93.62	1.047988
93.64	1.021284
93.66	0.991178
93.68	0.9297206
93.7	0.8977371
93.72	0.8654841
93.74	0.831724
93.76	0.7992628
93.78	0.7720558
93.8	0.7496688
93.82	0.7583173
93.84	0.7854274
93.86	0.7684092
93.88	0.7521884
93.9	0.7332675
93.92	0.733579
93.94	0.7179281
93.96	0.730485
93.98	0.7361132
94	0.7399662
94.02	0.7418242
94.04	0.7426685
94.06	1.245203
94.08	1.744336
94.1	2.239745
94.12	2.731326
94.14	3.219035
94.16	3.702855
94.18	3.400479
94.2	2.614524
94.22	1.820556
94.24	1.028966
94.26	0.304234
94.28	0.3240398
94.3	0.4283662
94.32	0.4871939
94.34	0.5589626
94.36	0.5271512
94.38	0.5980563
94.4	0.6398645
94.42	0.672732
94.44	0.6950864
94.46	0.7245486
94.48	0.7312304
94.5	0.7359886
94.52	0.7381371
94.54	0.7391725
94.56	0.7396614
94.58	0.7402892
94.6	0.7404106
94.62	0.7433482
94.64	0.2701219
94.66	0.2542497
94.68	0.258716
94.7	0.2674193
94.72	0.2727785
94.74	0.264571
94.76	0.2627788
94.78	0.2711808
94.8	0.2610486
94.82	0.2682919
94.84	0.2634992
94.86	0.2727633
94.88	0.2565669
94.9	0.2643613
94.92	0.2699103
94.94	0.2629263
94.96	0.2675347
94.98	0.2628013
95	0.2718688
95.02	0.2610308
95.04	0.2668838
95.06	0.2665041
95.08	0.2631061
95.1	0.2750535
95.12	0.2594925
95.14	0.2620791
95.16	0.2598261
95.18	0.2744908
95.2	0.269534
95.22	0.2697628
95.24	0.2655533
95.26	0.2654887
95.28	0.2691982
95.3	0.2631187
95.32	0.2665322
95.34	0.2621957
95.36	0.2709697
95.38	0.2610388
95.4	0.2672403
95.42	0.2671501
95.44	0.2649269
95.46	0.2687498
95.48	0.2638269
95.5	0.2719267
95.52	0.2558965
95.54	0.263192
95.56	0.265287
95.58	0.2591207
95.6	0.2589945
95.62	0.2636733
95.64	0.2710546
95.66	0.2639941
95.68	0.2710086
95.7	0.2688604
95.72	0.2638451
95.74	0.2708918
95.76	0.2620075
95.78	0.2681635
95.8	0.2640289
95.82	0.2631596
95.84	0.2704055
95.86	0.2692941
95.88	0.2647139
95.9	0.2677916
95.92	0.2705935
95.94	0.2671821
95.96	0.2683698
95.98	0.2628142
96	0.275293
96.02	0.2620798
96.04	0.2614237
96.06	0.2710507
96.08	0.2678491
96.1	0.2817391
96.12	0.2727571
96.14	0.2772189
96.16	0.2703029
96.18	0.2597806
96.2	0.2585753
96.22	0.2721306
96.24	0.2691506
96.26	0.2674536
96.28	0.266017
96.3	0.2688641
96.32	0.2720186
96.34	0.2657944
96.36	0.2721314
96.38	0.2656651
96.4	0.2582908
96.42	0.2582183
96.44	0.2700003
96.46	0.2630398
96.48	0.2672126
96.5	0.2506208
96.52	0.2578927
96.54	0.2616781
96.56	0.2648454
96.58	0.2667575
96.6	0.2631316
96.62	0.2696767
96.64	0.2611312
96.66	0.2665963
96.68	0.2485767
96.7	0.2559974
96.72	0.27485
96.74	0.2715833
96.76	0.272939
96.78	0.2780803
96.8	0.2699703
96.82	0.2707115
96.84	0.2586791
96.86	0.2604319
96.88	0.2676554
96.9	0.2644128
96.92	0.2699257
96.94	0.261667
96.96	0.2693717
96.98	0.2636033
97	0.2605221
97.02	0.2682354
97.04	0.2634824
97.06	0.2574845
97.08	0.2599446
97.1	0.259476
97.12	0.2741036
97.14	0.2769551
97.16	0.2829979
97.18	0.2757095
97.2	0.2681788
97.22	0.272275
97.24	0.2670634
97.26	0.2621416
97.28	0.2608686
97.3	0.2659552
97.32	0.2749144
97.34	0.2607286
97.36	0.2691394
97.38	0.2720672
97.4	0.2575187
97.42	0.264333
97.44	0.2633397
97.46	0.2735649
97.48	0.2604281
97.5	0.2626242
97.52	0.2703126
97.54	0.2622804
97.56	0.2705556
97.58	0.2685782
97.6	0.262054
97.62	0.2732875
97.64	0.2673124
97.66	0.2756284
97.68	0.276899
97.7	0.2848929
97.72	0.2777871
97.74	0.2701397
97.76	0.2689524
97.78	0.2633308
97.8	0.2602597
97.82	0.2698304
97.84	0.2760881
97.86	0.2703405
97.88	0.2616523
97.9	0.2669589
97.92	0.2674217
97.94	0.2720557
97.96	0.2673161
97.98	0.2685862
98	0.2625015
98.02	0.2633486
98.04	0.2651041
98.06	0.2696548
98.08	0.2773826
98.1	0.2655449
98.12	0.2635361
98.14	0.2626975
98.16	0.2742334
98.18	0.2682466
98.2	0.2620775
98.22	0.2701342
98.24	0.2670706
98.26	0.2693931
98.28	0.2756469
98.3	0.2631652
98.32	0.2687556
98.34	0.2631666
98.36	0.2707931
98.38	0.2642912
98.4	0.266846
98.42	0.2705983
98.44	0.2636223
98.46	0.2699873
98.48	0.2635749
98.5	0.2636729
98.52	0.2699895
98.54	0.2631207
98.56	0.2703538
98.58	0.2673223
98.6	0.2633534
98.62	0.2742311
98.64	0.2617713
98.66	0.2678179
98.68	0.261817
98.7	0.2674796
98.72	0.2817448
98.74	0.273975
98.76	0.2777033
98.78	0.2693053
98.8	0.2673552
98.82	0.257399
98.84	0.2570856
98.86	0.2689812
98.88	0.2685445
98.9	0.2676563
98.92	0.270518
98.94	0.2677847
98.96	0.2689108
98.98	0.2635318
99	0.262225
99.02	0.2596301
99.04	0.2695892
99.06	0.2750444
99.08	0.2632795
99.1	0.2682402
99.12	0.2618207
99.14	0.2700066
99.16	0.2672213
99.18	0.2743509
99.2	0.2779407
99.22	0.2697138
99.24	0.2676824
99.26	0.2577963
99.28	0.2573238
99.3	0.2686844
99.32	0.274111
99.34	0.2686097
99.36	0.2670519
99.38	0.2696694
99.4	0.2649235
99.42	0.2558116
99.44	0.277636
99.46	0.2717638
99.48	0.2712163
99.5	0.2610054
99.52	0.2732996
99.54	0.2840975
99.56	0.2836386
99.58	0.2752278
99.6	0.2661467
99.62	0.2639429
99.64	0.2713487
99.66	0.2657413
99.68	0.2660242
99.7	0.261297
99.72	0.2630588
99.74	0.2742581
99.76	0.2609933
99.78	0.2647412
99.8	0.2529691
99.82	0.2606476
99.84	0.2696939
99.86	0.2693161
99.88	0.2717526
99.9	0.266201
99.92	0.2645217
99.94	0.2631627
99.96	0.2667753
99.98	0.2503468
100	0.261202
100.02	0.2587028
100.04	0.2741588
100.06	0.2665718
100.08	0.2646136
100.1	0.2624003
100.12	0.264624
100.14	0.2702653
100.16	0.2600646
100.18	0.2606886
100.2	0.2638911
100.22	0.2734455
100.24	0.2580723
100.26	0.2602332
100.28	0.265727
100.3	0.2624083
100.32	0.2669727
100.34	0.2503936
100.36	0.2593876
100.38	0.2723982
100.4	0.2782184
100.42	0.2729538
100.44	0.2682145
100.46	0.268385
100.48	0.2645096
100.5	0.2671441
100.52	0.2640944
100.54	0.2697481
100.56	0.2660625
100.58	0.26762
100.6	0.2672738
100.62	0.2654397
100.64	0.2689357
100.66	0.2638609
100.68	0.2714452
100.7	