0.02	4.283645
0.04	3.147033
0.06	1.825117
0.08	1.219663
0.1	1.158982
0.12	0.9443915
0.14	0.6160234
0.16	0.262679
0.18	0.3145674
0.2	0.4381721
0.22	0.5134883
0.24	0.2033671
0.26	0.252928
0.28	0.3377105
0.3	0.3910868
0.32	0.4561165
0.34	0.5180886
0.36	0.3219163
0.38	0.4010428
0.4	0.4606339
0.42	0.5413807
0.44	0.6770073
0.46	0.8022747
0.48	0.9268253
0.5	1.189863
0.52	1.323653
0.54	1.452563
0.56	1.46549
0.58	1.55486
0.6	1.661883
0.62	1.883818
0.64	1.993595
0.66	2.101188
0.68	2.205974
0.7	2.307474
0.72	2.405331
0.74	2.668416
0.76	2.92325
0.78	3.195204
0.8	3.183526
0.82	3.162816
0.84	3.141341
0.86	3.119439
0.88	3.279238
0.9	3.290851
0.92	3.276169
0.94	3.252515
0.96	3.227982
0.98	3.182168
1	3.160995
1.02	3.141115
1.04	3.121287
1.06	3.101602
1.08	3.063167
1.1	3.044659
1.12	3.026174
1.14	3.00848
1.16	2.992523
1.18	2.976794
1.2	2.961714
1.22	2.947425
1.24	3.065741
1.26	3.15709
1.28	3.24544
1.3	3.331454
1.32	3.41519
1.34	3.496591
1.36	3.648792
1.38	3.71684
1.4	3.779933
1.42	3.972084
1.44	4.06109
1.46	4.148683
1.48	4.235043
1.5	4.320356
1.52	4.488621
1.54	4.571982
1.56	4.655111
1.58	4.672135
1.6	4.709148
1.62	4.747264
1.64	4.782986
1.66	4.81561
1.68	4.844977
1.7	4.75426
1.72	4.777029
1.74	4.668939
1.76	4.713399
1.78	4.666909
1.8	4.606762
1.82	4.619553
1.84	4.563633
1.86	4.575611
1.88	4.523775
1.9	4.488494
1.92	4.480918
1.94	4.497684
1.96	4.456293
1.98	4.480281
2	4.430822
2.02	4.460598
2.04	4.44398
2.06	4.390909
2.08	4.431678
2.1	4.36633
2.12	4.303242
2.14	4.313365
2.16	4.259326
2.18	4.275391
2.2	4.2258
2.22	4.198253
2.24	4.203171
2.26	4.207941
2.28	4.21335
2.3	4.219544
2.32	4.22654
2.34	4.234329
2.36	4.242896
2.38	4.262633
2.4	4.27349
2.42	4.284907
2.44	4.296889
2.46	4.309421
2.48	4.322484
2.5	4.336059
2.52	4.350126
2.54	4.364666
2.56	4.379659
2.58	4.41093
2.6	4.427171
2.62	4.443791
2.64	4.460772
2.66	4.478096
2.68	4.495747
2.7	4.513832
2.72	4.550246
2.74	4.56863
2.76	4.587118
2.78	4.605692
2.8	4.624387
2.82	4.643086
2.84	4.661873
2.86	4.680634
2.88	4.718216
2.9	4.737007
2.92	4.755717
2.94	4.774427
2.96	4.793032
2.98	4.811609
3	4.848456
3.02	4.866704
3.04	4.884875
3.06	4.902802
3.08	4.920459
3.1	4.937781
3.12	4.954835
3.14	4.987956
3.16	5.004005
3.18	5.019746
3.2	5.035103
3.22	5.050134
3.24	5.064764
3.26	5.079052
3.28	5.106441
3.3	5.119527
3.32	5.13224
3.34	5.144512
3.36	5.156397
3.38	5.167828
3.4	5.17886
3.42	5.199584
3.44	5.209265
3.46	5.218524
3.48	5.227298
3.5	5.235639
3.52	5.274362
3.54	5.215158
3.56	5.279388
3.58	5.243654
3.6	5.300007
3.62	5.265973
3.64	5.286364
3.66	5.335278
3.68	5.304864
3.7	5.527431
3.72	5.32151
3.74	5.54029
3.76	5.551296
3.78	5.349388
3.8	5.560482
3.82	5.3607
3.84	5.365892
3.86	5.370606
3.88	5.374925
3.9	5.382319
3.92	5.385409
3.94	5.388135
3.96	5.390453
3.98	5.392422
4	5.393996
4.02	5.395236
4.04	5.396093
4.06	5.396803
4.08	5.396669
4.1	5.396185
4.12	5.395412
4.14	5.394305
4.16	5.39123
4.18	5.389281
4.2	5.387031
4.22	5.384548
4.24	5.381783
4.26	5.375562
4.28	5.372128
4.3	5.368453
4.32	5.364606
4.34	5.36054
4.36	5.351915
4.38	5.34738
4.4	5.342672
4.42	5.337865
4.44	5.327883
4.46	5.322733
4.48	5.31754
4.5	5.312251
4.52	5.306947
4.54	5.301576
4.56	5.29622
4.58	5.290827
4.6	5.280128
4.62	5.274818
4.64	5.26957
4.66	5.264675
4.68	5.259942
4.7	5.255435
4.72	5.251178
4.74	5.247188
4.76	5.243481
4.78	5.236982
4.8	5.234221
4.82	5.231809
4.84	5.229762
4.86	5.228095
4.88	5.226826
4.9	5.225971
4.92	5.225547
4.94	5.225572
4.96	5.227033
4.98	5.228504
5	5.230491
5.02	5.233011
5.04	5.236427
5.06	5.240453
5.08	5.245151
5.1	5.256386
5.12	5.262907
5.14	4.982864
5.16	4.606103
5.18	4.239714
5.2	3.975225
5.22	3.813407
5.24	3.6842
5.26	3.532699
5.28	3.487841
5.3	3.445058
5.32	3.406523
5.34	3.382309
5.36	3.545244
5.38	3.369204
5.4	3.543144
5.42	3.362461
5.44	3.340219
5.46	3.552628
5.48	3.342961
5.5	3.562357
5.52	3.349359
5.54	3.573329
5.56	3.58511
5.58	3.371019
5.6	3.597481
5.62	3.339397
5.64	3.610427
5.66	3.357804
5.68	3.624139
5.7	3.639005
5.72	3.405384
5.74	3.655611
5.76	3.435683
5.78	3.674729
5.8	3.473489
5.82	3.76519
5.84	3.541595
5.86	3.833619
5.88	3.608826
5.9	3.896188
5.92	3.954172
5.94	3.730715
5.96	4.007524
5.98	3.840377
6	4.048028
6.02	3.888951
6.04	3.933443
6.06	4.124355
6.08	3.974433
6.1	4.155232
6.12	4.012654
6.14	4.182258
6.16	4.008302
6.18	4.088129
6.2	4.325016
6.22	4.140738
6.24	4.380429
6.26	4.188052
6.28	4.427475
6.3	4.234355
6.32	4.280464
6.34	4.517961
6.36	4.326324
6.38	4.563153
6.4	4.37091
6.42	4.415227
6.44	4.65024
6.46	4.458979
6.48	4.693274
6.5	4.556623
6.52	4.729047
6.54	4.592033
6.56	4.623027
6.58	4.783365
6.6	4.650027
6.62	4.802748
6.64	4.68703
6.66	4.705822
6.68	4.740987
6.7	4.75877
6.72	4.776119
6.74	4.809422
6.76	4.825394
6.78	4.841043
6.8	4.856165
6.82	4.870954
6.84	4.885209
6.86	4.899121
6.88	4.925517
6.9	4.937995
6.92	4.950114
6.94	4.961685
6.96	4.97289
6.98	4.993821
7	5.003544
7.02	5.01289
7.04	5.021675
7.06	5.030079
7.08	5.03792
7.1	5.052263
7.12	5.058762
7.14	5.064332
7.16	5.073698
7.18	5.077503
7.2	5.08061
7.22	5.083186
7.24	5.08506
7.26	5.087036
7.28	5.087135
7.3	5.086529
7.32	5.085383
7.34	5.083531
7.36	5.081138
7.38	5.078037
7.4	5.070044
7.42	5.065149
7.44	5.059548
7.46	5.053403
7.48	5.046552
7.5	5.031056
7.52	5.022414
7.54	5.013068
7.56	5.00318
7.58	4.992591
7.6	4.981462
7.62	4.969634
7.64	4.95727
7.66	4.944209
7.68	4.930615
7.7	4.916328
7.72	4.886007
7.74	4.869978
7.76	4.853263
7.78	4.83603
7.8	4.799693
7.82	4.780593
7.84	4.760989
7.86	4.740716
7.88	4.719947
7.9	4.698517
7.92	4.654028
7.94	4.63098
7.96	4.607288
7.98	4.58313
8	4.558338
8.02	4.533092
8.04	4.50773
8.06	4.45575
8.08	4.429231
8.1	4.402254
8.12	4.375013
8.14	4.34733
8.16	4.319403
8.18	4.291051
8.2	4.262476
8.22	4.204314
8.24	4.174749
8.26	4.145008
8.28	4.114904
8.3	4.084654
8.32	4.054066
8.34	4.023361
8.36	3.992347
8.38	3.961142
8.4	3.929762
8.42	3.898226
8.44	3.942528
8.46	3.968103
8.48	3.99534
8.5	4.023795
8.52	4.053052
8.54	4.01123
8.56	3.967949
8.58	3.923285
8.6	3.877329
8.62	3.830188
8.64	3.781984
8.66	3.732856
8.68	3.632488
8.7	3.581631
8.72	3.530619
8.74	3.42918
8.76	3.40171
8.78	3.425307
8.8	3.452908
8.82	3.484127
8.84	3.55597
8.86	3.595923
8.88	3.627331
8.9	3.672496
8.92	3.673219
8.94	3.672608
8.96	3.67058
8.98	3.667065
9	3.655338
9.02	3.647038
9.04	3.63707
9.06	3.625417
9.08	3.408655
9.1	3.21318
9.12	3.044724
9.14	2.958661
9.16	2.949424
9.18	2.935286
9.2	2.922641
9.22	3.034341
9.24	2.947459
9.26	2.990695
9.28	2.970767
9.3	3.016033
9.32	3.000364
9.34	3.037775
9.36	3.087553
9.38	3.081151
9.4	3.132376
9.42	3.117113
9.44	3.260423
9.46	3.15292
9.48	3.191887
9.5	3.336638
9.52	3.234492
9.54	3.280144
9.56	3.426628
9.58	3.329972
9.6	3.455009
9.62	3.598585
9.64	3.74688
9.66	3.912924
9.68	4.257802
9.7	4.430956
9.72	4.621867
9.74	4.8002
9.76	4.99689
9.78	4.787349
9.8	4.685997
9.82	4.587783
9.84	4.497531
9.86	4.407694
9.88	4.327168
9.9	4.249026
9.92	4.181709
9.94	4.119006
9.96	4.023533
9.98	4.048125
10	4.07843
10.02	4.111972
10.04	4.1456
10.06	4.177732
10.08	4.270208
10.1	4.259015
10.12	4.352328
10.14	4.434894
10.16	4.582719
10.18	4.640544
10.2	4.729906
10.22	4.753031
10.24	4.774779
10.26	4.795228
10.28	4.814464
10.3	4.832577
10.32	4.849668
10.34	4.881217
10.36	4.895912
10.38	4.910057
10.4	4.92379
10.42	4.937256
10.44	4.950607
10.46	4.964004
10.48	4.998502
10.5	5.034592
10.52	5.067394
10.54	5.099284
10.56	5.161854
10.58	5.192628
10.6	5.223003
10.62	5.253065
10.64	5.28272
10.66	5.340965
10.68	5.369544
10.7	5.397703
10.72	5.425514
10.74	5.452899
10.76	5.479928
10.78	5.532757
10.8	5.558554
10.82	5.583976
10.84	5.608705
10.86	5.632858
10.88	5.656473
10.9	5.702251
10.92	5.724516
10.94	5.746189
10.96	5.767328
10.98	5.788072
11	5.808237
11.02	5.827867
11.04	5.847075
11.06	5.865715
11.08	5.883822
11.1	5.901481
11.12	5.93516
11.14	5.951262
11.16	5.966822
11.18	5.981858
11.2	5.996398
11.22	6.010412
11.24	6.023913
11.26	6.036893
11.28	6.04935
11.3	6.0613
11.32	6.08364
11.34	6.094018
11.36	6.103855
11.38	6.113232
11.4	6.122043
11.42	6.130418
11.44	6.145458
11.46	6.152288
11.48	6.158528
11.5	6.169554
11.52	6.174305
11.54	6.178479
11.56	6.185514
11.58	6.188143
11.6	6.190545
11.62	6.193504
11.64	6.194407
11.66	6.194673
11.68	6.194054
11.7	6.193085
11.72	6.189629
11.74	6.187132
11.76	6.184331
11.78	6.180875
11.8	6.177243
11.82	6.168377
11.84	6.163447
11.86	6.157844
11.88	6.152002
11.9	6.145817
11.92	6.140368
11.94	6.128387
11.96	6.121583
11.98	6.114511
12	6.106852
12.02	6.099083
12.04	6.082474
12.06	6.07386
12.08	6.0649
12.1	6.055698
12.12	6.046157
12.14	6.036387
12.16	6.026289
12.18	6.005342
12.2	5.994509
12.22	5.983369
12.24	5.972043
12.26	5.960421
12.28	5.948629
12.3	5.936555
12.32	5.924327
12.34	5.911829
12.36	5.887645
12.38	5.875504
12.4	5.863858
12.42	5.851512
12.44	5.839089
12.46	5.826497
12.48	5.813867
12.5	5.801067
12.52	5.78824
12.54	5.775256
12.56	5.76226
12.58	5.74912
12.6	5.722716
12.62	5.709469
12.64	5.696107
12.66	5.682782
12.68	5.669356
12.7	5.655984
12.72	5.644322
12.74	5.632389
12.76	5.619894
12.78	5.607478
12.8	5.582898
12.82	5.570698
12.84	5.55848
12.86	5.546398
12.88	5.534303
12.9	5.522355
12.92	5.511155
12.94	5.49953
12.96	5.48763
12.98	5.475984
13	5.46419
13.02	5.453845
13.04	5.432829
13.06	5.422643
13.08	5.412667
13.1	5.40274
13.12	5.393021
13.14	5.383357
13.16	5.373909
13.18	5.355358
13.2	5.346263
13.22	5.3374
13.24	5.32905
13.26	5.320185
13.28	5.312403
13.3	5.304533
13.32	5.296345
13.34	5.289442
13.36	5.282519
13.38	5.269152
13.4	5.262725
13.42	5.256365
13.44	5.250231
13.46	5.244166
13.48	5.238327
13.5	5.232557
13.52	5.226861
13.54	5.221625
13.56	5.216118
13.58	5.21038
13.6	5.20053
13.62	5.196723
13.64	5.192538
13.66	5.188914
13.68	5.18531
13.7	5.181872
13.72	5.178444
13.74	5.175177
13.76	5.171915
13.78	5.168806
13.8	5.165698
13.82	5.162736
13.84	5.15977
13.86	5.156943
13.88	5.151406
13.9	5.148691
13.92	5.146104
13.94	5.1435
13.96	5.141752
13.98	5.139874
14	5.138029
14.02	5.136074
14.04	5.134145
14.06	5.132099
14.08	5.127913
14.1	5.125762
14.12	5.123474
14.14	5.121181
14.16	5.118744
14.18	5.116292
14.2	5.113688
14.22	5.111059
14.24	5.108271
14.26	5.105448
14.28	5.099428
14.3	5.096224
14.32	5.092968
14.34	5.089534
14.36	5.086679
14.38	5.083422
14.4	5.079977
14.42	5.07623
14.44	5.072305
14.46	5.063653
14.48	5.058918
14.5	5.053983
14.52	5.048724
14.54	5.043255
14.56	5.037455
14.58	5.025075
14.6	5.018334
14.62	5.010907
14.64	5.003736
14.66	4.996211
14.68	4.988438
14.7	4.971923
14.72	4.963176
14.74	4.954169
14.76	4.944793
14.78	4.935151
14.8	4.925137
14.82	4.914849
14.84	4.904186
14.86	4.881923
14.88	4.870318
14.9	4.85833
14.92	4.846056
14.94	4.833395
14.96	4.820443
14.98	4.793469
15	4.779445
15.02	4.76534
15.04	4.750693
15.06	4.735616
15.08	4.720014
15.1	4.703983
15.12	4.687423
15.14	4.670431
15.16	4.634946
15.18	4.616451
15.2	4.597516
15.22	4.578044
15.24	4.558131
15.26	4.53768
15.28	4.516784
15.3	4.495351
15.32	4.451054
15.34	4.42819
15.36	4.404789
15.38	4.380942
15.4	4.356559
15.42	4.33173
15.44	4.306367
15.46	4.280561
15.48	4.254383
15.5	4.227763
15.52	4.173521
15.54	4.145917
15.56	4.117944
15.58	4.089686
15.6	4.032176
15.62	4.002933
15.64	3.973428
15.66	3.943583
15.68	3.913488
15.7	3.852409
15.72	3.821439
15.74	3.79025
15.76	3.758764
15.78	3.727076
15.8	3.695109
15.82	3.66296
15.84	3.630553
15.86	3.597986
15.88	3.565183
15.9	3.532245
15.92	3.465886
15.94	3.432493
15.96	3.398979
15.98	3.36536
16	3.331654
16.02	3.297879
16.04	3.264053
16.06	3.230199
16.08	3.196337
16.1	3.16249
16.12	3.128683
16.14	3.062196
16.16	3.029501
16.18	2.997077
16.2	2.964996
16.22	2.933299
16.24	2.902024
16.26	2.871207
16.28	2.840888
16.3	2.811106
16.32	2.781903
16.34	2.725409
16.36	2.69821
16.38	2.671773
16.4	2.646147
16.42	2.621384
16.44	2.597536
16.46	2.574656
16.48	2.546126
16.5	2.527787
16.52	2.508933
16.54	2.491656
16.56	2.475959
16.58	2.461752
16.6	2.437875
16.62	2.428262
16.64	2.420236
16.66	2.413818
16.68	2.409027
16.7	2.434796
16.72	2.461481
16.74	2.488901
16.76	2.516898
16.78	2.545346
16.8	2.603186
16.82	2.632435
16.84	2.661845
16.86	2.691394
16.88	2.567955
16.9	2.484345
16.92	2.490745
16.94	2.508416
16.96	2.531665
16.98	2.559419
17	2.591496
17.02	2.69081
17.04	2.679879
17.06	2.780504
17.08	2.954867
17.1	2.830231
17.12	3.04125
17.14	2.903102
17.16	3.115777
17.18	2.977163
17.2	3.184954
17.22	3.053744
17.24	3.260429
17.26	3.320887
17.28	3.37935
17.3	3.442821
17.32	3.499665
17.34	3.526253
17.36	3.55174
17.38	3.57623
17.4	3.599834
17.42	3.622673
17.44	3.644877
17.46	3.666586
17.48	3.687948
17.5	3.730268
17.52	3.751567
17.54	3.797551
17.56	3.841799
17.58	3.884728
17.6	3.926349
17.62	4.009882
17.64	4.052311
17.66	4.094752
17.68	4.137155
17.7	4.179496
17.72	4.221765
17.74	4.263947
17.76	4.306032
17.78	4.389868
17.8	4.4316
17.82	4.473194
17.84	4.514642
17.86	4.556136
17.88	4.597419
17.9	4.638184
17.92	4.678752
17.94	4.760353
17.96	4.800995
17.98	4.841366
18	4.881464
18.02	4.921309
18.04	4.960873
18.06	5.000173
18.08	5.039182
18.1	5.116346
18.12	5.15449
18.14	5.192324
18.16	5.229861
18.18	5.267079
18.2	5.303991
18.22	5.340578
18.24	5.37685
18.26	5.41279
18.28	5.448408
18.3	5.483688
18.32	5.51864
18.34	5.587522
18.36	5.621446
18.38	5.655032
18.4	5.688265
18.42	5.721153
18.44	5.753685
18.46	5.785867
18.48	5.81769
18.5	5.849338
18.52	5.911502
18.54	5.94197
18.56	5.972025
18.58	6.074332
18.6	6.101527
18.62	6.127395
18.64	6.175274
18.66	6.197361
18.68	6.218275
18.7	6.238068
18.72	6.2568
18.74	6.274537
18.76	6.29135
18.78	6.307318
18.8	6.322524
18.82	6.37368
18.84	6.397558
18.86	6.420313
18.88	6.441964
18.9	6.464514
18.92	6.487527
18.94	6.510345
18.96	6.532852
18.98	6.555037
19	6.576879
19.02	6.59838
19.04	6.61956
19.06	6.640397
19.08	6.660896
19.1	6.681082
19.12	6.720437
19.14	6.739642
19.16	6.758509
19.18	6.777047
19.2	6.795287
19.22	6.813194
19.24	6.830777
19.26	6.848072
19.28	6.865036
19.3	6.881684
19.32	6.898053
19.34	6.914097
19.36	6.945297
19.38	6.960445
19.4	6.975289
19.42	6.989877
19.44	7.004153
19.46	7.018135
19.48	7.03187
19.5	7.045303
19.52	7.058449
19.54	7.08398
19.56	7.096322
19.58	7.108443
19.6	7.120278
19.62	7.131848
19.64	7.143211
19.66	7.154298
19.68	7.165447
19.7	7.176278
19.72	7.186841
19.74	7.197186
19.76	7.207388
19.78	7.227127
19.8	7.236713
19.82	7.246127
19.84	7.255352
19.86	7.264412
19.88	7.273289
19.9	7.282008
19.92	7.290551
19.94	7.307213
19.96	7.315331
19.98	7.323276
20	7.33873
20.02	7.346239
20.04	7.35362
20.06	7.360857
20.08	7.367974
20.1	7.374955
20.12	7.381824
20.14	7.388564
20.16	7.395201
20.18	7.401826
20.2	7.408434
20.22	7.414956
20.24	7.421408
20.26	7.427765
20.28	7.440258
20.3	7.446398
20.32	7.452453
20.34	7.458452
20.36	7.46437
20.38	7.470236
20.4	7.476028
20.42	7.481713
20.44	7.487364
20.46	7.492989
20.48	7.504107
20.5	7.50953
20.52	7.514936
20.54	7.52033
20.56	7.525702
20.58	7.531063
20.6	7.536624
20.62	7.542134
20.64	7.547693
20.66	7.558486
20.68	7.563831
20.7	7.56916
20.72	7.579725
20.74	7.58496
20.76	7.590185
20.78	7.595371
20.8	7.600548
20.82	7.605689
20.84	7.615921
20.86	7.621014
20.88	7.626075
20.9	7.63114
20.92	7.635973
20.94	7.641113
20.96	7.646113
20.98	7.651174
21	7.661204
21.02	7.666155
21.04	7.671078
21.06	7.675946
21.08	7.680869
21.1	7.685652
21.12	7.690403
21.14	7.695095
21.16	7.699754
21.18	7.704353
21.2	7.708918
21.22	7.717887
21.24	7.722291
21.26	7.726657
21.28	7.730958
21.3	7.73522
21.32	7.739636
21.34	7.743921
21.36	7.748094
21.38	7.752186
21.4	7.756174
21.42	7.760077
21.44	7.76387
21.46	7.767576
21.48	7.771167
21.5	7.774666
21.52	7.778047
21.54	7.78133
21.56	7.787549
21.58	7.790482
21.6	7.793309
21.62	7.796005
21.64	7.798591
21.66	7.801043
21.68	7.80338
21.7	7.805581
21.72	7.807662
21.74	7.809603
21.76	7.811547
21.78	7.813273
21.8	7.814795
21.82	7.816139
21.84	7.817281
21.86	7.818991
21.88	7.819552
21.9	7.819901
21.92	7.820055
21.94	7.81999
21.96	7.819723
21.98	7.819234
22	7.818574
22.02	7.81765
22.04	7.816547
22.06	7.81519
22.08	7.813593
22.1	7.809764
22.12	7.807473
22.14	7.804986
22.16	7.802232
22.18	7.799226
22.2	7.796015
22.22	7.792533
22.24	7.788792
22.26	7.784839
22.28	7.780608
22.3	7.776114
22.32	7.7714
22.34	7.766404
22.36	7.706531
22.38	7.708961
22.4	7.778098
22.42	7.696793
22.44	7.766526
22.46	7.68219
22.48	7.750727
22.5	7.666078
22.52	7.743024
22.54	7.841595
22.56	7.960284
22.58	8.251704
22.6	8.421247
22.62	8.604601
22.64	8.800279
22.66	9.00687
22.68	9.223055
22.7	9.12193
22.72	9.02001
22.74	8.91745
22.76	8.814422
22.78	8.711107
22.8	8.607704
22.82	8.504424
22.84	8.401497
22.86	8.299166
22.88	8.197695
22.9	7.857747
22.92	7.457096
22.94	7.374619
22.96	7.298238
22.98	7.366745
23	7.28936
23.02	7.412557
23.04	7.263809
23.06	7.396948
23.08	7.519949
23.1	7.851198
23.12	8.054266
23.14	8.278822
23.16	8.52237
23.18	8.782552
23.2	9.057187
23.22	9.344286
23.24	9.50758
23.26	9.288022
23.28	8.854837
23.3	8.642422
23.32	8.433702
23.34	8.229455
23.36	8.03053
23.38	7.837858
23.4	7.652458
23.42	7.475435
23.44	7.125665
23.46	6.849208
23.48	6.669635
23.5	6.655861
23.52	6.614628
23.54	6.592908
23.56	6.571144
23.58	6.549402
23.6	6.527647
23.62	6.505861
23.64	6.484033
23.66	6.46218
23.68	6.440298
23.7	6.418375
23.72	6.396433
23.74	6.374468
23.76	6.352466
23.78	6.330451
23.8	6.308419
23.82	6.264289
23.84	6.242207
23.86	6.220115
23.88	6.198012
23.9	6.175905
23.92	6.153792
23.94	6.13168
23.96	6.109568
23.98	6.087463
24	6.065363
24.02	6.043277
24.04	6.021203
24.06	5.999149
24.08	6.062997
24.1	6.038441
24.12	6.013002
24.14	5.986705
24.16	6.098401
24.18	6.068974
24.2	6.038527
24.22	6.007109
24.24	5.97478
24.26	5.862608
24.28	5.762311
24.3	5.684437
24.32	5.65829
24.34	5.707623
24.36	5.633398
24.38	5.64106
24.4	5.667485
24.42	5.626148
24.44	5.629029
24.46	5.587276
24.48	5.588378
24.5	5.546743
24.52	5.545864
24.54	5.504961
24.56	5.572551
24.58	5.678731
24.6	5.772895
24.62	5.919889
24.64	6.035219
24.66	6.174744
24.68	6.132457
24.7	6.089123
24.72	6.044859
24.74	5.999793
24.76	5.714848
24.78	5.555107
24.8	5.367369
24.82	5.299483
24.84	5.312886
24.86	5.402619
24.88	5.315503
24.9	5.414012
24.92	5.407854
24.94	5.399788
24.96	5.39278
24.98	5.383312
25	5.375763
25.02	5.364871
25.04	5.357161
25.06	5.337474
25.08	5.323943
25.1	5.331318
25.12	5.339083
25.14	5.33789
25.16	5.345597
25.18	5.342725
25.2	5.350366
25.22	5.345829
25.24	5.353467
25.26	5.355115
25.28	5.328416
25.3	5.337363
25.32	5.344722
25.34	5.352969
25.36	5.36215
25.38	5.372447
25.4	5.383817
25.42	5.407716
25.44	5.41057
25.46	5.434828
25.48	5.647714
25.5	5.936001
25.52	6.284123
25.54	6.278333
25.56	6.270652
25.58	6.261124
25.6	6.249795
25.62	6.236722
25.64	6.221966
25.66	6.205595
25.68	6.187682
25.7	6.147572
25.72	6.125559
25.74	6.102381
25.76	6.078149
25.78	6.052988
25.8	6.027028
25.82	6.000412
25.84	5.580292
25.86	5.426703
25.88	5.60508
25.9	5.455239
25.92	5.627583
25.94	5.468092
25.96	5.642627
25.98	5.479506
26	5.660728
26.02	5.629447
26.04	5.657598
26.06	5.685279
26.08	5.695135
26.1	5.701018
26.12	5.706192
26.14	5.710813
26.16	5.715408
26.18	5.71986
26.2	5.724232
26.22	5.728868
26.24	5.737484
26.26	5.741585
26.28	5.745499
26.3	5.749289
26.32	5.752936
26.34	5.756392
26.36	5.759717
26.38	5.762848
26.4	5.765862
26.42	5.76868
26.44	5.771358
26.46	5.77619
26.48	5.778342
26.5	5.780345
26.52	5.782146
26.54	5.783811
26.56	5.785271
26.58	5.786575
26.6	5.787673
26.62	5.788624
26.64	5.789369
26.66	5.790307
26.68	5.790491
26.7	5.790523
26.72	5.790343
26.74	5.789958
26.76	5.789415
26.78	5.788658
26.8	5.786606
26.82	5.785264
26.84	5.783754
26.86	5.782029
26.88	5.780094
26.9	5.777999
26.92	5.775689
26.94	5.773166
26.96	5.770465
26.98	5.767548
27	5.761115
27.02	5.757596
27.04	5.753861
27.06	5.749912
27.08	5.745785
27.1	5.741439
27.12	5.736876
27.14	5.732135
27.16	5.727174
27.18	5.716601
27.2	5.711019
27.22	5.705217
27.24	5.699197
27.26	5.692988
27.28	5.686559
27.3	5.679913
27.32	5.673049
27.34	5.65871
27.36	5.651213
27.38	5.643517
27.4	5.635603
27.42	5.627472
27.44	5.619134
27.46	5.610579
27.48	5.601807
27.5	5.592829
27.52	5.583633
27.54	5.564601
27.56	5.554764
27.58	5.544712
27.6	5.534448
27.62	5.52397
27.64	5.513278
27.66	5.502373
27.68	5.491254
27.7	5.479921
27.72	5.468376
27.74	5.456619
27.76	5.432466
27.78	5.420068
27.8	5.407461
27.82	5.39464
27.84	5.381613
27.86	5.368369
27.88	5.354919
27.9	5.341256
27.92	5.327389
27.94	5.313305
27.96	5.29902
27.98	5.284523
28	5.269826
28.02	5.239801
28.04	5.224479
28.06	5.208962
28.08	5.193229
28.1	5.177304
28.12	5.16117
28.14	5.128304
28.16	5.11157
28.18	5.094634
28.2	5.077514
28.22	5.06019
28.24	5.042665
28.26	5.007059
28.28	4.988958
28.3	4.970685
28.32	5.077608
28.34	5.202761
28.36	4.951156
28.38	4.866924
28.4	4.786781
28.42	4.938132
28.44	4.786813
28.46	4.950249
28.48	4.933129
28.5	4.733732
28.52	4.73914
28.54	4.694306
28.56	4.699432
28.58	4.657557
28.6	4.610184
28.62	4.614718
28.64	4.566616
28.66	4.570952
28.68	4.52213
28.7	4.51811
28.72	4.480419
28.74	4.47278
28.76	4.425617
28.78	4.386395
28.8	4.377231
28.82	4.337293
28.84	4.327775
28.86	4.302967
28.88	4.277733
28.9	4.252233
28.92	4.226535
28.94	4.200585
28.96	4.174323
28.98	4.121298
29	4.094494
29.02	4.067492
29.04	4.040311
29.06	4.013589
29.08	3.986521
29.1	3.959216
29.12	3.931758
29.14	3.904152
29.16	3.876419
29.18	3.848553
29.2	3.79247
29.22	3.764279
29.24	3.735988
29.26	3.707619
29.28	3.679169
29.3	3.650658
29.32	3.622086
29.34	3.593474
29.36	3.564822
29.38	3.536153
29.4	3.507466
29.42	3.450114
29.44	3.421476
29.46	3.392873
29.48	3.364332
29.5	3.335855
29.52	3.307584
29.54	3.279458
29.56	3.251527
29.58	3.223841
29.6	3.196306
29.62	3.168904
29.64	3.141654
29.66	3.087654
29.68	3.060936
29.7	3.034433
29.72	3.008158
29.74	2.982135
29.76	2.956382
29.78	2.905775
29.8	2.880949
29.82	2.856473
29.84	2.832375
29.86	2.808677
29.88	2.785404
29.9	2.762582
29.92	2.740237
29.94	2.718395
29.96	2.697085
29.98	2.656173
30	2.63663
30.02	2.617735
30.04	2.600322
30.06	2.583317
30.08	2.566917
30.1	2.551183
30.12	2.536147
30.14	2.521835
30.16	2.495492
30.18	2.483512
30.2	2.472361
30.22	2.462065
30.24	2.452649
30.26	2.444138
30.28	2.436557
30.3	2.429929
30.32	2.424279
30.34	2.419628
30.36	2.415999
30.38	2.411885
30.4	2.41144
30.42	2.412091
30.44	2.413855
30.46	2.416747
30.48	2.420779
30.5	2.425963
30.52	2.432309
30.54	2.439826
30.56	2.448519
30.58	2.469855
30.6	2.482288
30.62	2.495744
30.64	2.510232
30.66	2.52575
30.68	2.542296
30.7	2.559863
30.72	2.578446
30.74	2.598039
30.76	2.618634
30.78	2.662799
30.8	2.686351
30.82	2.710869
30.84	2.736343
30.86	2.762764
30.88	2.790119
30.9	2.818398
30.92	2.84759
30.94	2.877682
30.96	2.908663
30.98	2.940521
31	3.006821
31.02	3.041238
31.04	2.985534
31.06	3.159087
31.08	3.357581
31.1	3.225241
31.12	3.4173
31.14	3.289551
31.16	3.321246
31.18	3.352781
31.2	3.415854
31.22	3.460204
31.24	3.508223
31.26	3.552903
31.28	3.601
31.3	3.645161
31.32	3.693128
31.34	3.739115
31.36	3.78925
31.38	3.835613
31.4	3.886507
31.42	4.072881
31.44	4.032838
31.46	4.171748
31.48	4.134273
31.5	4.272336
31.52	4.237615
31.54	4.374834
31.56	4.342848
31.58	4.479236
31.6	4.524246
31.62	4.588808
31.64	4.663877
31.66	4.692611
31.68	4.76643
31.7	4.795369
31.72	4.868073
31.74	4.904796
31.76	5.02025
31.78	5.16007
31.8	5.136495
31.82	5.274366
31.84	5.253823
31.86	5.391113
31.88	5.372856
31.9	5.509004
31.92	5.628813
31.94	5.61558
31.96	5.682132
31.98	5.75215
32	5.814759
32.02	5.8845
32.04	5.946166
32.06	6.015669
32.08	6.076447
32.1	6.145805
32.12	6.205806
32.14	6.275164
32.16	6.471718
32.18	6.442483
32.2	6.618948
32.22	6.579799
32.24	6.755699
32.26	6.716885
32.28	6.891525
32.3	6.855077
32.32	7.035235
32.34	7.162918
32.36	7.171358
32.38	7.296444
32.4	7.307112
32.42	7.429328
32.44	7.442898
32.46	7.562028
32.48	7.579187
32.5	7.695065
32.52	7.742189
32.54	7.899891
32.56	8.044879
32.58	8.054219
32.6	8.19902
32.62	8.208962
32.64	8.35335
32.66	8.364777
32.68	8.508723
32.7	8.547955
32.72	8.66267
32.74	8.702717
32.76	8.816092
32.78	8.85737
32.8	8.969291
32.82	9.012235
32.84	8.956729
32.86	8.978512
32.88	8.971025
32.9	8.957205
32.92	8.941156
32.94	8.923564
32.96	8.912892
32.98	8.902386
33	8.890244
33.02	8.876074
33.04	8.859756
33.06	8.841222
33.08	8.849509
33.1	8.853806
33.12	8.858022
33.14	8.862026
33.16	8.865698
33.18	8.868917
33.2	8.87157
33.22	8.87355
33.24	8.874756
33.26	8.821107
33.28	8.837505
33.3	8.78062
33.32	8.735269
33.34	8.748377
33.36	8.685328
33.38	8.697048
33.4	8.631157
33.42	8.641714
33.44	8.543902
33.46	8.531076
33.48	8.515064
33.5	8.498198
33.52	8.480972
33.54	8.463452
33.56	8.445693
33.58	8.42764
33.6	8.391047
33.62	8.372496
33.64	8.3537
33.66	8.334705
33.68	8.315487
33.7	8.296078
33.72	8.276448
33.74	8.256633
33.76	8.236603
33.78	8.216391
33.8	8.195969
33.82	8.175299
33.84	8.154503
33.86	8.112276
33.88	8.090901
33.9	8.069365
33.92	8.047634
33.94	8.025744
33.96	8.003666
33.98	7.981436
34	7.959022
34.02	7.936462
34.04	7.913723
34.06	7.891072
34.08	7.868225
34.1	7.845127
34.12	7.82199
34.14	7.798691
34.16	7.751707
34.18	7.728022
34.2	7.70413
34.22	7.680167
34.24	7.656069
34.26	7.6318
34.28	7.607475
34.3	7.582934
34.32	7.558331
34.34	7.533594
34.36	7.483745
34.38	7.458663
34.4	7.433444
34.42	7.408155
34.44	7.382808
34.46	7.357437
34.48	7.331944
34.5	7.306489
34.52	7.280868
34.54	7.255152
34.56	7.229319
34.58	7.203524
34.6	7.177598
34.62	7.151508
34.64	7.09909
34.66	7.072737
34.68	7.046294
34.7	7.019738
34.72	6.993093
34.74	6.966338
34.76	6.939496
34.78	6.912544
34.8	6.885508
34.82	6.858364
34.84	6.803754
34.86	6.776445
34.88	6.749032
34.9	6.721531
34.92	6.693974
34.94	6.6663
34.96	6.638518
34.98	6.610609
35	6.582588
35.02	6.554438
35.04	6.526175
35.06	6.497781
35.08	6.440632
35.1	6.411877
35.12	6.382989
35.14	6.353985
35.16	6.324848
35.18	6.295594
35.2	6.266207
35.22	6.236701
35.24	6.207063
35.26	6.177306
35.28	6.117406
35.3	6.087264
35.32	6.057004
35.34	6.026642
35.36	5.996206
35.38	5.965562
35.4	5.935043
35.42	5.904281
35.44	5.873326
35.46	5.842199
35.48	5.810891
35.5	5.779408
35.52	5.747743
35.54	5.683871
35.56	5.651663
35.58	5.619265
35.6	5.586685
35.62	5.553913
35.64	5.520957
35.66	5.487806
35.68	5.454469
35.7	5.387213
35.72	5.353294
35.74	5.319184
35.76	5.284875
35.78	5.250376
35.8	5.215676
35.82	5.180785
35.84	5.145693
35.86	5.110409
35.88	5.074924
35.9	5.039247
35.92	5.003369
35.94	4.967299
35.96	4.931029
35.98	4.857907
36	4.821057
36.02	4.78401
36.04	4.746775
36.06	4.709345
36.08	4.67173
36.1	4.633922
36.12	4.595932
36.14	4.51939
36.16	4.480847
36.18	4.442126
36.2	4.403228
36.22	4.364158
36.24	4.324917
36.26	4.28551
36.28	4.24594
36.3	4.166324
36.32	4.126286
36.34	4.086102
36.36	4.045776
36.38	4.005313
36.4	3.96472
36.42	3.924001
36.44	3.883164
36.46	3.801162
36.48	3.760011
36.5	3.718773
36.52	3.677454
36.54	3.636065
36.56	3.594616
36.58	3.553116
36.6	3.511578
36.62	3.470013
36.64	3.428434
36.66	3.345289
36.68	3.303753
36.7	3.262262
36.72	3.220834
36.74	3.179486
36.76	3.13824
36.78	3.097114
36.8	3.056132
36.82	3.015317
36.84	2.974694
36.86	2.934288
36.88	2.894129
36.9	2.854246
36.92	2.814671
36.94	2.736581
36.96	2.698139
36.98	2.660152
37	2.622663
37.02	2.585714
37.04	2.549356
37.06	2.513635
37.08	2.478607
37.1	2.444324
37.12	2.410846
37.14	2.346549
37.16	2.315859
37.18	2.12818
37.2	1.991177
37.22	1.882072
37.24	1.775936
37.26	2.24063
37.28	1.796984
37.3	2.294275
37.32	2.282133
37.34	1.747582
37.36	2.268713
37.38	1.730427
37.4	2.257388
37.42	1.720636
37.44	2.251325
37.46	1.718759
37.48	1.721408
37.5	1.725604
37.52	1.731657
37.54	1.749413
37.56	1.761051
37.58	1.774468
37.6	1.789614
37.62	1.807058
37.64	1.826623
37.66	1.84788
37.68	1.870691
37.7	1.894973
37.72	1.920653
37.74	1.947661
37.76	1.97593
37.78	2.005393
37.8	2.035987
37.82	2.067648
37.84	2.100319
37.86	2.16846
37.88	2.203824
37.9	2.239983
37.92	2.276891
37.94	2.314503
37.96	2.352837
37.98	2.391706
38	2.431185
38.02	2.471347
38.04	2.512446
38.06	2.554345
38.08	2.596735
38.1	2.639528
38.12	2.726172
38.14	2.769966
38.16	2.814032
38.18	2.858364
38.2	2.902932
38.22	2.947716
38.24	2.992683
38.26	3.037844
38.28	3.083165
38.3	3.128631
38.32	3.17423
38.34	3.219946
38.36	3.265769
38.38	3.311914
38.4	3.358283
38.42	3.40459
38.44	3.497814
38.46	3.544433
38.48	3.591022
38.5	3.63757
38.52	3.684068
38.54	3.730506
38.56	3.776877
38.58	3.823173
38.6	3.869396
38.62	3.915521
38.64	3.961551
38.66	4.053326
38.68	4.098926
38.7	4.14413
38.72	4.189303
38.74	4.234406
38.76	4.280246
38.78	4.325553
38.8	4.370588
38.82	4.415399
38.84	4.45999
38.86	4.50436
38.88	4.548504
38.9	4.592419
38.92	4.636099
38.94	4.72275
38.96	4.765708
38.98	4.808424
39	4.850885
39.02	4.893096
39.04	4.935049
39.06	4.976746
39.08	5.018178
39.1	5.059351
39.12	5.100752
39.14	5.18208
39.16	5.222195
39.18	5.26195
39.2	5.301353
39.22	5.340393
39.24	5.379076
39.26	5.417391
39.28	5.455344
39.3	5.492925
39.32	5.53014
39.34	5.566978
39.36	5.639534
39.38	5.675249
39.4	5.71058
39.42	5.745534
39.44	5.780101
39.46	5.81429
39.48	5.84805
39.5	5.881464
39.52	5.914431
39.54	5.978963
39.56	6.010519
39.58	6.041591
39.6	6.072188
39.62	6.102299
39.64	6.131933
39.66	6.161077
39.68	6.189741
39.7	6.217913
39.72	6.245602
39.74	6.272797
39.76	6.32572
39.78	6.351445
39.8	6.376672
39.82	6.40141
39.84	6.425648
39.86	6.449394
39.88	6.472638
39.9	6.495402
39.92	6.517656
39.94	6.56067
39.96	6.581425
39.98	6.601673
40	6.621435
40.02	6.640684
40.04	6.709023
40.06	6.763232
40.08	6.821702
40.1	6.884089
40.12	6.950061
40.14	7.019297
40.16	7.091488
40.18	7.166342
40.2	7.243582
40.22	7.322947
40.24	6.968224
40.26	6.842647
40.28	6.95401
40.3	6.845797
40.32	6.936306
40.34	6.854213
40.36	6.876396
40.38	6.888204
40.4	6.896975
40.42	6.904691
40.44	6.91829
40.46	6.924286
40.48	6.929747
40.5	6.934673
40.52	6.939065
40.54	6.942948
40.56	6.946297
40.58	6.949112
40.6	6.951395
40.62	6.953144
40.64	6.954399
40.66	6.955304
40.68	6.95496
40.7	6.954138
40.72	6.952784
40.74	6.9509
40.76	6.948487
40.78	6.945596
40.8	6.938268
40.82	6.933834
40.84	6.928875
40.86	6.923442
40.88	6.917481
40.9	6.91105
40.92	6.943557
40.94	6.979934
40.96	7.061646
40.98	7.107562
41	7.156433
41.02	7.207954
41.04	7.261838
41.06	7.317806
41.08	7.294133
41.1	7.242263
41.12	7.21419
41.14	7.184783
41.16	7.154123
41.18	7.122293
41.2	7.055505
41.22	7.020757
41.24	6.98526
41.26	6.949139
41.28	6.912529
41.3	6.875575
41.32	6.838432
41.34	6.764244
41.36	6.727561
41.38	6.691409
41.4	6.655997
41.42	6.621544
41.44	6.595776
41.46	6.580105
41.48	6.563195
41.5	6.545864
41.52	6.528282
41.54	6.510499
41.56	6.474359
41.58	6.456017
41.6	6.437517
41.62	6.419074
41.64	6.400689
41.66	6.363893
41.68	6.345424
41.7	6.326898
41.72	6.308342
41.74	6.289744
41.76	6.271133
41.78	6.252495
41.8	6.215216
41.82	6.196592
41.84	6.177977
41.86	6.159401
41.88	6.140851
41.9	6.122361
41.92	6.103916
41.94	6.086373
41.96	6.051098
41.98	6.033768
42	6.016611
42.02	5.999602
42.04	5.982774
42.06	5.94964
42.08	5.93335
42.1	5.917274
42.12	5.901392
42.14	5.885741
42.16	5.855408
42.18	5.840432
42.2	5.826639
42.22	5.81297
42.24	5.799582
42.26	5.773687
42.28	5.761199
42.3	5.749042
42.32	5.737609
42.34	5.725966
42.36	5.71479
42.38	5.704008
42.4	5.693579
42.42	5.683498
42.44	5.665274
42.46	5.657354
42.48	5.649242
42.5	5.64211
42.52	5.635095
42.54	5.628514
42.56	5.622337
42.58	5.616591
42.6	5.610995
42.62	5.605874
42.64	5.596563
42.66	5.592523
42.68	5.589205
42.7	5.586024
42.72	5.583777
42.74	5.580046
42.76	5.578715
42.78	5.577732
42.8	5.577059
42.82	5.576722
42.84	5.576688
42.86	5.577572
42.88	5.578432
42.9	5.581286
42.92	5.583086
42.94	5.58489
42.96	5.587751
42.98	5.590813
43	5.594115
43.02	5.601364
43.04	5.605297
43.06	5.609442
43.08	5.613767
43.1	5.618289
43.12	5.627845
43.14	5.632863
43.16	5.638049
43.18	5.64337
43.2	5.648844
43.22	5.654439
43.24	5.666493
43.26	5.672829
43.28	5.679218
43.3	5.685635
43.32	5.692094
43.34	5.705057
43.36	5.711544
43.38	5.718037
43.4	5.724507
43.42	5.730967
43.44	5.737387
43.46	5.750121
43.48	5.756419
43.5	5.762647
43.52	5.768818
43.54	6.155103
43.56	6.159118
43.58	6.162766
43.6	6.162434
43.62	6.160701
43.64	6.157599
43.66	6.153171
43.68	6.147463
43.7	6.140532
43.72	6.132437
43.74	6.113041
43.76	6.101901
43.78	6.089917
43.8	6.07719
43.82	6.063828
43.84	6.049945
43.86	6.035667
43.88	6.006467
43.9	5.991838
43.92	5.862229
43.94	5.902035
43.96	5.913552
43.98	5.917369
44	5.919336
44.02	5.920