0.02	10.52085
0.04	10.52453
0.06	10.53182
0.08	10.54079
0.1	10.55107
0.12	10.5626
0.14	10.57541
0.16	10.5895
0.18	10.60492
0.2	10.81761
0.22	10.99658
0.24	11.15333
0.26	11.04552
0.28	11.00893
0.3	10.98516
0.32	10.96358
0.34	10.94205
0.36	10.92035
0.38	10.89837
0.4	10.87607
0.42	10.83058
0.44	10.80742
0.46	10.78397
0.48	10.76029
0.5	10.73633
0.52	10.71219
0.54	10.66326
0.56	10.6385
0.58	10.61359
0.6	10.58855
0.62	10.5634
0.64	10.53815
0.66	10.77487
0.68	10.93752
0.7	10.95013
0.72	10.96867
0.74	11.07917
0.76	11.14604
0.78	11.21099
0.8	11.36044
0.82	11.45996
0.84	11.5324
0.86	11.61421
0.88	11.72912
0.9	11.94389
0.92	11.99408
0.94	11.98745
0.96	11.98413
0.98	11.98004
1	11.97831
1.02	11.97664
1.04	11.97503
1.06	11.97348
1.08	11.97198
1.1	11.97055
1.12	11.96916
1.14	11.96784
1.16	11.96656
1.18	11.96416
1.2	11.96303
1.22	11.96193
1.24	11.96085
1.26	11.95978
1.28	11.95871
1.3	11.95765
1.32	11.95659
1.34	11.95553
1.36	11.95445
1.38	11.95336
1.4	11.95224
1.42	11.94989
1.44	11.94865
1.46	11.94775
1.48	11.94689
1.5	11.94599
1.52	11.94504
1.54	11.94405
1.56	11.198
1.58	11.39164
1.6	10.67637
1.62	10.87989
1.64	10.15195
1.66	9.6252
1.68	9.850078
1.7	9.096745
1.72	9.333364
1.74	8.567469
1.76	8.816738
1.78	8.038572
1.8	8.301579
1.82	7.511696
1.84	7.789732
1.86	6.989077
1.88	7.283652
1.9	6.786628
1.92	5.970046
1.94	6.303072
1.96	5.483726
1.98	5.838907
2	5.022955
2.02	5.402057
2.04	4.598938
2.06	5.002988
2.08	4.226753
2.1	4.655142
2.12	4.374879
2.14	3.718
2.16	4.180312
2.18	3.625094
2.2	4.088472
2.22	3.661144
2.24	4.111175
2.26	3.827884
2.28	4.251513
2.3	4.114618
2.32	4.50331
2.34	4.503361
2.36	4.853854
2.38	4.908285
2.4	5.203484
2.42	5.278833
2.44	5.582366
2.46	5.928792
2.48	5.992015
2.5	6.279209
2.52	6.349883
2.54	6.626367
2.56	6.703234
2.58	6.969633
2.6	7.05149
2.62	7.308398
2.64	7.394208
2.66	7.731026
2.68	7.970453
2.7	8.061651
2.72	8.292977
2.74	8.385849
2.76	8.609435
2.78	8.703426
2.8	8.919594
2.82	9.015319
2.84	9.224343
2.86	9.156705
2.88	9.010385
2.9	8.996943
2.92	8.983285
2.94	8.969375
2.96	8.955188
2.98	8.940701
3	8.925896
3.02	8.910761
3.04	8.89529
3.06	8.87948
3.08	8.863336
3.1	8.846863
3.12	8.830076
3.14	8.795643
3.16	8.778049
3.18	8.760251
3.2	8.742287
3.22	8.724204
3.24	8.728675
3.26	8.761349
3.28	8.798281
3.3	8.839159
3.32	8.919045
3.34	8.999786
3.36	9.080983
3.38	9.14152
3.4	9.224563
3.42	9.265848
3.44	9.308446
3.46	9.352324
3.48	9.397351
3.5	9.174792
3.52	8.992084
3.54	8.852588
3.56	8.762589
3.58	8.788214
3.6	8.789456
3.62	8.784726
3.64	8.778841
3.66	8.766452
3.68	8.760313
3.7	8.754142
3.72	8.747973
3.74	8.741903
3.76	8.735806
3.78	8.729715
3.8	8.72373
3.82	8.717722
3.84	8.711722
3.86	8.705836
3.88	8.699929
3.9	8.694037
3.92	8.688265
3.94	8.682475
3.96	8.676703
3.98	8.665401
4	8.659768
4.02	8.654268
4.04	8.648759
4.06	8.643277
4.08	8.637938
4.1	8.632593
4.12	8.627282
4.14	8.622122
4.16	8.616934
4.18	8.611899
4.2	8.606842
4.22	8.596947
4.24	8.592114
4.26	8.587341
4.28	8.58266
4.3	8.57804
4.32	8.573518
4.34	8.569062
4.36	8.564707
4.38	8.560422
4.4	8.556243
4.42	8.552138
4.44	8.548144
4.46	8.544229
4.48	8.53671
4.5	8.533113
4.52	8.529601
4.54	8.526216
4.56	8.522922
4.58	8.519756
4.6	8.516687
4.62	8.513753
4.64	8.510919
4.66	8.508224
4.68	8.505634
4.7	8.503188
4.72	8.500853
4.74	8.498666
4.76	8.496593
4.78	8.494675
4.8	8.491239
4.82	8.489724
4.84	8.488374
4.86	8.487152
4.88	8.486101
4.9	8.485184
4.92	8.484441
4.94	8.483837
4.96	8.483413
4.98	8.483132
5	8.483093
5.02	8.483338
5.04	8.483738
5.06	8.484333
5.08	8.485087
5.1	8.486042
5.12	8.487162
5.14	8.488488
5.16	8.489984
5.18	8.493572
5.2	8.49567
5.22	8.497949
5.24	8.500448
5.26	8.503134
5.28	8.506045
5.3	8.509148
5.32	8.512483
5.34	8.516011
5.36	8.519778
5.38	8.523746
5.4	8.527957
5.42	8.532372
5.44	8.541909
5.46	8.547036
5.48	8.552379
5.5	8.557979
5.52	8.5638
5.54	8.569884
5.56	8.576193
5.58	8.58277
5.6	8.589578
5.62	8.596659
5.64	8.603974
5.66	8.611568
5.68	8.627517
5.7	8.635877
5.72	8.644523
5.74	8.653419
5.76	8.662607
5.78	8.672048
5.8	8.681786
5.82	8.691781
5.84	8.702078
5.86	8.712636
5.88	8.723501
5.9	8.734631
5.92	8.757781
5.94	8.769805
5.96	8.782104
5.98	8.794721
6	8.807615
6.02	8.820831
6.04	8.834331
6.06	8.848155
6.08	8.862266
6.1	8.876705
6.12	8.891434
6.14	8.906496
6.16	8.937542
6.18	8.953529
6.2	8.969857
6.22	8.986485
6.24	9.003434
6.26	9.020706
6.28	9.038304
6.3	9.056229
6.32	9.074481
6.34	9.111975
6.36	9.131219
6.38	9.150796
6.4	9.170709
6.42	9.211542
6.44	9.232467
6.46	9.253731
6.48	9.275334
6.5	9.297279
6.52	9.3422
6.54	9.365176
6.56	9.388498
6.58	9.412167
6.6	9.436182
6.62	9.460545
6.64	9.510318
6.66	9.53573
6.68	9.561494
6.7	9.587608
6.72	9.614076
6.74	9.640895
6.76	9.668068
6.78	9.723477
6.8	9.751714
6.82	9.780307
6.84	9.809255
6.86	9.868218
6.88	9.898236
6.9	9.928611
6.92	9.959342
6.94	9.990431
6.96	10.02188
6.98	10.08584
7	10.11836
7.02	10.15124
7.04	10.21807
7.06	10.25203
7.08	10.28634
7.1	10.321
7.12	10.35603
7.14	10.42716
7.16	10.46326
7.18	10.49971
7.2	10.53653
7.22	10.5737
7.24	10.61123
7.26	10.64911
7.28	10.72595
7.3	10.72259
7.32	10.71946
7.34	10.71814
7.36	10.71712
7.38	10.71618
7.4	10.71529
7.42	10.71445
7.44	10.71367
7.46	10.71294
7.48	10.71228
7.5	10.7117
7.52	10.71118
7.54	10.71075
7.56	10.71012
7.58	10.8458
7.6	10.93094
7.62	10.91598
7.64	10.90451
7.66	10.8239
7.68	10.81266
7.7	10.73265
7.72	10.71809
7.74	10.64749
7.76	10.63105
7.78	10.57017
7.8	10.50037
7.82	10.47934
7.84	10.4508
7.86	10.41933
7.88	10.39511
7.9	10.37078
7.92	10.34791
7.94	10.26685
7.96	10.28118
7.98	10.21006
8	10.13085
8.02	10.01968
8.04	9.930182
8.06	9.873458
8.08	9.88268
8.1	9.872979
8.12	9.858652
8.14	9.843199
8.16	9.827374
8.18	9.795033
8.2	9.778563
8.22	9.761896
8.24	9.745015
8.26	9.727948
8.28	9.710687
8.3	9.693211
8.32	9.657694
8.34	9.639626
8.36	9.621372
8.38	9.602925
8.4	9.584266
8.42	9.565425
8.44	9.546372
8.46	9.527141
8.48	9.488073
8.5	9.468253
8.52	9.44824
8.54	9.428031
8.56	9.407629
8.58	9.387032
8.6	9.366242
8.62	9.345258
8.64	9.324082
8.66	9.302712
8.68	9.259399
8.7	9.237456
8.72	9.215321
8.74	9.192995
8.76	9.170479
8.78	9.147773
8.8	9.124876
8.82	9.101792
8.84	9.078519
8.86	9.055058
8.88	9.00757
8.9	8.983544
8.92	8.959335
8.94	8.934937
8.96	8.910356
8.98	8.885587
9	8.860635
9.02	8.835498
9.04	8.810179
9.06	8.75899
9.08	8.733121
9.1	8.707072
9.12	8.680841
9.14	8.654431
9.16	8.627841
9.18	8.574122
9.2	8.546997
9.22	8.519693
9.24	8.492214
9.26	8.464558
9.28	8.436728
9.3	8.408721
9.32	8.380543
9.34	8.352189
9.36	8.323665
9.38	8.294968
9.4	8.266101
9.42	8.207856
9.44	8.17848
9.46	8.148938
9.48	8.119227
9.5	8.089354
9.52	8.059312
9.54	7.998741
9.56	7.968212
9.58	7.937521
9.6	7.90667
9.62	7.87566
9.64	7.844493
9.66	7.813168
9.68	7.781688
9.7	7.750052
9.72	7.654232
9.74	7.621989
9.76	7.5896
9.78	7.557061
9.8	7.524379
9.82	7.49155
9.84	7.45858
9.86	7.425467
9.88	7.392214
9.9	7.358821
9.92	7.325293
9.94	7.291628
9.96	7.25783
9.98	7.189838
10	7.155648
10.02	7.121332
10.04	7.08689
10.06	7.052325
10.08	7.017638
10.1	6.982833
10.12	6.94791
10.14	6.912873
10.16	6.842462
10.18	6.807092
10.2	6.771616
10.22	6.736037
10.24	6.700357
10.26	6.664577
10.28	6.628703
10.3	6.592734
10.32	6.556677
10.34	6.484299
10.36	6.447986
10.38	6.411595
10.4	6.375127
10.42	6.338589
10.44	6.30198
10.46	6.265308
10.48	6.228572
10.5	6.19178
10.52	6.154932
10.54	6.118035
10.56	6.081089
10.58	6.044103
10.6	6.007079
10.62	5.932933
10.64	5.895822
10.66	5.85869
10.68	5.821543
10.7	5.784387
10.72	5.747226
10.74	5.710065
10.76	5.672911
10.78	5.635769
10.8	5.598644
10.82	5.561543
10.84	5.524473
10.86	5.487438
10.88	5.450448
10.9	5.376623
10.92	5.339803
10.94	5.303055
10.96	5.266387
10.98	5.229806
11	5.193321
11.02	5.15694
11.04	5.120672
11.06	5.084526
11.08	5.048511
11.1	5.012637
11.12	4.976912
11.14	4.905956
11.16	4.870745
11.18	4.835727
11.2	4.800912
11.22	4.766314
11.24	4.731944
11.26	4.663936
11.28	4.630325
11.3	4.596994
11.32	4.563956
11.34	4.531226
11.36	4.498817
11.38	4.466747
11.4	4.435029
11.42	4.403679
11.44	4.372714
11.46	4.34215
11.48	4.312004
11.5	4.253035
11.52	4.224248
11.54	4.195951
11.56	4.168163
11.58	4.140902
11.6	4.114188
11.62	4.088041
11.64	4.037528
11.66	4.013203
11.68	3.989528
11.7	3.966522
11.72	3.944209
11.74	3.922608
11.76	3.881633
11.78	3.862301
11.8	3.84377
11.82	3.82606
11.84	3.809194
11.86	3.793192
11.88	3.778077
11.9	3.763869
11.92	3.750589
11.94	3.728574
11.96	3.719242
11.98	3.736281
12	3.754888
12.02	3.774822
12.04	3.795866
12.06	3.817814
12.08	3.840482
12.1	3.863704
12.12	3.887332
12.14	3.931778
12.16	3.956273
12.18	3.938691
12.2	3.920727
12.22	3.902527
12.24	3.866085
12.26	3.848209
12.28	3.830835
12.3	3.814185
12.32	3.798498
12.34	3.784028
12.36	3.759832
12.38	3.750686
12.4	3.772158
12.42	3.785524
12.44	3.818354
12.46	3.852292
12.48	3.884387
12.5	3.914535
12.52	3.943241
12.54	3.997304
12.56	4.03873
12.58	4.078286
12.6	4.118149
12.62	4.199934
12.64	4.241813
12.66	4.284264
12.68	4.327221
12.7	4.370617
12.72	4.437601
12.74	4.447445
12.76	4.516881
12.78	4.51816
12.8	4.588978
12.82	4.590465
12.84	4.662357
12.86	4.665739
12.88	4.738548
12.9	4.744066
12.92	4.875195
12.94	4.826185
12.96	4.960441
12.98	5.056558
13	5.009743
13.02	5.146231
13.04	5.100087
13.06	5.236193
13.08	5.190886
13.1	5.264499
13.12	5.339379
13.14	5.415207
13.16	5.491683
13.18	5.568538
13.2	5.642867
13.22	5.719767
13.24	5.870012
13.26	5.943172
13.28	5.909852
13.3	5.874362
13.32	5.859237
13.34	5.840302
13.36	5.858935
13.38	5.92078
13.4	5.969918
13.42	6.0163
13.44	6.062017
13.46	6.107484
13.48	6.152775
13.5	6.197901
13.52	6.242857
13.54	6.332231
13.56	6.376637
13.58	6.420846
13.6	6.464853
13.62	6.508652
13.64	6.552237
13.66	6.595603
13.68	6.681654
13.7	6.72433
13.72	6.766767
13.74	6.808959
13.76	6.850904
13.78	6.892596
13.8	6.934031
13.82	6.975205
13.84	7.016115
13.86	7.056754
13.88	7.097125
13.9	7.137218
13.92	7.177035
13.94	7.216569
13.96	7.238906
13.98	7.248115
14	7.254808
14.02	7.265897
14.04	7.27078
14.06	7.275509
14.08	7.279702
14.1	7.283689
14.12	7.287429
14.14	7.290666
14.16	7.293684
14.18	7.296199
14.2	7.298494
14.22	7.302077
14.24	7.303391
14.26	7.304212
14.28	7.304799
14.3	7.305118
14.32	7.304958
14.34	7.304552
14.36	7.303869
14.38	7.30116
14.4	7.299401
14.42	7.297176
14.44	7.29469
14.46	7.291917
14.48	7.28862
14.5	7.285057
14.52	7.281204
14.54	7.277057
14.56	7.272413
14.58	7.267492
14.6	7.262111
14.62	7.250494
14.64	7.244095
14.66	7.23741
14.68	7.230418
14.7	7.222943
14.72	7.215178
14.74	7.207102
14.76	7.1986
14.78	7.1898
14.8	7.180573
14.82	7.171046
14.84	7.161203
14.86	7.150942
14.88	7.129391
14.9	7.118099
14.92	7.106484
14.94	7.094462
14.96	7.08207
14.98	7.069364
15	7.05628
15.02	7.042875
15.04	7.029074
15.06	7.014953
15.08	7.000458
15.1	6.985636
15.12	6.970428
15.14	6.938985
15.16	6.922748
15.18	6.90613
15.2	6.889179
15.22	6.871863
15.24	6.85419
15.26	6.836179
15.28	6.817808
15.3	6.79908
15.32	6.780011
15.34	6.760584
15.36	6.740803
15.38	6.720677
15.4	6.679365
15.42	6.658183
15.44	6.636652
15.46	6.61477
15.48	6.592536
15.5	6.569957
15.52	6.547029
15.54	6.523745
15.56	6.50012
15.58	6.476148
15.6	6.451817
15.62	6.427152
15.64	6.376781
15.66	6.351076
15.68	6.325028
15.7	6.298634
15.72	6.271898
15.74	6.244817
15.76	6.217396
15.78	6.189629
15.8	6.133076
15.82	6.10429
15.84	6.075161
15.86	6.045699
15.88	6.015893
15.9	5.985756
15.92	5.955277
15.94	5.924469
15.96	5.89332
15.98	5.861844
16	5.830029
16.02	5.79789
16.04	5.765414
16.06	5.732615
16.08	5.699481
16.1	5.666028
16.12	5.598138
16.14	5.563704
16.16	5.528957
16.18	5.493882
16.2	5.458496
16.22	5.422785
16.24	5.386768
16.26	5.350428
16.28	5.313786
16.3	5.276824
16.32	5.20199
16.34	5.164121
16.36	5.12594
16.38	5.087471
16.4	5.048694
16.42	5.009634
16.44	4.970272
16.46	4.930632
16.48	4.890694
16.5	4.850485
16.52	4.809984
16.54	4.76922
16.56	4.686864
16.58	4.645278
16.6	4.603445
16.62	4.56134
16.64	4.518997
16.66	4.47639
16.68	4.433556
16.7	4.390466
16.72	4.34716
16.74	4.303609
16.76	4.259853
16.78	4.171704
16.8	4.127323
16.82	4.082747
16.84	4.037984
16.86	3.993042
16.88	3.94793
16.9	3.902656
16.92	3.857231
16.94	3.811663
16.96	3.765964
16.98	3.720145
17	3.628196
17.02	3.582091
17.04	3.535918
17.06	3.489692
17.08	3.44343
17.1	3.397146
17.12	3.350861
17.14	3.304593
17.16	3.258362
17.18	3.21219
17.2	3.1661
17.22	3.120116
17.24	3.074265
17.26	3.028574
17.28	2.983073
17.3	2.89277
17.32	2.848037
17.34	2.759246
17.36	3.019235
17.38	2.715559
17.4	3.002038
17.42	2.640787
17.44	2.939431
17.46	2.560989
17.48	2.869258
17.5	2.4823
17.52	2.406406
17.54	2.733424
17.56	2.334106
17.58	2.670652
17.6	2.266063
17.62	2.61215
17.64	2.202952
17.66	2.558458
17.68	2.145493
17.7	2.094442
17.72	2.467731
17.74	2.050577
17.76	2.431825
17.78	2.014678
17.8	2.402964
17.82	1.987492
17.84	2.381668
17.86	1.969702
17.88	2.368412
17.9	1.961891
17.92	2.363602
17.94	1.964506
17.96	2.367566
17.98	1.977839
18	2.380535
18.02	2.002002
18.04	2.402639
18.06	2.433906
18.08	2.082432
18.1	2.474261
18.12	2.138123
18.14	2.523537
18.16	2.203549
18.18	2.581491
18.2	2.278176
18.22	2.647815
18.24	2.361428
18.26	2.722156
18.28	2.452712
18.3	2.551445
18.32	2.893327
18.34	2.657068
18.36	2.98935
18.38	2.769052
18.4	3.091794
18.42	2.886909
18.44	3.200272
18.46	3.010194
18.48	3.314414
18.5	3.138504
18.52	3.271475
18.54	3.558321
18.56	3.408783
18.58	3.687461
18.6	3.550139
18.62	3.821017
18.64	3.695287
18.66	3.843996
18.68	4.100385
18.7	4.245758
18.72	4.151312
18.74	4.394663
18.76	4.309577
18.78	4.546928
18.8	4.470719
18.82	4.702396
18.84	4.63461
18.86	4.801137
18.88	5.022389
18.9	4.9702
18.92	5.186668
18.94	5.141706
18.96	5.315577
18.98	5.523267
19	5.491737
19.02	5.695403
19.04	5.670122
19.06	5.869987
19.08	5.850672
19.1	6.046949
19.12	6.033334
19.14	6.226223
19.16	6.21806
19.18	6.404806
19.2	6.591472
19.22	6.593532
19.24	6.777342
19.26	6.7842
19.28	6.965312
19.3	6.976779
19.32	7.155341
19.34	7.171237
19.36	7.367547
19.38	7.541422
19.4	7.565683
19.42	7.737406
19.44	7.765622
19.46	7.967343
19.48	8.135109
19.5	8.170824
19.52	8.336774
19.54	8.376048
19.56	8.582998
19.58	8.745609
19.6	8.791658
19.62	8.952737
19.64	9.002014
19.66	9.161644
19.68	9.21405
19.7	9.372313
19.72	9.427756
19.74	9.523043
19.76	9.608189
19.78	9.65239
19.8	9.696719
19.82	9.741231
19.84	9.785985
19.86	9.831043
19.88	9.876474
19.9	9.922345
19.92	9.968731
19.94	10.06335
19.96	10.11175
19.98	10.16231
20	10.23483
20.02	10.30516
20.04	10.31839
20.06	10.41472
20.08	10.43203
20.1	10.52113
20.12	10.53445
20.14	10.58787
20.16	10.64993
20.18	10.65696
20.2	10.71491
20.22	10.73318
20.24	10.76733
20.26	10.74654
20.28	10.74004
20.3	10.73137
20.32	10.72465
20.34	10.72047
20.36	10.71706
20.38	10.71405
20.4	10.71142
20.42	10.70731
20.44	10.70583
20.46	10.70461
20.48	10.70252
20.5	10.71612
20.52	10.7022
20.54	10.6941
20.56	10.70767
20.58	10.69677
20.6	10.68666
20.62	10.678
20.64	10.66965
20.66	10.66161
20.68	10.65389
20.7	10.63941
20.72	10.63265
20.74	10.62621
20.76	10.62009
20.78	10.61428
20.8	10.6088
20.82	10.60364
20.84	10.5988
20.86	10.59427
20.88	10.59007
20.9	10.58618
20.92	10.57936
20.94	10.57642
20.96	10.57381
20.98	10.57152
21	10.56954
21.02	10.56788
21.04	10.56654
21.06	10.56551
21.08	10.56481
21.1	10.56441
21.12	10.56434
21.14	10.56458
21.16	10.56601
21.18	10.5672
21.2	10.56871
21.22	10.57053
21.24	10.57267
21.26	10.57513
21.28	10.5779
21.3	10.58099
21.32	10.58439
21.34	10.58812
21.36	10.59215
21.38	10.59651
21.4	10.60122
21.42	10.61158
21.44	10.61723
21.46	10.62321
21.48	10.62951
21.5	10.63612
21.52	10.64304
21.54	10.6503
21.56	10.65787
21.58	10.66575
21.6	10.67396
21.62	10.68249
21.64	10.69132
21.66	10.70049
21.68	10.71977
21.7	10.72989
21.72	10.74033
21.74	10.75109
21.76	10.76217
21.78	10.77356
21.8	10.78528
21.82	10.79732
21.84	10.80509
21.86	10.81104
21.88	10.81665
21.9	10.82231
21.92	10.82811
21.94	10.84769
21.96	10.85135
21.98	10.86461
22	10.86877
22.02	10.88217
22.04	10.88616
22.06	10.89259
22.08	10.89806
22.1	10.895
22.12	10.89147
22.14	10.88768
22.16	10.87996
22.18	10.87614
22.2	10.87238
22.22	10.86868
22.24	10.86506
22.26	10.86152
22.28	10.85797
22.3	10.85452
22.32	10.85114
22.34	10.84784
22.36	10.84464
22.38	10.84118
22.4	10.83792
22.42	10.8348
22.44	10.83177
22.46	10.82882
22.48	10.82317
22.5	10.8204
22.52	10.81773
22.54	10.81512
22.56	10.81258
22.58	10.81011
22.6	10.80774
22.62	10.80545
22.64	10.80282
22.66	10.80046
22.68	10.79827
22.7	10.79616
22.72	10.79216
22.74	10.79027
22.76	10.78847
22.78	10.78675
22.8	10.78512
22.82	10.78352
22.84	10.782
22.86	10.78052
22.88	10.7791
22.9	10.77774
22.92	10.77521
22.94	10.77405
22.96	10.77295
22.98	10.77193
23	10.77099
23.02	10.77012
23.04	10.76933
23.06	10.76861
23.08	10.76798
23.1	10.76743
23.12	10.76601
23.14	10.76558
23.16	10.76522
23.18	10.76483
23.2	10.81203
23.22	10.84897
23.24	10.87378
23.26	10.86225
23.28	10.85257
23.3	10.84275
23.32	10.82671
23.34	10.82109
23.36	10.81558
23.38	10.81017
23.4	10.80483
23.42	10.79956
23.44	10.79438
23.46	10.78927
23.48	10.78421
23.5	10.77925
23.52	10.77435
23.54	10.76951
23.56	10.76476
23.58	10.76008
23.6	10.75546
23.62	10.7509
23.64	10.74203
23.66	10.73769
23.68	10.73343
23.7	10.72924
23.72	10.72511
23.74	10.72104
23.76	10.71704
23.78	10.71313
23.8	10.70927
23.82	10.70548
23.84	10.70176
23.86	10.69455
23.88	10.69103
23.9	10.68758
23.92	10.6842
23.94	10.68088
23.96	10.67764
23.98	10.67447
24	10.67136
24.02	10.66534
24.04	10.66243
24.06	10.65958
24.08	10.65679
24.1	10.65407
24.12	10.65143
24.14	10.64885
24.16	10.64634
24.18	10.64151
24.2	10.63919
24.22	10.63694
24.24	10.63475
24.26	10.63263
24.28	10.63058
24.3	10.6286
24.32	10.62668
24.34	10.62483
24.36	10.62304
24.38	10.61968
24.4	10.61809
24.42	10.61658
24.44	10.61513
24.46	10.61375
24.48	10.61244
24.5	10.61119
24.52	10.61
24.54	10.60888
24.56	10.60783
24.58	10.60684
24.6	10.60593
24.62	10.60431
24.64	10.60361
24.66	10.60294
24.68	10.60235
24.7	10.60183
24.72	10.60139
24.74	10.60071
24.76	10.60048
24.78	10.60029
24.8	10.60018
24.82	10.60015
24.84	10.60018
24.86	10.60029
24.88	10.60045
24.9	10.60098
24.92	10.60136
24.94	10.60182
24.96	10.60233
24.98	10.60291
25	10.60357
25.02	10.60431
25.04	10.6051
25.06	10.60596
25.08	10.6069
25.1	10.60793
25.12	10.609
25.14	10.6114
25.16	10.61269
25.18	10.61406
25.2	10.61552
25.22	10.61706
25.24	10.61865
25.26	10.62033
25.28	10.62206
25.3	10.62388
25.32	10.62579
25.34	10.62776
25.36	10.62981
25.38	10.63195
25.4	10.63643
25.42	10.6388
25.44	10.64123
25.46	10.64375
25.48	10.64634
25.5	10.64902
25.52	10.65179
25.54	10.65462
25.56	10.65754
25.58	10.66361
25.6	10.66679
25.62	10.67003
25.64	10.67109
25.66	10.66962
25.68	10.66777
25.7	10.66581
25.72	10.66366
25.74	10.66152
25.76	10.65939
25.78	10.65725
25.8	10.6551
25.82	10.65295
25.84	10.65077
25.86	10.6486
25.88	10.64429
25.9	10.64214
25.92	10.64
25.94	10.63789
25.96	10.63581
25.98	10.63377
26	10.63172
26.02	10.6297
26.04	10.62769
26.06	10.6257
26.08	10.62137
26.1	10.61932
26.12	10.61728
26.14	10.61525
26.16	10.61323
26.18	10.60911
26.2	10.60712
26.22	10.60515
26.24	10.60319
26.26	10.60127
26.28	10.59755
26.3	10.59576
26.32	10.59397
26.34	10.59223
26.36	10.59049
26.38	10.58877
26.4	10.58708
26.42	10.58503
26.44	10.58324
26.46	10.57976
26.48	10.57802
26.5	10.5763
26.52	10.57458
26.54	10.57278
26.56	10.57108
26.58	10.5694
26.6	10.56775
26.62	10.56612
26.64	10.56452
26.66	10.56142
26.68	10.55994
26.7	10.55851
26.72	10.55708
26.74	10.5557
26.76	10.55431
26.78	10.55294
26.8	10.55158
26.82	10.54894
26.84	10.54727
26.86	10.54587
26.88	10.54452
26.9	10.54317
26.92	10.54183
26.94	10.53916
26.96	10.53783
26.98	10.53642
27	10.5351
27.02	10.5338
27.04	10.53252
27.06	10.53126
27.08	10.53002
27.1	10.52881
27.12	10.52763
27.14	10.52535
27.16	10.52428
27.18	10.52324
27.2	10.52225
27.22	10.52132
27.24	10.52037
27.26	10.51947
27.28	10.51857
27.3	10.51766
27.32	10.51589
27.34	10.51503
27.36	10.51419
27.38	10.51337
27.4	10.51257
27.42	10.51179
27.44	10.51065
27.46	10.50978
27.48	10.50896
27.5	10.50815
27.52	10.50733
27.54	10.50651
27.56	10.50487
27.58	10.50405
27.6	10.50323
27.62	10.50242
27.64	10.5016
27.66	10.50071
27.68	10.4999
27.7	10.49911
27.72	10.49833
27.74	10.49756
27.76	10.49681
27.78	10.49534
27.8	10.49464
27.82	10.49395
27.84	10.49329
27.86	10.49265
27.88	10.49203
27.9	10.49144
27.92	10.49087
27.94	10.49033
27.96	10.48982
27.98	10.48935
28	10.4889
28.02	10.48812
28.04	10.48778
28.06	10.48747
28.08	10.41778
28.1	10.32465
28.12	10.23461
28.14	10.15317
28.16	10.08155
28.18	10.02009
28.2	9.96894
28.22	9.729012
28.24	9.902787
28.26	9.672451
28.28	9.645721
28.3	9.631274
28.32	9.616323
28.34	9.601039
28.36	9.585596
28.38	9.570179
28.4	9.554977
28.42	9.540185
28.44	9.526005
28.46	9.398495
28.48	9.468224
28.5	9.474073
28.52	9.477106
28.54	9.479649
28.56	9.482178
28.58	9.484789
28.6	9.490314
28.62	9.493236
28.64	9.496262
28.66	9.499395
28.68	9.502635
28.7	9.50598
28.72	9.50943
28.74	9.51665
28.76	9.520421
28.78	9.524297
28.8	9.528278
28.82	9.532365
28.84	9.536557
28.86	9.540859
28.88	9.545266
28.9	9.549779
28.92	9.554398
28.94	9.56396
28.96	9.568899
28.98	9.573945
29	9.579097
29.02	9.584358
29.04	9.589725
29.06	9.595198
29.08	9.60078
29.1	9.606469
29.12	9.612265
29.14	9.624177
29.16	9.630295
29.18	9.636518
29.2	9.642853
29.22	9.655842
29.24	9.662496
29.26	9.66926
29.28	9.676132
29.3	9.683114
29.32	9.690203
29.34	9.697399
29.36	9.704704
29.38	9.712118
29.4	9.719639
29.42	9.72727
29.44	9.742858
29.46	9.750816
29.48	9.758883
29.5	9.76706
29.52	9.775346
29.54	9.783739
29.56	9.792243
29.58	9.800856
29.6	9.818414
29.62	9.827355
29.64	9.836409
29.66	9.845571
29.68	9.850099
29.7	9.850635
29.72	9.850288
29.74	9.849882
29.76	9.848962
29.78	9.848489
29.8	9.84801
29.82	9.847526
29.84	9.847034
29.86	9.846539
29.88	9.846036
29.9	9.845529
29.92	9.845016
29.94	9.843973
29.96	9.843445
29.98	9.842911
30	9.842372
30.02	9.841827
30.04	9.84128
30.06	9.840728
30.08	9.839613
30.1	9.83905
30.12	9.83849
30.14	9.837924
30.16	9.837356
30.18	9.836784
30.2	9.835639
30.22	9.835062
30.24	9.834482
30.26	9.833901
30.28	9.83332
30.3	9.832735
30.32	9.831566
30.34	9.830981
30.36	9.830397
30.38	9.829813
30.4	9.829231
30.42	9.828652
30.44	9.827495
30.46	9.826901
30.48	9.826302
30.5	9.825698
30.52	9.825088
30.54	9.824474
30.56	9.823854
30.58	9.82323
30.6	9.821967
30.62	9.82133
30.64	9.820688
30.66	9.820043
30.68	9.819394
30.7	9.818743
30.72	9.818089
30.74	9.817434
30.76	9.816777
30.78	9.816127
30.8	9.815467
30.82	9.814138
30.84	9.813471
30.86	9.812802
30.88	9.812132
30.9	9.81146
30.92	9.81079
30.94	9.81012
30.96	9.80945
30.98	9.808783
31	9.808117
31.02	9.806797
31.04	9.80614
31.06	9.80552
31.08	9.804865
31.1	9.804196
31.12	9.803523
31.14	9.802845
31.16	9.802162
31.18	9.801476
31.2	9.800786
31.22	9.799398
31.24	9.798699
31.26	9.797999
31.28	9.797297
31.3	9.796595
31.32	9.795889
31.34	9.795066
31.36	9.79432
31.38	9.793591
31.4	9.792859
31.42	9.792125
31.44	9.790648
31.46	9.789905
31.48	9.789161
31.5	9.788415
31.52	9.787669
31.54	9.786923
31.56	9.785437
31.58	9.784696
31.6	9.783961
31.62	9.783231
31.64	9.782537
31.66	9.781063
31.68	9.780314
31.7	9.779561
31.72	9.778805
31.74	9.778045
31.76	9.777282
31.78	9.776516
31.8	9.775747
31.82	9.774978
31.84	9.774206
31.86	9.772661
31.88	9.771765
31.9	9.770952
31.92	9.770151
31.94	9.76935
31.96	9.768546
31.98	9.767741
32	9.766933
32.02	9.766124
32.04	9.764502
32.06	9.763692
32.08	9.762883
32.1	9.762076
32.12	9.761273
32.14	9.760475
32.16	9.759717
32.18	9.758922
32.2	9.758113
32.22	9.757299
32.24	9.75566
32.26	9.754836
32.28	9.75401
32.3	9.753181
32.32	9.752351
32.34	9.75152
32.36	9.750689
32.38	9.749857
32.4	9.748023
32.42	9.747162
32.44	9.746302
32.46	9.745439
32.48	9.744575
32.5	9.743708
32.52	9.742841
32.54	9.741974
32.56	9.741107
32.58	9.739378
32.6	9.738518
32.62	9.737669
32.64	9.736804
32.66	9.735933
32.68	9.735056
32.7	9.73329
32.72	9.7324
32.74	9.731506
32.76	9.730609
32.78	9.72971
32.8	9.728806
32.82	9.726997
32.84	9.726101
32.86	9.725198
32.88	9.724293
32.9	9.723386
32.92	9.722477
32.94	9.721568
32.96	9.72066
32.98	9.718847
33	9.717944
33.02	9.717045
33.04	9.716151
33.06	9.715268
33.08	9.714369
33.1	9.713464
33.12	9.711637
33.14	9.710717
33.16	9.709794
33.18	9.708866
33.2	9.707935
33.22	9.707003
33.24	9.706068
33.26	9.704194
33.28	9.703268
33.3	9.702336
33.32	9.701402
33.34	9.700465
33.36	9.699529
33.38	9.698592
33.4	9.696722
33.42	9.695792
33.44	9.694865
33.46	9.693942
33.48	9.693075
33.5	9.692168
33.52	9.691251
33.54	9.690289
33.56	9.689316
33.58	9.688365
33.6	9.68646
33.62	9.685504
33.64	9.684544
33.66	9.683579
33.68	9.682612
33.7	9.681649
33.72	9.680679
33.74	9.679709
33.76	9.678739
33.78	9.67777
33.8	9.675838
33.82	9.674871
33.84	9.673907
33.86	9.672944
33.88	9.671984
33.9	9.671075
33.92	9.670128
33.94	9.669168
33.96	9.668203
33.98	9.66627
34	9.665304
34.02	9.664279
34.04	9.663238
34.06	9.662234
34.08	9.661235
34.1	9.660234
34.12	9.659236
34.14	9.657226
34.16	9.656217
34.18	9.65521
34.2	9.654202
34.22	9.653196
34.24	9.652195
34.26	9.651198
34.28	9.650206
34.3	9.649253
34.32	9.647265
34.34	9.646263
34.36	9.645257
34.38	9.64425
34.4	9.643242
34.42	9.642234
34.44	9.641225
34.46	9.639143
34.48	9.638048
34.5	9.637001
34.52	9.635962
34.54	9.634923
34.56	9.633882
34.58	9.632838
34.6	9.631795
34.62	9.630752
34.64	9.628674
34.66	9.627691
34.68	9.626645
34.7	9.625572
34.72	9.624516
34.74	9.623461
34.76	9.622401
34.78	9.621339
34.8	9.620273
34.82	9.619203
34.84	9.617058
34.86	9.615991
34.88	9.614918
34.9	9.613847
34.92	9.612777
34.94	9.611711
34.96	9.610642
34.98	9.609576
35	9.608511
35.02	9.606442
35.04	9.605396
35.06	9.60434
35.08	9.60328
35.1	9.60222
35.12	9.60111
35.14	9.59998
35.16	9.598885
35.18	9.5967
35.2	9.595609
35.22	9.594513
35.24	9.593414
35.26	9.592315
35.28	9.591216
35.3	9.590118
35.32	9.589024
35.34	9.587935
35.36	9.58685
35.38	9.58473
35.4	9.583641
35.42	9.582549
35.44	9.581455
35.46	9.580361
35.48	9.579268
35.5	9.578176
35.52	9.575925
35.54	9.574741
35.56	9.573608
35.58	9.572485
35.6	9.571362
35.62	9.570236
35.64	9.569112
35.66	9.567986
35.68	9.566863
35.7	9.565743
35.72	9.564682
35.74	9.562401
35.76	9.561265
35.78	9.560128
35.8	9.55899
35.82	9.557848
35.84	9.556704
35.86	9.555556
35.88	9.554408
35.9	9.553266
35.92	9.550973
35.94	9.549829
35.96	9.548691
35.98	9.547549
36	9.546412
36.02	9.545276
36.04	9.544192
36.06	9.543072
36.08	9.540812
36.1	9.53968
36.12	9.538548
36.14	9.537357
36.16	9.536144
36.18	9.534974
36.2	9.533813
36.22	9.532651
36.24	9.531487
36.26	9.530319
36.28	9.527987
36.3	9.526825
36.32	9.525666
36.34	9.524515
36.36	9.523376
36.38	9.522222
36.4	9.52106
36.42	9.519896
36.44	9.518726
36.46	9.516381
36.48	9.515205
36.5	9.51403
36.52	9.512864
36.54	9.511694
36.56	9.510523
36.58	9.50935
36.6	9.508178
36.62	9.507008
36.64	9.504675
36.66	9.503568
36.68	9.502424
36.7	9.501273
36.72	9.500074
36.74	9.498857
36.76	9.497669
36.78	9.496484
36.8	9.495297
36.82	9.492925
36.84	9.491735
36.86	9.490543
36.88	9.489354
36.9	9.488169
36.92	9.486987
36.94	9.48581
36.96	9.483508
36.98	9.482347
37	9.481174
37.02	9.48
37.04	9.478827
37.06	9.476485
37.08	9.475246
37.1	9.473983
37.12	9.472774
37.14	9.471571
37.16	9.470368
37.18	9.469166
37.2	9.467962
37.22	9.466761
37.24	9.465561
37.26	9.464367
37.28	9.463217
37.3	9.460797
37.32	9.459592
37.34	9.458385
37.36	9.457173
37.38	9.455961
37.4	9.454746
37.42	9.453531
37.44	9.452324
37.46	9.451114
37.48	9.4487
37.5	9.447494
37.52	9.44629
37.54	9.445089
37.56	9.443943
37.58	9.442762
37.6	9.440381
37.62	9.439192
37.64	9.437943
37.66	9.436671
37.68	9.435442
37.7	9.433002
37.72	9.43178
37.74	9.430557
37.76	9.429337
37.78	9.428116
37.8	9.426901
37.82	9.425691
37.84	9.423283
37.86	9.422066
37.88	9.420845
37.9	9.419622
37.92	9.41717
37.94	9.415941
37.96	9.414724
37.98	9.413502
38	9.412279
38.02	9.409833
38.04	9.408612
38.06	9.407394
38.08	9.406181
38.1	9.405034
38.12	9.403849
38.14	9.402612
38.16	9.40012
38.18	9.398891
38.2	9.397662
38.22	9.395205
38.24	9.393973
38.26	9.392742
38.28	9.391515
38.3	9.38907
38.32	9.38785
38.34	9.386679
38.36	9.385475
38.38	9.384262
38.4	9.381838
38.42	9.38063
38.44	9.379355
38.46	9.378057
38.48	9.37681
38.5	9.375569
38.52	9.374328
38.54	9.371847
38.56	9.37061
38.58	9.369375
38.6	9.368185
38.62	9.36693
38.64	9.365687
38.66	9.364445
38.68	9.3632
38.7	9.360703
38.72	9.359453
38.74	9.358212
38.76	9.356966
38.78	9.355721
38.8	9.354484
38.82	9.352013
38.84	9.350781
38.86	9.349606
38.88	9.348395
38.9	9.347176
38.92	9.345957
38.94	9.344741
38.96	9.343461
38.98	9.342156
39	9.339652
39.02	9.338405
39.04	9.337156
39.06	9.335909
39.08	9.334662
39.1	9.33342
39.12	9.332184
39.14	9.330994
39.16	9.328494
39.18	9.32725
39.2	9.326003
39.22	9.324755
39.24	9.323504
39.26	9.322254
39.28	9.321012
39.3	9.318524
39.32	9.317287
39.34	9.316054
39.36	9.314821
39.38	9.313592
39.4	9.311216
39.42	9.310002
39.44	9.308787
39.46	9.307576
39.48	9.306297
39.5	9.304995
39.52	9.303741
39.54	9.302499
39.56	9.300014
39.58	9.298772
39.6	9.297531
39.62	9.296296
39.64	9.295105
39.66	9.29385
39.68	9.292606
39.7	9.291363
39.72	9.290118
39.74	9.287623
39.76	9.286375
39.78	9.285136
39.8	9.283895
39.82	9.282655
39.84	9.28142
39.86	9.280186
39.88	9.278954
39.9	9.276569
39.92	9.275353
39.94	9.274137
39.96	9.272926
39.98	9.271646
40	9.270343
40.02	9.267845
40.04	9.266602
40.06	9.265359
40.08	9.264117
40.1	9.262877
40.12	9.261642
40.14	9.260455
40.16	9.257958
40.18	9.256718
40.2	9.255475
40.22	9.254231
40.24	9.252985
40.26	9.250506
40.28	9.249267
40.3	9.24803
40.32	9.246799
40.34	9.245566
40.36	9.244337
40.38	9.24317
40.4	9.241966
40.42	9.240755
40.44	9.238277
40.46	9.236985
40.48	9.235735
40.5	9.234497
40.52	9.233258
40.54	9.232018
40.56	9.230779
40.58	9.229543
40.6	9.228311
40.62	9.227084
40.64	9.225876
40.66	9.224651
40.68	9.223423
40.7	9.220957
40.72	9.219723
40.74	9.218488
40.76	9.217265
40.78	9.216038
40.8	9.214811
40.82	9.213585
40.84	9.212359
40.86	9.211138
40.88	9.208775
40.9	9.20759
40.92	9.206351
40.94	9.205087
40.96	9.203855
40.98	9.202629
41	9.201402
41.02	9.200181
41.04	9.198956
41.06	9.197733
41.08	9.195296
41.1	9.194086
41.12	9.192924
41.14	9.191731
41.16	9.190531
41.18	9.189333
41.2	9.188139
41.22	9.186949
41.24	9.184394
41.26	9.18316
41.28	9.181935
41.3	9.180714
41.32	9.179494
41.34	9.178276
41.36	9.1759
41.38	9.174689
41.4	9.173435
41.42	9.172207
41.44	9.170982
41.46	9.169757
41.48	9.168538
41.5	9.167315
41.52	9.166093
41.54	9.163661
41.56	9.162456
41.58	9.1613
41.6	9.160111
41.62	9.158916
41.64	9.157723
41.66	9.156535
41.68	9.155353
41.7	9.152802
41.72	9.151572
41.74	9.150353
41.76	9.149138
41.78	9.147924
41.8	9.146714
41.82	9.145568
41.84	9.144357
41.86	9.141906
41.88	9.140685
41.9	9.139469
41.92	9.138253
41.94	9.137043
41.96	9.134617
41.98	9.13341
42	9.132206
42.02	9.131011
42.04	9.129869
42.06	9.127511
42.08	9.12633
42.1	9.125155
42.12	9.123986
42.14	9.121456
42.16	9.120238
42.18	9.119033
42.2	9.117831
42.22	9.116632
42.24	9.115435
42.26	9.11311
42.28	9.111881
42.3	9.110678
42.32	9.109476
42.34	9.108275
42.36	9.107075
42.38	9.104686
42.4	9.103493
42.42	9.102304
42.44	9.101122
42.46	9.099941
42.48	9.098822
42.5	9.097667
42.52	9.096506
42.54	9.095349
42.56	9.092967
42.58	9.091712
42.6	9.090518
42.62	9.089332
42.64	9.088149
42.66	9.086967
42.68	9.085788
42.7	9.083494
42.72	9.082284
42.74	9.081099
42.76	9.079917
42.78	9.078734
42.8	9.077551
42.82	9.076377
42.84	9.0752
42.86	9.074026
42.88	9.072857
42.9	9.071695
42.92	9.070583
42.94	9.069441
42.96	9.06715
42.98	9.066012
43	9.064881
43.02	9.063663
43.04	9.062419
43.06	9.061237
43.08	9.06007
43.1	9.057743
43.12	9.056639
43.14	9.055511
43.16	9.054336
43.18	9.053132
43.2	9.051961
43.22	9.050796
43.24	9.049631
43.26	9.048474
43.28	9.046156
43.3	9.045004
43.32	9.043859
43.34	9.042766
43.36	9.041642
43.38	9.040514
43.4	9.039389
43.42	9.037159
43.44	9.035956
43.46	9.034727
43.48	9.033565
43.5	9.032415
43.52	9.03127
43.54	9.030128
43.56	9.029045
43.58	9.026735
43.6	9.025587
43.62	9.024443
43.64	9.023299
43.66	9.022162
43.68	9.021022
43.7	9.019883
43.72	9.018748
43.74	9.016492
43.76	9.015427
43.78	9.014328
43.8	9.013225
43.82	9.012126
43.84	9.010962
43.86	9.009771
43.88	9.008635
43.9	9.006377
43.92	9.005252
43.94	9.004128
43.96	9.003012
43.98	9.001914
44	9.000801
44.02	8.999685
44.04	8.998568
44.06	8.996333
44.08	8.99523
44.1	8.994121
44.12	8.993015
44.14	8.991909
44.16	8.990806
44.18	8.989705
44.2	8.988678
44.22	8.987617
44.24	8.9865
44.26	8.985355
44.28	8.983146
44.3	8.982053
44.32	8.980957
44.34	8.979861
44.36	8.97877
44.38	8.977684
44.4	8.976605
44.42	8.975585
44.44	8.974531
44.46	8.972419
44.48	8.971373
44.5	8.970247
44.52	8.969095
44.54	8.968002
44.56	8.966922
44.58	8.965844
44.6	8.964769
44.62	8.962678
44.64	8.961592
44.66	8.96052
44.68	8.959451
44.7	8.958382
44.72	8.957313
44.74	8.956252
44.76	8.955191
44.78	8.953077
44.8	8.952024
44.82	8.951027
44.84	8.950003
44.86	8.948977
44.88	8.947956
44.9	8.946869
44.92	8.945752
44.94	8.944693
44.96	8.942591
44.98	8.941544
45	8.940499
45.02	8.939502
45.04	8.938443
45.06	8.937399
45.08	8.936357
45.1	8.935315
45.12	8.934274
45.14	8.933241
45.16	8.931175
45.18	8.930149
45.2	8.929124
45.22	8.928158
45.24	8.927164
45.26	8.926168
45.28	8.925178
45.3	8.923029
45.32	8.921998
45.34	8.920976
45.36	8.919957
45.38	8.91894
45.4	8.917926
45.42	8.91696
45.44	8.915933
45.46	8.913909
45.48	8.912898
45.5	8.911888
45.52	8.910888
45.54	8.909886
45.56	8.908886
45.58	8.907892
45.6	8.9069
45.62	8.905009
45.64	8.904046
45.66	8.90309
45.68	8.902063
45.7	8.901008
45.72	8.900009
45.74	8.898036
45.76	8.897054
45.78	8.896073
45.8	8.895144
45.82	8.894152
45.84	8.893173
45.86	8.891223
45.88	8.890248
45.9	8.889284
45.92	8.888319
45.94	8.887355
45.96	8.886398
45.98	8.885442
46	8.884548
46.02	8.883626
46.04	8.881783
46.06	8.880792
46.08	8.879772
46.1	8.878812
46.12	8.877862
46.14	8.876915
46.16	8.875969
46.18	8.875029
46.2	8.873183
46.22	8.872244
46.24	8.871307
46.26	8.870372
46.28	8.869436
46.3	8.868512
46.32	8.867586
46.34	8.866662
46.36	8.865745
46.38	8.864829
46.4	8.863095
46.42	8.862212
46.44	8.861336
46.46	8.860383
46.48	8.859404
46.5	8.858483
46.52	8.857574
46.54	8.855765
46.56	8.854865
46.58	8.854017
46.6	8.853105
46.62	8.852206
46.64	8.851313
46.66	8.850419
46.68	8.849526
46.7	8.847761
46.72	8.846881
46.74	8.846006
46.76	8.845133
46.78	8.844326
46.8	8.842649
46.82	8.841818
46.84	8.840908
46.86	8.83997
46.88	8.839095
46.9	8.838229
46.92	8.837368
46.94	8.836508
46.96	8.835653
46.98	8.833982
47	8.83313
47.02	8.83228
47.04	8.831432
47.06	8.830585
47.08	8.829749
47.1	8.828911
47.12	8.827246
47.14	8.826416
47.16	8.825661
47.18	8.824874
47.2	8.824084
47.22	8.823226
47.24	8.822341
47.26	8.82069
47.28	8.819873
47.3	8.819057
47.32	8.818246
47.34	8.817439
47.36	8.816655
47.38	8.815857
47.4	8.815057
47.42	8.814256
47.44	8.812658
47.46	8.811877
47.48	8.811091
47.5	8.810306
47.52	8.809522
47.54	8.808742
47.56	8.808039
47.58	8.807306
47.6	8.805684
47.62	8.804902
47.64	8.804129
47.66	8.803365
47.68	8.802599
47.7	8.801835
47.72	8.801076
47.74	8.800324
47.76	8.799636
47.78	8.798194
47.8	8.79748
47.82	8.796775
47.84	8.795979
47.86	8.795152
47.88	8.794394
47.9	8.793653
47.92	8.792915
47.94	8.791525
47.96	8.790797
47.98	8.790033
48	8.7893
48.02	8.788574
48.04	8.78785
48.06	8.787136
48.08	8.786419
48.1	8.785707
48.12	8.785
48.14	8.78366
48.16	8.782994
48.18	8.782327
48.2	8.781666
48.22	8.780924
48.24	8.780152
48.26	8.779449
48.28	8.778753
48.3	8.777377
48.32	8.776761
48.34	8.776082
48.36	8.775367
48.38	8.774682
48.4	8.774002
48.42	8.773326
48.44	8.77266
48.46	8.771325
48.48	8.770667
48.5	8.770063
48.52	8.769435
48.54	8.768807
48.56	8.768188
48.58	8.76758
48.6	8.766879
48.62	8.766147
48.64	8.764837
48.66	8.764194
48.68	8.763613
48.7	8.763017
48.72	8.762366
48.74	8.761687
48.76	8.761046
48.78	8.759792
48.8	8.759168
48.82	8.758546
48.84	8.757929
48.86	8.757333
48.88	8.756724
48.9	8.756115
48.92	8.754898
48.94	8.754292
48.96	8.753705
48.98	8.753112
49	8.75252
49.02	8.751928
49.04	8.751401
49.06	8.750854
49.08	8.750308
49.1	8.749052
49.12	8.748461
49.14	8.747887
49.16	8.747313
49.18	8.746742
49.2	8.746174
49.22	8.745658
49.24	8.745079
49.26	8.744517
49.28	8.743401
49.3	8.742845
49.32	8.742302
49.34	8.741756
49.36	8.741218
49.38	8.740678
49.4	8.740204
49.42	8.739704
49.44	8.739205
49.46	8.738716
49.48	8.738144
49.5	8.737004
49.52	8.73648
49.54	8.73596
49.56	8.735442
49.58	8.735002
49.6	8.734492
49.62	8.733947
49.64	8.733433
49.66	8.73243
49.68	8.731932
49.7	8.731436
49.72	8.730946
49.74	8.730456
49.76	8.730035
49.78	8.729589
49.8	8.729141
49.82	8.728633
49.84	8.728093
49.86	8.727134
49.88	8.726663
49.9	8.726193
49.92	8.725729
49.94	8.725287
49.96	8.724833
49.98	8.724379
50	8.723924
50.02	8.723033
50.04	8.722592
50.06	8.72215
50.08	8.72171
50.1	8.721273
50.12	8.720918
50.14	8.720489
50.16	8.720021
50.18	8.719587
50.2	8.718745
50.22	8.718327
50.24	8.717912
50.26	8.717505
50.28	8.717096
50.3	8.716758
50.32	8.716393
50.34	8.716029
50.36	8.715601
50.38	8.715142
50.4	8.714348
50.42	8.71396
50.44	8.713573
50.46	8.713192
50.48	8.712832
50.5	8.712462
50.52	8.71209
50.54	8.711719
50.56	8.71135
50.58	8.710998
50.6	8.710641
50.62	8.709928
50.64	8.709574
50.66	8.709244
50.68	8.708902
50.7	8.70856
50.72	8.708219
50.74	8.707556
50.76	8.707228
50.78	8.7069
50.8	8.706573
50.82	8.70625
50.84	8.70595
50.86	8.705638
50.88	8.705324
50.9	8.705012
50.92	8.704409
50.94	8.704111
50.96	8.703813
50.98	8.703516
51	8.703221
51.02	8.70295
51.04	8.702668
51.06	8.702386
51.08	8.702104
51.1	8.70156
51.12	8.701292
51.14	8.701023
51.16	8.700757
51.18	8.700492
51.2	8.700253
51.22	8.700001
51.24	8.699747
51.26	8.699245
51.28	8.699012
51.3	8.698774
51.32	8.698537
51.34	8.6983
51.36	8.698066
51.38	8.697856
51.4	8.697635
51.42	8.697412
51.44	8.696971
51.46	8.696769
51.48	8.696562
51.5	8.696354
51.52	8.696148
51.54	8.695944
51.56	8.695765
51.58	8.695574
51.6	8.695382
51.62	8.695003
51.64	8.694832
51.66	8.694655
51.68	8.694478
51.7	8.694304
51.72	8.69413
51.74	8.693983
51.76	8.693823
51.78	8.693662
51.8	8.693345
51.82	8.693204
51.84	8.693059
51.86	8.692914
51.88	8.692769
51.9	8.692628
51.92	8.692511
51.94	8.692381
51.96	8.692123
51.98	8.691997
52	8.691888
52.02	8.691774
52.04	8.69166
52.06	8.691547
52.08	8.691437
52.1	8.69135
52.12	8.691253
52.14	8.691154
52.16	8.690963
52.18	8.690886
52.2	8.690804
52.22	8.690721
52.24	8.690639
52.26	8.690559
52.28	8.690505
52.3	8.690439
52.32	8.690308
52.34	8.690244
52.36	8.690198
52.38	8.690148
52.4	8.690097
52.42	8.690047
52.44	8.689999
52.46	8.689977
52.48	8.689943
52.5	8.689907
52.52	8.689842
52.54	8.689829
52.56	8.68981
52.58	8.689791
52.6	8.689773
52.62	8.689756
52.64	8.689767
52.66	8.689764
52.68	8.689761
52.7	8.689759
52.72	8.68976
52.74	8.689792
52.76	8.689805
52.78	8.689818
52.8	8.689835
52.82	8.689876
52.84	8.689905
52.86	8.689934
52.88	8.689965
52.9	8.689998
52.92	8.690048
52.94	8.690139
52.96	8.690185
52.98	8.690233
53	8.690307
53.02	8.690368
53.04	8.69043
53.06	8.690492
53.08	8.690557
53.1	8.69064
53.12	8.690795
53.14	8.690874
53.16	8.690954
53.18	8.691059
53.2	8.691154
53.22	8.691248
53.24	8.691343
53.26	8.69144
53.28	8.691666
53.3	8.691775
53.32	8.691886
53.34	8.691998
53.36	8.692136
53.38	8.692263
53.4	8.692389
53.42	8.692517
53.44	8.692647
53.46	8.692795
53.48	8.69308
53.5	8.693223
53.52	8.693368
53.54	8.693538
53.56	8.693697
53.58	8.693856
53.6	8.694016
53.62	8.694179
53.64	8.69436
53.66	8.69471
53.68	8.694885
53.7	8.695063
53.72	8.695267
53.74	8.695457
53.76	8.695649
53.78	8.695843
53.8	8.696037
53.82	8.696459
53.84	8.696666
53.86	8.696875
53.88	8.697084
53.9	8.69732
53.92	8.697544
53.94	8.697769
53.96	8.697995
53.98	8.698222
54	8.698468
54.02	8.69895
54.04	8.699191
54.06	8.699433
54.08	8.699702
54.1	8.699959
54.12	8.700216
54.14	8.700475
54.16	8.700735
54.18	8.701015
54.2	8.701561
54.22	8.701835
54.24	8.70211
54.26	8.702411
54.28	8.702701
54.3	8.702991
54.32	8.703283
54.34	8.703576
54.36	8.704195
54.38	8.7045
54.4	8.704807
54.42	8.705115
54.44	8.70545
54.46	8.705771
54.48	8.706095
54.5	8.70642
54.52	8.706746
54.54	8.707431
54.56	8.707769
54.58	8.708109
54.6	8.708517
54.62	8.708909
54.64	8.709245
54.66	8.709551
54.68	8.7099
54.7	8.710266
54.72	8.710999
54.74	8.711371
54.76	8.711766
54.78	8.712151
54.8	8.712535
54.82	8.712922
54.84	8.71331
54.86	8.714119
54.88	8.71452
54.9	8.714922
54.92	8.715393
54.94	8.715848
54.96	8.716245
54.98	8.716614
55	8.717025
55.02	8.717884
55.04	8.718314
55.06	8.718748
55.08	8.719205
55.1	8.719651
55.12	8.720099
55.14	8.720549
55.16	8.721001
55.18	8.721471
55.2	8.7224
55.22	8.722865
55.24	8.723401
55.26	8.723919
55.28	8.72438
55.3	8.724812
55.32	8.725286
55.34	8.72578
55.36	8.726273
55.38	8.727264
55.4	8.727785
55.42	8.728296
55.44	8.728807
55.46	8.729321
55.48	8.729837
55.5	8.730372
55.52	8.730902
55.54	8.731429
55.56	8.731957
55.58	8.733141
55.6	8.733665
55.62	8.734161
55.64	8.734701
55.66	8.735259
55.68	8.735815
55.7	8.736374
55.72	8.736937
55.74	8.737521
55.76	8.738673
55.78	8.739252
55.8	8.739833
55.82	8.740433
55.84	8.741027
55.86	8.741619
55.88	8.742213
55.9	8.742879
55.92	8.743526
55.94	8.744116
55.96	8.745281
55.98	8.745904
56	8.746526
56.02	8.747149
56.04	8.747777
56.06	8.748427
56.08	8.749068
56.1	8.74971
56.12	8.750354
56.14	8.751
56.16	8.752325
56.18	8.752983
56.2	8.753642
56.22	8.754373
56.24	8.755087
56.26	8.755742
56.28	8.756367
56.3	8.757037
56.32	8.758414
56.34	8.759103
56.36	8.759796
56.38	8.760512
56.4	8.761219
56.42	8.761927
56.44	8.762637
56.46	8.763349
56.48	8.76408
56.5	8.76553
56.52	8.766253
56.54	8.767051
56.56	8.767832
56.58	8.768551
56.6	8.769242
56.62	8.769979
56.64	8.771488
56.66	8.772243
56.68	8.773003
56.7	8.773785
56.72	8.775331
56.74	8.776108
56.76	8.776886
56.78	8.777683
56.8	8.778474
56.82	8.779265
56.84	8.780919
56.86	8.781767
56.88	8.782552
56.9	8.78331
56.92	8.784113
56.94	8.784933
56.96	8.786575
56.98	8.787401
57	8.78825
57.02	8.789088
57.04	8.789928
57.06	8.790771
57.08	8.791615
57.1	8.79248
57.12	8.794195
57.14	8.795052
57.16	8.795982
57.18	8.796896
57.2	8.797748
57.22	8.798573
57.24	8.799441
57.26	8.800329
57.28	8.802104
57.3	8.802996
57.32	8.803911
57.34	8.804817
57.36	8.805724
57.38	8.806633
57.4	8.807545
57.42	8.808475
57.44	8.8094
57.46	8.810324
57.48	8.811246
57.5	8.813224
57.52	8.814142
57.54	8.815032
57.56	8.815969
57.58	8.816923
57.6	8.817878
57.62	8.818832
57.64	8.820772
57.66	8.821744
57.68	8.822718
57.7	8.823694
57.72	8.824672
57.74	8.82567
57.76	8.826661
57.78	8.827651
57.8	8.829705
57.82	8.830752
57.84	8.831737
57.86	8.832694
57.88	8.833696
57.9	8.834718
57.92	8.835738
57.94	8.83676
57.96	8.837785
57.98	8.838833
58	8.839871
58.02	8.840912
58.04	8.842999
58.06	8.844064
58.08	8.845121
58.1	8.846177
58.12	8.847234
58.14	8.848366
58.16	8.84948
58.18	8.850531
58.2	8.851553
58.22	8.852622
58.24	8.85371
58.26	8.854797
58.28	8.855886
58.3	8.856977
58.32	8.859198
58.34	8.860304
58.36	8.861414
58.38	8.862525
58.4	8.863656
58.42	8.864779
58.44	8.865902
58.46	8.867024
58.48	8.86817
58.5	8.869308
58.52	8.870448
58.54	8.87159
58.56	8.872734
58.58	8.873899
58.6	8.875056
58.62	8.876211
58.64	8.877366
58.66	8.879811
58.68	8.880961
58.7	8.882085
58.72	8.883253
58.74	8.884441
58.76	8.885629
58.78	8.886816
58.8	8.888006
58.82	8.88922
58.84	8.891632
58.86	8.89284
58.88	8.894052
58.9	8.895284
58.92	8.896506
58.94	8.897727
58.96	8.89895
58.98	8.901432
59	8.902671
59.02	8.903913
59.04	8.905156
59.06	8.906421
59.08	8.90893
59.1	8.910183
59.12	8.911462
59.14	8.912731
59.16	8.914003
59.18	8.915277
59.2	8.91785
59.22	8.919139
59.24	8.920424
59.26	8.921711
59.28	8.923022
59.3	8.924324
59.32	8.925629
59.34	8.926935
59.36	8.928244
59.38	8.929573
59.4	8.930893
59.42	8.932212
59.44	8.933531
59.46	8.934874
59.48	8.937546
59.5	8.938884
59.52	8.940225
59.54	8.941587
59.56	8.94294
59.58	8.944291
59.6	8.945642
59.62	8.947018
59.64	8.948384
59.66	8.949753
59.68	8.951124
59.7	8.952497
59.72	8.953892
59.74	8.955276
59.76	8.95666
59.78	8.958042
59.8	8.96085
59.82	8.962251
59.84	8.963654
59.86	8.965059
59.88	8.966485
59.9	8.967903
59.92	8.969318
59.94	8.970733
59.96	8.972173
59.98	8.973604
60	8.975038
60.02	8.976474
60.04	8.97791
60.06	8.979369
60.08	8.980818
60.1	8.982265
60.12	8.985184
60.14	8.986648
60.16	8.988112
60.18	8.98958
60.2	8.991049
60.22	8.992538
60.24	8.99402
60.26	8.9955
60.28	8.996978
60.3	8.998482
60.32	8.999977
60.34	9.001474
60.36	9.002973
60.38	9.004475
60.4	9.00751
60.42	9.009021
60.44	9.010531
60.46	9.012066
60.48	9.013593
60.5	9.015121
60.52	9.016653
60.54	9.018186
60.56	9.021284
60.58	9.022827
60.6	9.024368
60.62	9.025935
60.64	9.027494
60.66	9.029054
60.68	9.030617
60.7	9.032181
60.72	9.033767
60.74	9.035343
60.76	9.038491
60.78	9.040089
60.8	9.041678
60.82	9.04327
60.84	9.044865
60.86	9.04646
60.88	9.049685
60.9	9.051291
60.92	9.052895
60.94	9.054523
60.96	9.056146
60.98	9.059394
61	9.061021
61.02	9.06267
61.04	9.064309
61.06	9.06758
61.08	9.069241
61.1	9.070893
61.12	9.072548
61.14	9.074205
61.16	9.075863
61.18	9.079213
61.2	9.080881
61.22	9.082548
61.24	9.084239
61.26	9.087607
61.28	9.089296
61.3	9.090986
61.32	9.092696
61.34	9.094397
61.36	9.096096
61.38	9.097794
61.4	9.101231
61.42	9.102947
61.44	9.104667
61.46	9.106386
61.48	9.108128
61.5	9.10986
61.52	9.111589
61.54	9.113318
61.56	9.115071
61.58	9.116817
61.6	9.118564
61.62	9.120314
61.64	9.122065
61.66	9.123837
61.68	9.125599
61.7	9.12736
61.72	9.129119
61.74	9.132678
61.76	9.134456
61.78	9.136236
61.8	9.138019
61.82	9.139822
61.84	9.141614
61.86	9.143405
61.88	9.147009
61.9	9.148815
61.92	9.150623
61.94	9.152434
61.96	9.154246
61.98	9.15608
62	9.157904
62.02	9.161545
62.04	9.163389
62.06	9.165225
62.08	9.167064
62.1	9.168905
62.12	9.170749
62.14	9.172611
62.16	9.174465
62.18	9.176317
62.2	9.178166
62.22	9.180041
62.24	9.181908
62.26	9.183777
62.28	9.185648
62.3	9.187521
62.32	9.189414
62.34	9.19318
62.36	9.19506
62.38	9.196964
62.4	9.198861
62.42	9.20076
62.44	9.202662
62.46	9.204565
62.48	9.206488
62.5	9.208402
62.52	9.210314
62.54	9.212223
62.56	9.214157
62.58	9.216084
62.6	9.218012
62.62	9.221877
62.64	9.223829
62.66	9.225774
62.68	9.227715
62.7	9.229654
62.72	9.231618
62.74	9.233575
62.76	9.235533
62.78	9.237494
62.8	9.24144
62.82	9.243413
62.84	9.245383
62.86	9.247354
62.88	9.249346
62.9	9.251331
62.92	9.25332
62.94	9.255311
62.96	9.257302
62.98	9.259315
63	9.261318
63.02	9.263318
63.04	9.265317
63.06	9.267339
63.08	9.269354
63.1	9.271371
63.12	9.275413
63.14	9.277454
63.16	9.279487
63.18	9.281516
63.2	9.283544
63.22	9.285595
63.24	9.28764
63.26	9.289686
63.28	9.291736
63.3	9.293786
63.32	9.295857
63.34	9.297918
63.36	9.302033
63.38	9.304113
63.4	9.306187
63.42	9.308262
63.44	9.31034
63.46	9.31242
63.48	9.31452
63.5	9.31661
63.52	9.320784
63.54	9.322892
63.56	9.324994
63.58	9.327099
63.6	9.329206
63.62	9.331315
63.64	9.333443
63.66	9.335562
63.68	9.337678
63.7	9.339792
63.72	9.341929
63.74	9.344061
63.76	9.346194
63.78	9.34833
63.8	9.352623
63.82	9.354771
63.84	9.356915
63.86	9.361224
63.88	9.363384
63.9	9.365546
63.92	9.36771
63.94	9.369875
63.96	9.372062
63.98	9.37641
64	9.378581
64.02	9.380775
64.04	9.382962
64.06	9.385152
64.08	9.38954
64.1	9.391752
64.12	9.393957
64.14	9.396158
64.16	9.398357
64.18	9.400579
64.2	9.402796
64.22	9.405014
64.24	9.407234
64.26	9.409456
64.28	9.413931
64.3	9.41616
64.32	9.418386
64.34	9.420637
64.36	9.422881
64.38	9.425127
64.4	9.427376
64.42	9.429626
64.44	9.431896
64.46	9.434156
64.48	9.436412
64.5	9.438668
64.52	9.440946
64.54	9.443217
64.56	9.447767
64.58	9.450045
64.6	9.452343
64.62	9.454631
64.64	9.456916
64.66	9.459198
64.68	9.461503
64.7	9.463802
64.72	9.466104
64.74	9.470714
64.76	9.473038
64.78	9.475353
64.8	9.477666
64.82	9.479976
64.84	9.482308
64.86	9.484635
64.88	9.486964
64.9	9.489296
64.92	9.491629
64.94	9.496325
64.96	9.498663
64.98	9.501
65	9.50336
65.02	9.505714
65.04	9.508071
65.06	9.510429
65.08	9.515169
65.1	9.517539
65.12	9.519905
65.14	9.52227
65.16	9.524657
65.18	9.527038
65.2	9.529421
65.22	9.531808
65.24	9.534194
65.26	9.536601
65.28	9.538999
65.3	9.541391
65.32	9.543783
65.34	9.546197
65.36	9.548605
65.38	9.551015
65.4	9.555841
65.42	9.558275
65.44	9.560699
65.46	9.563119
65.48	9.565536
65.5	9.567977
65.52	9.570413
65.54	9.572849
65.56	9.575289
65.58	9.58019
65.6	9.58264
65.62	9.585086
65.64	9.587531
65.66	9.589998
65.68	9.592459
65.7	9.594922
65.72	9.597389
65.74	9.599855
65.76	9.602343
65.78	9.604819
65.8	9.609763
65.82	9.612257
65.84	9.614744
65.86	9.617234
65.88	9.619726
65.9	9.62222
65.92	9.624732
65.94	9.627235
65.96	9.629735
65.98	9.634751
66	9.637265
66.02	9.639781
66.04	9.642299
66.06	9.644818
66.08	9.647357
66.1	9.649886
66.12	9.652411
66.14	9.654935
66.16	9.65748
66.18	9.66002
66.2	9.665106
66.22	9.667651
66.24	9.670217
66.26	9.672771
66.28	9.675323
66.3	9.677872
66.32	9.680443
66.34	9.683007
66.36	9.685575
66.38	9.688146
66.4	9.693307
66.42	9.695889
66.44	9.698465
66.46	9.701039
66.48	9.703636
66.5	9.706226
66.52	9.70882
66.54	9.711416
66.56	9.714013
66.58	9.716628
66.6	9.719234
66.62	9.724437
66.64	9.727058
66.66	9.729675
66.68	9.732294
66.7	9.734915
66.72	9.737537
66.74	9.740179
66.76	9.74281
66.78	9.745438
66.8	9.748062
66.82	9.75071
66.84	9.753351
66.86	9.755995
66.88	9.761289
66.9	9.763955
66.92	9.766612
66.94	9.769265
66.96	9.771914
66.98	9.774587
67	9.777253
67.02	9.779922
67.04	9.782594
67.06	9.787957
67.08	9.790639
67.1	9.793317
67.12	9.795992
67.14	9.798689
67.16	9.801379
67.18	9.804072
67.2	9.80677
67.22	9.809467
67.24	9.812183
67.26	9.817592
67.28	9.820292
67.3	9.823012
67.32	9.825728
67.34	9.828447
67.36	9.831168
67.38	9.83389
67.4	9.836631
67.42	9.839362
67.44	9.842089
67.46	9.844813
67.48	9.850299
67.5	9.853042
67.52	9.855787
67.54	9.858534
67.56	9.8613
67.58	9.864055
67.6	9.866805
67.62	9.869555
67.64	9.872324
67.66	9.877855
67.68	9.880627
67.7	9.883396
67.72	9.886186
67.74	9.888966
67.76	9.891741
67.78	9.894513
67.8	9.897307
67.82	9.900096
67.84	9.902887
67.86	9.905682
67.88	9.911289
67.9	9.914093
67.92	9.916892
67.94	9.919688
67.96	9.922506
67.98	9.92532
68	9.928135
68.02	9.930952
68.04	9.933771
68.06	9.936608
68.08	9.939436
68.1	9.942259
68.12	9.94792
68.14	9.950757
68.16	9.953596
68.18	9.956437
68.2	9.95928
68.22	9.962141
68.24	9.964993
68.26	9.967838
68.28	9.970683
68.3	9.976408
68.32	9.97927
68.34	9.982136
68.36	9.985002
68.38	9.987885
68.4	9.990761
68.42	9.993631
68.44	9.996498
68.46	9.999386
68.48	10.00227
68.5	10.00804
68.52	10.01093
68.54	10.01384
68.56	10.01674
68.58	10.01963
68.6	10.02252
68.62	10.02543
68.64	10.02834
68.66	10.03125
68.68	10.03416
68.7	10.03707
68.72	10.04293
68.74	10.04584
68.76	10.04876
68.78	10.05169
68.8	10.05462
68.82	10.05755
68.84	10.06049
68.86	10.06342
68.88	10.06638
68.9	10.06932
68.92	10.07226
68.94	10.07815
68.96	10.08111
68.98	10.08406
69	10.08702
69.02	10.08998
69.04	10.09295
69.06	10.09592
69.08	10.09888
69.1	10.10184
69.12	10.10482
69.14	10.11077
69.16	10.11375
69.18	10.11673
69.2	10.11973
69.22	10.12272
69.24	10.12571
69.26	10.12869
69.28	10.13169
69.3	10.13469
69.32	10.13769
69.34	10.14069
69.36	10.14369
69.38	10.14672
69.4	10.14973
69.42	10.15574
69.44	10.15876
69.46	10.16178
69.48	10.1648
69.5	10.16783
69.52	10.17085
69.54	10.1739
69.56	10.17693
69.58	10.17996
69.6	10.18299
69.62	10.18907
69.64	10.19212
69.66	10.19517
69.68	10.19821
69.7	10.20128
69.72	10.20434
69.74	10.21043
69.76	10.2135
69.78	10.21657
69.8	10.21963
69.82	10.2227
69.84	10.22577
69.86	10.22886
69.88	10.23194
69.9	10.23501
69.92	10.23808
69.94	10.24117
69.96	10.24425
69.98	10.24734
70	10.25352
70.02	10.25663
70.04	10.25973
70.06	10.26283
70.08	10.26592
70.1	10.26903
70.12	10.27214
70.14	10.27525
70.16	10.27836
70.18	10.28147
70.2	10.2846
70.22	10.28772
70.24	10.29084
70.26	10.29395
70.28	10.30021
70.3	10.30334
70.32	10.30648
70.34	10.30961
70.36	10.31276
70.38	10.3159
70.4	10.31904
70.42	10.32218
70.44	10.32533
70.46	10.32848
70.48	10.33479
70.5	10.33794
70.52	10.34111
70.54	10.34428
70.56	10.34743
70.58	10.35059
70.6	10.35693
70.62	10.36011
70.64	10.36328
70.66	10.36646
70.68	10.36965
70.7	10.37284
70.72	10.37602
70.74	10.37919
70.76	10.38239
70.78	10.38558
70.8	10.38877
70.82	10.39197
70.84	10.39517
70.86	10.40159
70.88	10.40479
70.9	10.40798
70.92	10.4112
70.94	10.41441
70.96	10.41763
70.98	10.42084
71	10.42406
71.02	10.4273
71.04	10.43052
71.06	10.43374
71.08	10.43696
71.1	10.4402
71.12	10.44343
71.14	10.4499
71.16	10.45314
71.18	10.4564
71.2	10.45964
71.22	10.46288
71.24	10.46612
71.26	10.46938
71.28	10.47263
71.3	10.47588
71.32	10.47914
71.34	10.4824
71.36	10.48568
71.38	10.48894
71.4	10.4922
71.42	10.49874
71.44	10.50201
71.46	10.50529
71.48	10.50857
71.5	10.51184
71.52	10.51514
71.54	10.51843
71.56	10.52498
71.58	10.52828
71.6	10.53158
71.62	10.53487
71.64	10.53817
71.66	10.54147
71.68	10.54478
71.7	10.54809
71.72	10.55139
71.74	10.55469
71.76	10.558
71.78	10.56463
71.8	10.56795
71.82	10.57127
71.84	10.57461
71.86	10.57793
71.88	10.58125
71.9	10.58457
71.92	10.5879
71.94	10.59124
71.96	10.59457
71.98	10.59791
72	10.60125
72.02	10.6046
72.04	10.61129
72.06	10.61462
72.08	10.61798
72.1	10.62133
72.12	10.62469
72.14	10.62805
72.16	10.6314
72.18	10.63478
72.2	10.63814
72.22	10.6415
72.24	10.64486
72.26	10.64823
72.28	10.6516
72.3	10.65498
72.32	10.65835
72.34	10.66173
72.36	10.66851
72.38	10.67189
72.4	10.67526
72.42	10.67866
72.44	10.68205
72.46	10.68544
72.48	10.68884
72.5	10.69223
72.52	10.69565
72.54	10.69905
72.56	10.70245
72.58	10.70584
72.6	10.71266
72.62	10.71607
72.64	10.71949
72.66	10.72291
72.68	10.72634
72.7	10.72976
72.72	10.73318
72.74	10.74002
72.76	10.74345
72.78	10.74688
72.8	10.75031
72.82	10.75375
72.84	10.7572
72.86	10.76064
72.88	10.76407
72.9	10.7675
72.92	10.77095
72.94	10.7744
72.96	10.77785
72.98	10.7813
73	10.78476
73.02	10.78822
73.04	10.79514
73.06	10.79859
73.08	10.80206
73.1	10.80552
73.12	10.80899
73.14	10.81246
73.16	10.81593
73.18	10.81942
73.2	10.8229
73.22	10.82637
73.24	10.82984
73.26	10.83332
73.28	10.84029
73.3	10.84378
73.32	10.84727
73.34	10.85078
73.36	10.85427
73.38	10.85777
73.4	10.86125
73.42	10.86476
73.44	10.86826
73.46	10.87176
73.48	10.87527
73.5	10.87878
73.52	10.8823
73.54	10.88581
73.56	10.88932
73.58	10.89283
73.6	10.89635
73.62	10.89987
73.64	10.89871
73.66	10.89797
73.68	10.89699
73.7	10.8961
73.72	10.89523
73.74	10.89436
73.76	10.8935
73.78	10.89268
73.8	10.8919
73.82	10.89115
73.84	10.88979
73.86	10.88917
73.88	10.88859
73.9	10.88804
73.92	10.88754
73.94	10.88708
73.96	10.88666
73.98	10.88628
74	10.88594
74.02	10.88564
74.04	10.85018
74.06	10.82767
74.08	10.79265
74.1	10.77406
74.12	10.75509
74.14	10.73577
74.16	10.71613
74.18	10.69619
74.2	10.67598
74.22	10.65633
74.24	10.63702
74.26	10.6179
74.28	10.59883
74.3	10.57989
74.32	10.56098
74.34	10.52345
74.36	10.50484
74.38	10.48626
74.4	10.46781
74.42	10.4494
74.44	10.43111
74.46	10.41287
74.48	10.39476
74.5	10.37669
74.52	10.34085
74.54	10.32308
74.56	10.30536
74.58	10.28777
74.6	10.27022
74.62	10.25281
74.64	10.23544
74.66	10.21821
74.68	10.20103
74.7	10.18398
74.72	10.16698
74.74	10.1333
74.76	10.11663
74.78	10.10199
74.8	10.09375
74.82	10.08909
74.84	10.08362
74.86	10.07676
74.88	10.06838
74.9	10.05844
74.92	9.985625
74.94	9.939896
74.96	9.918117
74.98	9.879423
75	9.8474
75.02	9.821157
75.04	9.810482
75.06	9.806978
75.08	9.798824
75.1	9.794702
75.12	9.78721
75.14	9.78207
75.16	9.775143
75.18	9.768953
75.2	9.636631
75.22	9.531904
75.24	9.431748
75.26	9.34627
75.28	9.282207
75.3	9.115349
75.32	9.223842
75.34	9.058057
75.36	9.180285
75.38	9.109866
75.4	9.044238
75.42	8.983908
75.44	8.929386
75.46	8.881199
75.48	8.839868
75.5	8.821357
75.52	8.818575
75.54	8.814699
75.56	8.806787
75.58	8.798028
75.6	8.789196
75.62	8.7804
75.64	8.771591
75.66	8.762879
75.68	8.75424
75.7	8.745596
75.72	8.72859
75.74	8.720123
75.76	8.711761
75.78	8.703481
75.8	8.695197
75.82	8.687025
75.84	8.678937
75.86	8.670849
75.88	8.662875
75.9	8.654988
75.92	8.647104
75.94	8.639338
75.96	8.631664
75.98	8.623995
76	8.616448
76.02	8.608995
76.04	8.60155
76.06	8.587011
76.08	8.579802
76.1	8.572722
76.12	8.565744
76.14	8.55878
76.16	8.55195
76.18	8.545227
76.2	8.538518
76.22	8.53195
76.24	8.525492
76.26	8.519051
76.28	8.512754
76.3	8.506573
76.32	8.494397
76.34	8.488503
76.36	8.482631
76.38	8.476933
76.4	8.471262
76.42	8.465769
76.44	8.460302
76.46	8.455018
76.48	8.449763
76.5	8.444694
76.52	8.439719
76.54	8.43487
76.56	8.430118
76.58	8.425493
76.6	8.42097
76.62	8.416575
76.64	8.408127
76.66	8.404076
76.68	8.40016
76.7	8.396354
76.72	8.392685
76.74	8.389129
76.76	8.385714
76.78	8.382414
76.8	8.379257
76.82	8.376219
76.84	8.373327
76.86	8.367934
76.88	8.365437
76.9	8.363091
76.92	8.360872
76.94	8.358809
76.96	8.356874
76.98	8.355099
77	8.353456
77.02	8.351918
77.04	8.350446
77.06	8.349262
77.08	8.348217
77.1	8.347339
77.12	8.346601
77.14	8.346034
77.16	8.34561
77.18	8.34536
77.2	8.345327
77.22	8.345548
77.24	8.345948
77.26	8.3465
77.28	8.347235
77.3	8.348124
77.32	8.349197
77.34	8.350429
77.36	8.351849
77.38	8.353427
77.4	8.355198
77.42	8.357131
77.44	8.359259
77.46	8.361215
77.48	8.357855
77.5	8.26327
77.52	8.148835
77.54	8.03792
77.56	7.935491
77.58	7.8427