0.02	9.274923
0.04	10.09611
0.06	11.04239
0.08	11.92495
0.1	12.07866
0.12	12.24268
0.14	12.42162
0.16	12.61581
0.18	12.82485
0.2	13.20705
0.22	13.39946
0.24	13.60274
0.26	13.81657
0.28	14.02904
0.3	13.85265
0.32	13.79844
0.34	13.68297
0.36	13.58138
0.38	13.48486
0.4	13.39016
0.42	13.29659
0.44	13.20404
0.46	13.11252
0.48	12.9329
0.5	12.84508
0.52	12.75859
0.54	12.67344
0.56	12.58963
0.58	12.50715
0.6	12.34613
0.62	12.26758
0.64	12.19033
0.66	12.21762
0.68	12.24838
0.7	12.26156
0.72	12.32703
0.74	12.36095
0.76	12.38847
0.78	12.41456
0.8	12.44018
0.82	12.49057
0.84	12.51534
0.86	12.53979
0.88	12.5639
0.9	12.64514
0.92	12.70484
0.94	12.76505
0.96	12.80686
0.98	12.85321
1	12.84861
1.02	12.84956
1.04	12.86383
1.06	13.04447
1.08	13.19476
1.1	13.33271
1.12	13.44623
1.14	13.56641
1.16	13.84915
1.18	14.00105
1.2	14.15787
1.22	14.328
1.24	14.46892
1.26	14.56755
1.28	14.59423
1.3	14.59792
1.32	14.59928
1.34	14.59952
1.36	14.59921
1.38	14.59789
1.4	14.56721
1.42	14.52656
1.44	14.51637
1.46	14.51457
1.48	14.5143
1.5	14.51401
1.52	14.5128
1.54	14.51207
1.56	14.51156
1.58	14.51106
1.6	14.51053
1.62	14.50996
1.64	13.69668
1.66	13.95901
1.68	13.24123
1.7	13.50201
1.72	12.79156
1.74	12.34763
1.76	12.60614
1.78	11.90942
1.8	12.16736
1.82	11.47698
1.84	11.0504
1.86	11.30878
1.88	10.62988
1.9	10.88948
1.92	10.21569
1.94	9.808221
1.96	10.07291
1.98	9.407996
2	9.67685
2.02	9.015694
2.04	9.29003
2.06	8.63218
2.08	8.913508
2.1	8.548594
2.12	7.896163
2.14	8.196871
2.16	7.860243
2.18	7.217905
2.2	7.561753
2.22	6.905893
2.24	7.280593
2.26	6.613412
2.28	7.019258
2.3	6.34368
2.32	6.100376
2.34	6.567694
2.36	5.88758
2.38	6.383986
2.4	5.70967
2.42	5.571105
2.44	6.118161
2.46	5.476146
2.48	6.042823
2.5	5.428504
2.52	6.00979
2.54	6.143798
2.56	5.647408
2.58	6.296289
2.6	5.827778
2.62	6.475602
2.64	6.032526
2.66	6.256488
2.68	6.890548
2.7	6.496577
2.72	7.121699
2.74	6.750921
2.76	7.014014
2.78	7.618349
2.8	7.280231
2.82	7.87047
2.84	7.553032
2.86	8.133183
2.88	8.39984
2.9	8.112359
2.92	8.668667
2.94	8.393869
2.96	8.675038
2.98	9.208011
3	8.954923
3.02	9.476583
3.04	9.232719
3.06	9.743345
3.08	9.507738
3.1	9.779388
3.12	10.26884
3.14	10.0478
3.16	10.5271
3.18	10.31316
3.2	10.57509
3.22	11.03604
3.24	10.7083
3.26	10.65125
3.28	10.65108
3.3	10.64959
3.32	10.64653
3.34	10.64186
3.36	10.63558
3.38	10.62767
3.4	10.61811
3.42	10.6069
3.44	10.59403
3.46	10.56332
3.48	10.54548
3.5	10.52601
3.52	10.50491
3.54	10.4822
3.56	10.45791
3.58	10.43205
3.6	10.44404
3.62	10.44766
3.64	10.44967
3.66	10.45291
3.68	10.45801
3.7	10.46355
3.72	10.47508
3.74	10.48099
3.76	10.48701
3.78	10.49312
3.8	10.49933
3.82	10.50564
3.84	10.51204
3.86	10.52516
3.88	10.53187
3.9	10.53868
3.92	10.5456
3.94	10.54958
3.96	10.54937
3.98	10.54762
4	10.54354
4.02	10.54136
4.04	10.5391
4.06	10.53675
4.08	10.53431
4.1	10.52935
4.12	10.52664
4.14	10.52388
4.16	10.52107
4.18	10.51817
4.2	10.51519
4.22	10.51222
4.24	10.5059
4.26	10.50266
4.28	10.49933
4.3	10.49591
4.32	10.49255
4.34	10.48902
4.36	10.4745
4.38	10.47291
4.4	10.47727
4.42	10.47791
4.44	10.47668
4.46	10.47354
4.48	10.46848
4.5	10.46153
4.52	10.44201
4.54	10.4295
4.56	10.41518
4.58	10.39909
4.6	10.38124
4.62	10.36446
4.64	10.35124
4.66	10.33891
4.68	10.3149
4.7	10.30311
4.72	10.29145
4.74	10.27988
4.76	10.26847
4.78	10.2572
4.8	10.235
4.82	10.22413
4.84	10.21336
4.86	10.20276
4.88	10.19232
4.9	10.17182
4.92	10.16177
4.94	10.15193
4.96	10.14222
4.98	10.13268
5	10.1233
5.02	10.10503
5.04	10.09614
5.06	10.08743
5.08	10.07889
5.1	10.07051
5.12	10.06233
5.14	10.05432
5.16	10.0465
5.18	10.03887
5.2	10.02417
5.22	10.01712
5.24	10.01026
5.26	10.00362
5.28	9.997165
5.3	9.990932
5.32	9.984902
5.34	9.979097
5.36	9.968139
5.38	9.96299
5.4	9.95808
5.42	9.953393
5.44	9.948952
5.46	9.940779
5.48	9.937055
5.5	9.933591
5.52	9.93037
5.54	9.927418
5.56	9.924713
5.58	9.920113
5.6	9.918224
5.62	9.916599
5.64	9.915265
5.66	9.914202
5.68	9.913436
5.7	9.912949
5.72	9.912873
5.74	9.908805
5.76	9.903874
5.78	9.899192
5.8	9.894561
5.82	9.890029
5.84	9.885572
5.86	9.876987
5.88	9.872868
5.9	9.868843
5.92	9.864945
5.94	9.861142
5.96	9.853878
5.98	9.850423
6	9.847036
6.02	9.843805
6.04	9.840655
6.06	9.837641
6.08	9.831882
6.1	9.829107
6.12	9.826481
6.14	9.823902
6.16	9.821477
6.18	9.816891
6.2	9.814731
6.22	9.812737
6.24	9.810802
6.26	9.809038
6.28	9.807335
6.3	9.80581
6.32	9.803071
6.34	9.801861
6.36	9.80084
6.38	9.799891
6.4	9.799136
6.42	9.798457
6.44	9.797978
6.46	9.797385
6.48	9.797272
6.5	9.797374
6.52	9.797558
6.54	9.797963
6.56	9.799174
6.58	9.799982
6.6	9.801024
6.62	9.802159
6.64	9.803533
6.66	9.805002
6.68	9.806716
6.7	9.810595
6.72	9.812762
6.74	9.815187
6.76	9.817718
6.78	9.823412
6.8	9.826584
6.82	9.829867
6.84	9.833426
6.86	9.837099
6.88	9.841053
6.9	9.845124
6.92	9.849484
6.94	9.858737
6.96	9.863633
6.98	9.868828
7	9.874149
7.02	9.879775
7.04	9.891596
7.06	9.897791
7.08	9.904305
7.1	9.910951
7.12	10.23018
7.14	9.928465
7.16	10.23514
7.18	10.2339
7.2	10.23127
7.22	10.22727
7.24	10.22194
7.26	10.21532
7.28	10.20745
7.3	10.18816
7.32	10.17685
7.34	10.16451
7.36	10.15121
7.38	10.13701
7.4	10.12199
7.42	10.10624
7.44	10.1101
7.46	10.00575
7.48	10.28639
7.5	10.05732
7.52	10.33747
7.54	10.36723
7.56	10.11399
7.58	10.39418
7.6	10.14213
7.62	10.42147
7.64	10.17136
7.66	10.44977
7.68	10.47919
7.7	10.23331
7.72	10.50977
7.74	10.26607
7.76	10.54152
7.78	10.30003
7.8	10.33521
7.82	10.60858
7.84	10.37161
7.86	10.64393
7.88	10.40927
7.9	10.6805
7.92	10.71831
7.94	10.48835
7.96	10.75736
7.98	10.5298
8	10.79768
8.02	10.57254
8.04	10.61657
8.06	10.88214
8.08	10.66191
8.1	10.92629
8.12	10.70858
8.14	10.97176
8.16	10.75656
8.18	11.01853
8.2	11.06662
8.22	10.85654
8.24	11.11604
8.26	10.90855
8.28	10.96191
8.3	11.21888
8.32	11.01663
8.34	11.07272
8.36	11.32712
8.38	11.13018
8.4	11.38328
8.42	11.18902
8.44	11.44081
8.46	11.24924
8.48	11.4997
8.5	11.55998
8.52	11.37384
8.54	11.62163
8.56	11.43823
8.58	11.68467
8.6	11.74909
8.62	11.57119
8.64	11.77372
8.66	11.75213
8.68	11.74006
8.7	11.71271
8.72	11.69748
8.74	11.68125
8.76	11.66407
8.78	11.64598
8.8	11.64486
8.82	11.64264
8.84	11.635
8.86	11.63066
8.88	11.62891
8.9	11.62775
8.92	11.62698
8.94	11.62685
8.96	11.62718
8.98	11.62811
9	11.62923
9.02	11.62572
9.04	11.61822
9.06	11.60908
9.08	11.59034
9.1	11.58107
9.12	11.57191
9.14	11.56287
9.16	11.54506
9.18	11.53632
9.2	11.5277
9.22	11.51939
9.24	11.51075
9.26	11.50242
9.28	11.48623
9.3	11.47863
9.32	11.47051
9.34	11.46278
9.36	11.45519
9.38	11.44078
9.4	11.43326
9.42	11.42611
9.44	11.4191
9.46	11.41226
9.48	11.4058
9.5	11.39886
9.52	11.3858
9.54	11.37949
9.56	11.37336
9.58	11.36765
9.6	11.36135
9.62	11.35544
9.64	11.34402
9.66	11.33854
9.68	11.33345
9.7	11.35732
9.72	11.3889
9.74	11.45631
9.76	11.49066
9.78	11.52529
9.8	11.56015
9.82	11.60698
9.84	11.65754
9.86	11.70906
9.88	11.81298
9.9	11.70748
9.92	11.74268
9.94	11.67475
9.96	11.6944
9.98	11.69791
10	11.69394
10.02	11.68844
10.04	11.67653
10.06	11.67069
10.08	11.66542
10.1	11.65875
10.12	11.65261
10.14	11.64656
10.16	11.63439
10.18	11.62869
10.2	11.62212
10.22	11.61584
10.24	11.60955
10.26	11.59702
10.28	11.59104
10.3	11.58429
10.32	11.57779
10.34	11.57127
10.36	11.56476
10.38	11.55206
10.4	11.54509
10.42	11.53837
10.44	11.53162
10.46	11.5249
10.48	11.51822
10.5	11.5118
10.52	11.49768
10.54	11.49074
10.56	11.48382
10.58	11.47712
10.6	11.46978
10.62	11.46265
10.64	11.45549
10.66	11.44143
10.68	11.43389
10.7	11.42656
10.72	11.41919
10.74	11.41186
10.76	11.40473
10.78	11.38944
10.8	11.38188
10.82	11.37436
10.84	11.36705
10.86	11.3591
10.88	11.35138
10.9	11.33594
10.92	11.32847
10.94	11.32033
10.96	11.31244
10.98	11.30453
11	11.28907
11.02	11.28076
11.04	11.27271
11.06	11.26465
11.08	11.25665
11.1	11.24892
11.12	11.24045
11.14	11.23226
11.16	11.21594
11.18	11.20809
11.2	11.19949
11.22	11.19118
11.24	11.18286
11.26	11.16668
11.28	11.15795
11.3	11.14953
11.32	11.1411
11.34	11.13293
11.36	11.12413
11.38	11.10701
11.4	11.09867
11.42	11.08974
11.44	11.08099
11.46	11.07231
11.48	11.05476
11.5	11.04586
11.52	11.03703
11.54	11.02843
11.56	11.01919
11.58	11.01015
11.6	10.99246
11.62	10.98307
11.64	10.9739
11.66	10.9648
11.68	10.95596
11.7	10.94644
11.72	10.92792
11.74	10.91897
11.76	10.90932
11.78	10.8999
11.8	10.89057
11.82	10.88153
11.84	10.87175
11.86	10.85279
11.88	10.84366
11.9	10.83377
11.92	10.82414
11.94	10.81462
11.96	10.8054
11.98	10.79541
12	10.78569
12.02	10.77608
12.04	10.75671
12.06	10.7469
12.08	10.73722
12.1	10.72786
12.12	10.71769
12.14	10.69806
12.16	10.68864
12.18	10.67839
12.2	10.66845
12.22	10.65863
12.24	10.63885
12.26	10.62884
12.28	10.61897
12.3	10.60946
12.32	10.59909
12.34	10.58903
12.36	10.57895
12.38	10.55847
12.4	10.54838
12.42	10.53837
12.44	10.5288
12.46	10.51858
12.48	10.50838
12.5	10.49833
12.52	10.48838
12.54	10.46841
12.56	10.45844
12.58	10.44914
12.6	10.43953
12.62	10.42916
12.64	10.41955
12.66	10.4096
12.68	10.38894
12.7	10.37919
12.72	10.36955
12.74	10.35878
12.76	10.34893
12.78	10.33887
12.8	10.31827
12.82	10.30815
12.84	10.29748
12.86	10.28743
12.88	10.27723
12.9	10.26649
12.92	10.25636
12.94	10.23526
12.96	10.22506
12.98	10.21471
13	10.2038
13.02	10.19352
13.04	10.18274
13.06	10.17185
13.08	10.15107
13.1	10.14005
13.12	10.1301
13.14	10.12001
13.16	10.10906
13.18	10.09894
13.2	10.07713
13.22	10.0668
13.24	10.05627
13.26	10.04506
13.28	10.03467
13.3	10.02411
13.32	10.00245
13.34	9.991847
13.36	9.980597
13.38	9.970109
13.4	9.959468
13.42	9.948168
13.44	9.937644
13.46	9.91562
13.48	9.905066
13.5	9.894358
13.52	9.882966
13.54	9.872388
13.56	9.85022
13.58	9.839621
13.6	9.828863
13.62	9.817396
13.64	9.806783
13.66	9.796007
13.68	9.784509
13.7	9.773885
13.72	9.751574
13.74	9.740944
13.76	9.730149
13.78	9.718604
13.8	9.707973
13.82	9.697176
13.84	9.674989
13.86	9.664193
13.88	9.652622
13.9	9.642004
13.92	9.631215
13.94	9.619637
13.96	9.609034
13.98	9.586677
14	9.57609
14.02	9.56533
14.04	9.553753
14.06	9.543191
14.08	9.532451
14.1	9.520884
14.12	9.510348
14.14	9.48808
14.16	9.477577
14.18	9.466893
14.2	9.455358
14.22	9.444891
14.24	9.434243
14.26	9.412305
14.28	9.401696
14.3	9.39021
14.32	9.379832
14.34	9.369268
14.36	9.357814
14.38	9.336971
14.4	9.325554
14.42	9.315282
14.44	9.30482
14.46	9.293445
14.48	9.283232
14.5	9.261498
14.52	9.25135
14.54	9.241009
14.56	9.229731
14.58	9.219651
14.6	9.209376
14.62	9.188147
14.64	9.177944
14.66	9.16678
14.68	9.156851
14.7	9.146724
14.72	9.135624
14.74	9.125777
14.76	9.11573
14.78	9.104699
14.8	9.084975
14.82	9.074018
14.84	9.064346
14.86	9.054473
14.88	9.043592
14.9	9.034017
14.92	9.013436
14.94	9.003959
14.96	8.994274
14.98	8.983562
15	8.974186
15.02	8.964602
15.04	8.944712
15.06	8.935234
15.08	8.924706
15.1	8.915548
15.12	8.906179
15.14	8.895751
15.16	8.886708
15.18	8.877452
15.2	8.867126
15.22	8.849062
15.24	8.838843
15.26	8.830041
15.28	8.821023
15.3	8.810915
15.32	8.793345
15.34	8.783353
15.36	8.774806
15.38	8.756167
15.4	8.747754
15.42	8.739121
15.44	8.729371
15.46	8.721095
15.48	8.712599
15.5	8.694839
15.52	8.686481
15.54	8.676988
15.56	8.668998
15.58	8.660784
15.6	8.651423
15.62	8.635513
15.64	8.62629
15.66	8.6186
15.68	8.610682
15.7	8.594065
15.72	8.586301
15.74	8.577365
15.76	8.569986
15.78	8.562379
15.8	8.553591
15.82	8.538927
15.84	8.530291
15.86	8.523238
15.88	8.515954
15.9	8.507473
15.92	8.500588
15.94	8.49347
15.96	8.478433
15.98	8.471485
16	8.463325
16.02	8.456783
16.04	8.442012
16.06	8.435648
16.08	8.428063
16.1	8.421914
16.12	8.414347
16.14	8.378144
16.16	8.369513
16.18	8.29331
16.2	8.325629
16.22	8.312515
16.24	8.269864
16.26	8.249266
16.28	8.228993
16.3	8.2084
16.32	8.185822
16.34	8.16129
16.36	8.134842
16.38	8.106517
16.4	8.044427
16.42	8.044805
16.44	8.043218
16.46	8.039675
16.48	8.033799
16.5	8.032122
16.52	8.030833
16.54	8.029734
16.56	8.028975
16.58	8.028399
16.6	8.028163
16.62	8.02811
16.64	8.028875
16.66	8.029697
16.68	8.030703
16.7	8.032059
16.72	8.033601
16.74	8.037577
16.76	8.040012
16.78	8.042638
16.8	8.045619
16.82	8.052323
16.84	8.056047
16.86	8.060131
16.88	8.064409
16.9	8.06905
16.92	8.073887
16.94	8.079086
16.96	8.090249
16.98	8.096212
17	8.102209
17.02	8.101615
17.04	8.037305
17.06	8.083564
17.08	8.051717
17.1	8.073684
17.12	8.035306
17.14	8.065606
17.16	8.025755
17.18	8.028502
17.2	8.030346
17.22	8.034691
17.24	8.03718
17.26	8.03984
17.28	8.043177
17.3	8.04651
17.32	8.050014
17.34	8.058329
17.36	8.062657
17.38	8.067614
17.4	8.07258
17.42	8.076056
17.44	8.078258
17.46	8.079223
17.48	8.079946
17.5	8.080864
17.52	8.082112
17.54	8.082786
17.56	8.083793
17.58	8.085961
17.6	8.087075
17.62	8.088625
17.64	8.089478
17.66	8.092352
17.68	8.093315
17.7	8.094638
17.72	8.09638
17.74	8.097451
17.76	8.098866
17.78	8.100686
17.8	8.103356
17.82	8.105244
17.84	8.106505
17.86	8.108082
17.88	8.110028
17.9	8.111373
17.92	8.115016
17.94	8.116433
17.96	8.118137
17.98	8.120182
18	8.121666
18.02	8.123421
18.04	8.125504
18.06	8.128846
18.08	8.130739
18.1	8.13311
18.12	8.134477
18.14	8.136257
18.16	8.138164
18.18	8.141934
18.2	8.143721
18.22	8.145636
18.24	8.148039
18.26	8.149422
18.28	8.151217
18.3	8.155499
18.32	8.156916
18.34	8.158713
18.36	8.16062
18.38	8.162945
18.4	8.164388
18.42	8.168071
18.44	8.170349
18.46	8.171806
18.48	8.173645
18.5	8.177343
18.52	8.179636
18.54	8.18096
18.56	8.182719
18.58	8.184485
18.6	8.186282
18.62	8.189772
18.64	8.191461
18.66	8.193156
18.68	8.19488
18.7	8.196996
18.72	8.198232
18.74	8.201471
18.76	8.203117
18.78	8.204762
18.8	8.206841
18.82	8.207896
18.84	8.209379
18.86	8.212401
18.88	8.213922
18.9	8.21583
18.92	8.216818
18.94	8.208426
18.96	8.193783
18.98	8.178658
19	8.150628
19.02	8.137965
19.04	8.126201
19.06	8.115315
19.08	8.105288
19.1	8.096094
19.12	7.943558
19.14	7.958482
19.16	7.965534
19.18	7.97124
19.2	7.976803
19.22	7.982605
19.24	7.994858
19.26	8.001429
19.28	8.008185
19.3	8.015179
19.32	8.022483
19.34	8.030005
19.36	8.037839
19.38	8.054204
19.4	8.062763
19.42	8.071639
19.44	8.080706
19.46	8.090093
19.48	8.109628
19.5	8.119747
19.52	8.130191
19.54	8.140857
19.56	8.151773
19.58	8.163018
19.6	8.186206
19.62	8.196372
19.64	8.199497
19.66	8.201643
19.68	8.203506
19.7	8.205337
19.72	8.209014
19.74	8.210884
19.76	8.212689
19.78	8.214584
19.8	8.216526
19.82	8.218401
19.84	8.222198
19.86	8.224167
19.88	8.226184
19.9	8.22812
19.92	8.230139
19.94	8.232045
19.96	8.236169
19.98	8.238169
20	8.240255
20.02	8.242221
20.04	8.246479
20.06	8.248543
20.08	8.250694
20.1	8.252723
20.12	8.254892
20.14	8.257112
20.16	8.259239
20.18	8.261455
20.2	8.265779
20.22	8.268064
20.24	8.270256
20.26	8.272536
20.28	8.276988
20.3	8.279337
20.32	8.281592
20.34	8.283936
20.36	8.286153
20.38	8.288515
20.4	8.290927
20.42	8.293245
20.44	8.297933
20.46	8.300358
20.48	8.302835
20.5	8.305216
20.52	8.307685
20.54	8.310029
20.56	8.312517
20.58	8.315056
20.6	8.320032
20.62	8.322438
20.64	8.324989
20.66	8.327591
20.68	8.332692
20.7	8.335161
20.72	8.337774
20.74	8.340439
20.76	8.343009
20.78	8.345664
20.8	8.35087
20.82	8.353598
20.84	8.356229
20.86	8.358946
20.88	8.361538
20.9	8.364276
20.92	8.369759
20.94	8.372536
20.96	8.37519
20.98	8.377989
21	8.380839
21.02	8.383595
21.04	8.389149
21.06	8.39201
21.08	8.394921
21.1	8.397738
21.12	8.400637
21.14	8.403413
21.16	8.406334
21.18	8.412184
21.2	8.415143
21.22	8.417979
21.24	8.420962
21.26	8.426932
21.28	8.429952
21.3	8.432849
21.32	8.435891
21.34	8.438984
21.36	8.441982
21.38	8.448017
21.4	8.451119
21.42	8.454273
21.44	8.457331
21.46	8.463485
21.48	8.466646
21.5	8.469859
21.52	8.472977
21.54	8.476173
21.56	8.479248
21.58	8.482469
21.6	8.488917
21.62	8.492173
21.64	8.495306
21.66	8.498587
21.68	8.501918
21.7	8.508466
21.72	8.511659
21.74	8.514997
21.76	8.518386
21.78	8.52168
21.8	8.528301
21.82	8.531699
21.84	8.535146
21.86	8.538498
21.88	8.541925
21.9	8.545235
21.92	8.552193
21.94	8.555602
21.96	8.559089
21.98	8.562454
22	8.565966
22.02	8.569528
22.04	8.572995
22.06	8.57996
22.08	8.583529
22.1	8.587148
22.12	8.590672
22.14	8.594271
22.16	8.597751
22.18	8.601377
22.2	8.608632
22.22	8.612287
22.24	8.615823
22.26	8.623236
22.28	8.626873
22.3	8.630583
22.32	8.634175
22.34	8.637913
22.36	8.641701
22.38	8.649158
22.4	8.652806
22.42	8.656599
22.44	8.660442
22.46	8.66419
22.48	8.671714
22.5	8.675562
22.52	8.67946
22.54	8.683263
22.56	8.687138
22.58	8.690896
22.6	8.694798
22.62	8.698751
22.64	8.706537
22.66	8.71035
22.68	8.714308
22.7	8.718314
22.72	8.722226
22.74	8.730075
22.76	8.734086
22.78	8.738147
22.8	8.742113
22.82	8.746147
22.84	8.750068
22.86	8.754133
22.88	8.762267
22.9	8.766355
22.92	8.770329
22.94	8.774447
22.96	8.778614
22.98	8.782687
23	8.790854
23.02	8.795026
23.04	8.799246
23.06	8.803371
23.08	8.807565
23.1	8.815867
23.12	8.82014
23.14	8.824319
23.16	8.828563
23.18	8.832694
23.2	8.83697
23.22	8.841294
23.24	8.849821
23.26	8.854004
23.28	8.858332
23.3	8.862707
23.32	8.866989
23.34	8.871336
23.36	8.875571
23.38	8.87995
23.4	8.88871
23.42	8.893107
23.44	8.897393
23.46	8.901823
23.48	8.906301
23.5	8.910686
23.52	8.91947
23.54	8.92395
23.56	8.928478
23.58	8.932913
23.6	8.93741
23.62	8.941798
23.64	8.946328
23.66	8.955392
23.68	8.959939
23.7	8.968956
23.72	8.973584
23.74	8.978118
23.76	8.982715
23.78	8.987202
23.8	8.991831
23.82	8.996509
23.84	9.001092
23.86	9.010273
23.88	9.014952
23.9	9.019677
23.92	9.024311
23.94	9.029003
23.96	9.033588
23.98	9.043089
24	9.047771
24.02	9.052511
24.04	9.057145
24.06	9.06192
24.08	9.066743
24.1	9.071473
24.12	9.080942
24.14	9.085766
24.16	9.090636
24.18	9.095414
24.2	9.104978
24.22	9.109848
24.24	9.114766
24.26	9.119592
24.28	9.124474
24.3	9.12925
24.32	9.134167
24.34	9.144005
24.36	9.148932
24.38	9.153756
24.4	9.15872
24.42	9.163731
24.44	9.173625
24.46	9.178494
24.48	9.183505
24.5	9.188562
24.52	9.193527
24.54	9.198548
24.56	9.203465
24.58	9.213624
24.6	9.218636
24.62	9.223701
24.64	9.228663
24.66	9.233765
24.68	9.238914
24.7	9.249082
24.72	9.254088
24.74	9.259236
24.76	9.269532
24.78	9.274687
24.8	9.279739
24.82	9.284932
24.84	9.290171
24.86	9.295318
24.88	9.300516
24.9	9.310849
24.92	9.316133
24.94	9.321324
24.96	9.326568
24.98	9.336989
25	9.342316
25.02	9.347551
25.04	9.352838
25.06	9.358023
25.08	9.363347
25.1	9.368717
25.12	9.379326
25.14	9.384555
25.16	9.389922
25.18	9.395336
25.2	9.400659
25.22	9.411303
25.24	9.416713
25.26	9.422169
25.28	9.427535
25.3	9.432949
25.32	9.438264
25.34	9.449215
25.36	9.454623
25.38	9.46008
25.4	9.465437
25.42	9.470932
25.44	9.481923
25.46	9.487421
25.48	9.492821
25.5	9.498357
25.52	9.50394
25.54	9.509432
25.56	9.514972
25.58	9.520411
25.6	9.531614
25.62	9.537148
25.64	9.542728
25.66	9.54821
25.68	9.55383
25.7	9.559495
25.72	9.56507
25.74	9.57069
25.76	9.581874
25.78	9.587579
25.8	9.593195
25.82	9.598855
25.84	9.60442
25.86	9.61012
25.88	9.621522
25.9	9.627222
25.92	9.632827
25.94	9.638567
25.96	9.644353
25.98	9.650049
26	9.655789
26.02	9.667213
26.04	9.673038
26.06	9.678775
26.08	9.684553
26.1	9.690237
26.12	9.696057
26.14	9.707697
26.16	9.713514
26.18	9.719237
26.2	9.725096
26.22	9.730998
26.24	9.742669
26.26	9.74843
26.28	9.754328
26.3	9.760269
26.32	9.766122
26.34	9.772016
26.36	9.783752
26.38	9.789732
26.4	9.795623
26.42	9.801555
26.44	9.807393
26.46	9.813367
26.48	9.819384
26.5	9.831282
26.52	9.837158
26.54	9.843169
26.56	9.849224
26.58	9.85519
26.6	9.861197
26.62	9.867109
26.64	9.873158
26.66	9.885254
26.68	9.891296
26.7	9.897247
26.72	9.903333
26.74	9.909461
26.76	9.915502
26.78	9.92158
26.8	9.927568
26.82	9.939855
26.84	9.945932
26.86	9.952047
26.88	9.958071
26.9	9.964229
26.92	9.97043
26.94	9.982694
26.96	9.988754
26.98	9.994947
27	10.00118
27.02	10.00733
27.04	10.01962
27.06	10.02585
27.08	10.03212
27.1	10.0383
27.12	10.05066
27.14	10.05692
27.16	10.06323
27.18	10.06945
27.2	10.0757
27.22	10.08187
27.24	10.09451
27.26	10.10077
27.28	10.10706
27.3	10.11326
27.32	10.11959
27.34	10.12597
27.36	10.13226
27.38	10.13858
27.4	10.15119
27.42	10.1576
27.44	10.16392
27.46	10.17028
27.48	10.17655
27.5	10.18295
27.52	10.1894
27.54	10.19576
27.56	10.20845
27.58	10.21488
27.6	10.22136
27.62	10.22776
27.64	10.23418
27.66	10.24052
27.68	10.2535
27.7	10.25992
27.72	10.26638
27.74	10.27275
27.76	10.27925
27.78	10.2858
27.8	10.29225
27.82	10.29874
27.84	10.30515
27.86	10.31826
27.88	10.32475
27.9	10.33127
27.92	10.33771
27.94	10.34428
27.96	10.35088
27.98	10.35741
28	10.37043
28.02	10.37703
28.04	10.38367
28.06	10.39023
28.08	10.39681
28.1	10.40331
28.12	10.41661
28.14	10.4232
28.16	10.42982
28.18	10.43635
28.2	10.44301
28.22	10.44972
28.24	10.45634
28.26	10.46955
28.28	10.47611
28.3	10.48275
28.32	10.48936
28.34	10.49595
28.36	10.50253
28.38	10.51597
28.4	10.52264
28.42	10.52932
28.44	10.53593
28.46	10.54267
28.48	10.54944
28.5	10.55611
28.52	10.56929
28.54	10.57584
28.56	10.58241
28.58	10.58893
28.6	10.59541
28.62	10.60197
28.64	10.60864
28.66	10.622
28.68	10.62867
28.7	10.63525
28.72	10.64197
28.74	10.64873
28.76	10.65541
28.78	10.66875
28.8	10.67551
28.82	10.68231
28.84	10.68903
28.86	10.69577
28.88	10.70245
28.9	10.70924
28.92	10.71608
28.94	10.72962
28.96	10.73633
28.98	10.74316
29	10.75003
29.02	10.75683
29.04	10.76365
29.06	10.77726
29.08	10.78417
29.1	10.791
29.12	10.79785
29.14	10.80463
29.16	10.81153
29.18	10.82534
29.2	10.83222
29.22	10.83904
29.24	10.84597
29.26	10.85295
29.28	10.85985
29.3	10.86677
29.32	10.88058
29.34	10.88759
29.36	10.89452
29.38	10.90147
29.4	10.90835
29.42	10.9224
29.44	10.92936
29.46	10.93635
29.48	10.94326
29.5	10.95029
29.52	10.95736
29.54	10.97137
29.56	10.97831
29.58	10.98538
29.6	10.99249
29.62	10.99951
29.64	11.00656
29.66	11.01353
29.68	11.02776
29.7	11.03482
29.72	11.04189
29.74	11.0489
29.76	11.05602
29.78	11.06319
29.8	11.07738
29.82	11.08441
29.84	11.09157
29.86	11.09876
29.88	11.11301
29.9	11.12008
29.92	11.12726
29.94	11.13449
29.96	11.14163
29.98	11.14879
30	11.15588
30.02	11.17035
30.04	11.17752
30.06	11.18472
30.08	11.19183
30.1	11.20636
30.12	11.21356
30.14	11.22078
30.16	11.22792
30.18	11.23519
30.2	11.2425
30.22	11.25698
30.24	11.26415
30.26	11.27145
30.28	11.27878
30.3	11.28604
30.32	11.29331
30.34	11.30784
30.36	11.3152
30.38	11.32249
30.4	11.32979
30.42	11.33701
30.44	11.34436
30.46	11.35906
30.48	11.36639
30.5	11.37364
30.52	11.38102
30.54	11.38843
30.56	11.39577
30.58	11.40312
30.6	11.4104
30.62	11.42524
30.64	11.43261
30.66	11.43998
30.68	11.44729
30.7	11.45471
30.72	11.46218
30.74	11.46957
30.76	11.4843
30.78	11.49175
30.8	11.49924
30.82	11.50665
30.84	11.51408
30.86	11.52891
30.88	11.53643
30.9	11.54387
30.92	11.55131
30.94	11.5587
30.96	11.5662
30.98	11.5812
31	11.58867
31.02	11.59608
31.04	11.6036
31.06	11.61117
31.08	11.61865
31.1	11.62615
31.12	11.64113
31.14	11.64871
31.16	11.65622
31.18	11.66374
31.2	11.6712
31.22	11.67877
31.24	11.69391
31.26	11.70146
31.28	11.70893
31.3	11.71653
31.32	11.72914
31.34	11.69729
31.36	11.64679
31.38	11.59582
31.4	11.61834
31.42	11.59251
31.44	11.61665
31.46	11.61984
31.48	11.62489
31.5	11.63342
31.52	11.64032
31.54	11.64558
31.56	11.61947
31.58	11.59425
31.6	11.56754
31.62	11.53943
31.64	11.50999
31.66	11.47925
31.68	11.44729
31.7	11.37989
31.72	11.34459
31.74	11.34414
31.76	11.34237
31.78	11.3393
31.8	11.32924
31.82	11.32226
31.84	11.31855
31.86	11.31593
31.88	11.31371
31.9	11.31176
31.92	11.31003
31.94	11.30727
31.96	11.30622
31.98	11.3054
32	11.3048
32.02	11.30443
32.04	11.48696
32.06	11.55679
32.08	11.62412
32.1	11.64955
32.12	11.64658
32.14	11.66693
32.16	11.65588
32.18	11.66683
32.2	11.72312
32.22	11.69059
32.24	11.7636
32.26	11.41676
32.28	11.70359
32.3	11.35441
32.32	11.28522
32.34	10.39271
32.36	10.58576
32.38	10.62668
32.4	10.63523
32.42	10.63799
32.44	10.63849
32.46	10.63897
32.48	10.63948
32.5	10.64001
32.52	10.64057
32.54	10.64116
32.56	10.64179
32.58	10.64313
32.6	10.64291
32.62	10.64162
32.64	10.63994
32.66	10.63823
32.68	10.63646
32.7	10.63465
32.72	10.63092
32.74	10.629
32.76	10.6271
32.78	10.62514
32.8	10.62312
32.82	10.62107
32.84	10.61898
32.86	10.61476
32.88	10.61259
32.9	10.61038
32.92	10.60815
32.94	10.60592
32.96	10.60363
32.98	10.60129
33	10.59651
33.02	10.59411
33.04	10.59165
33.06	10.58916
33.08	10.58665
33.1	10.58414
33.12	10.57894
33.14	10.57629
33.16	10.57364
33.18	10.57094
33.2	10.56821
33.22	10.56544
33.24	10.55988
33.26	10.55702
33.28	10.55414
33.3	10.55126
33.32	10.54832
33.34	10.54535
33.36	10.53937
33.38	10.53631
33.4	10.53323
33.42	10.53015
33.44	10.52702
33.46	10.52071
33.48	10.51749
33.5	10.51424
33.52	10.51099
33.54	10.50769
33.56	10.50437
33.58	10.49768
33.6	10.49427
33.62	10.49087
33.64	10.48742
33.66	10.48049
33.68	10.47696
33.7	10.4734
33.72	10.46985
33.74	10.46625
33.76	10.46263
33.78	10.45903
33.8	10.45166
33.82	10.44919
33.84	10.44431
33.86	10.43817
33.88	10.59612
33.9	10.76887
33.92	10.9495
33.94	11.0563
33.96	11.24747
33.98	11.55645
34	11.30929
34.02	11.28184
34.04	11.25244
34.06	11.16948
34.08	11.11563
34.1	11.05931
34.12	10.96574
34.14	10.9046
34.16	10.80734
34.18	10.7625
34.2	10.71607
34.22	10.61868
34.24	10.56789
34.26	10.51579
34.28	10.46248
34.3	10.3526
34.32	10.29624
34.34	10.29363
34.36	10.18938
34.38	10.14276
34.4	10.31006
34.42	10.6609
34.44	10.84344
34.46	11.03013
34.48	11.01652
34.5	11.20775
34.52	10.97623
34.54	10.92828
34.56	10.92009
34.58	10.7882
34.6	10.7773
34.62	10.6444
34.64	10.63131
34.66	10.48323
34.68	10.35002
34.7	10.32986
34.72	10.28808
34.74	10.24501
34.76	10.20059
34.78	10.15487
34.8	10.10792
34.82	10.09865
34.84	10.09
34.86	10.08036
34.88	10.07074
34.9	10.06132
34.92	10.05216
34.94	10.03464
34.96	10.02629
34.98	10.01821
35	10.0104
35.02	10.00287
35.04	9.995625
35.06	9.981973
35.08	9.97557
35.1	9.969462
35.12	9.963638
35.14	9.958114
35.16	9.952876
35.18	9.943303
35.2	9.938972
35.22	9.934936
35.24	9.931213
35.26	9.927793
35.28	9.921892
35.3	9.917099
35.32	9.911643
35.34	9.906243
35.36	9.901045
35.38	9.895885
35.4	9.890852
35.42	9.8859
35.44	9.876215
35.46	9.871451
35.48	9.866691
35.5	9.862009
35.52	9.857338
35.54	9.848174
35.56	9.843683
35.58	9.839208
35.6	9.834821
35.62	9.830451
35.64	9.826172
35.66	9.821911
35.68	9.813601
35.7	9.809553
35.72	9.805528
35.74	9.801604
35.76	9.797704
35.78	9.793908
35.8	9.790139
35.82	9.782844
35.84	9.779321
35.86	9.775828
35.88	9.772449
35.9	9.765873
35.92	9.762677
35.94	9.759604
35.96	9.756565
35.98	9.753651
36	9.750773
36.02	9.745317
36.04	9.742739
36.06	9.740202
36.08	9.737801
36.1	9.735442
36.12	9.733222
36.14	9.729015
36.16	9.727031
36.18	9.72519
36.2	9.723399
36.22	9.721757
36.24	9.720166
36.26	9.717343
36.28	9.716113
36.3	9.714938
36.32	9.713923
36.34	9.712965
36.36	9.71217
36.38	9.710863
36.4	9.710353
36.42	9.710015
36.44	9.709738
36.46	9.709635
36.48	9.709735
36.5	9.70994
36.52	9.710326
36.54	9.710779
36.56	9.711418
36.58	9.712126
36.6	9.713989
36.62	9.715149
36.64	9.716381
36.66	9.717809
36.68	9.719312
36.7	9.721013
36.72	9.722792
36.74	9.724771
36.76	9.729095
36.78	9.73144
36.8	9.733994
36.82	9.736629
36.84	9.739477
36.86	9.745556
36.88	9.748789
36.9	9.752241
36.92	9.755778
36.94	9.75954
36.96	9.767465
36.98	9.771629
37	9.776024
37.02	9.780509
37.04	9.785227
37.06	9.790037
37.08	9.800223
37.1	9.805603
37.12	9.811076
37.14	9.816793
37.16	9.822606
37.18	9.834821
37.2	9.841225
37.22	9.847729
37.24	9.854483
37.26	9.861338
37.28	9.868447
37.3	9.875658
37.32	9.883126
37.34	9.898527
37.36	9.90646
37.38	9.914657
37.4	9.922957
37.42	9.931524
37.44	9.940197
37.46	9.949137
37.48	9.967502
37.5	9.976926
37.52	9.986625
37.54	9.99643
37.56	10.00651
37.58	10.0167
37.6	10.03775
37.62	10.04861
37.64	10.05958
37.66	10.07083
37.68	10.0822
37.7	10.09385
37.72	10.11765
37.74	10.12981
37.76	10.14226
37.78	10.15482
37.8	10.16767
37.82	10.18064
37.84	10.1939
37.86	10.20727
37.88	10.23471
37.9	10.24879
37.92	10.26298
37.94	10.27747
37.96	10.29207
37.98	10.32199
38	10.33731
38.02	10.35275
38.04	10.51682
38.06	10.52973
38.08	10.54141
38.1	10.56114
38.12	10.56925
38.14	10.57623
38.16	10.582
38.18	10.58549
38.2	10.72852
38.22	10.85532
38.24	10.82146
38.26	10.8477
38.28	10.81062
38.3	10.83602
38.32	10.79577
38.34	10.82054
38.36	10.62481
38.38	10.67689
38.4	10.7002
38.42	10.7334
38.44	10.74652
38.46	10.77696
38.48	10.82183
38.5	10.8387
38.52	10.93271
38.54	11.00006
38.56	11.09445
38.58	11.16102
38.6	11.32074
38.62	11.41462
38.64	11.4785
38.66	11.5716
38.68	11.60339
38.7	11.59338
38.72	11.57451
38.74	11.5634
38.76	11.55126
38.78	11.52409
38.8	11.5092
38.82	11.49353
38.84	11.47716
38.86	11.46018
38.88	11.44267
38.9	11.40641
38.92	11.38786
38.94	11.36917
38.96	11.35044
38.98	11.37533
39	11.41703
39.02	11.46495
39.04	11.48729
39.06	11.50989
39.08	11.53296
39.1	11.55641
39.12	11.58037
39.14	11.62955
39.16	11.61921
39.18	11.61258
39.2	11.62952
39.22	11.58694
39.24	11.60312
39.26	11.55662
39.28	11.53503
39.3	11.5308
39.32	11.50654
39.34	11.50076
39.36	11.47378
39.38	11.50524
39.4	11.44947
39.42	11.38448
39.44	11.44399
39.46	11.42018
39.48	11.46776
39.5	11.42694
39.52	11.4748
39.54	11.43141
39.56	11.41182
39.58	11.45939
39.6	11.42545
39.62	11.46787
39.64	11.44152
39.66	11.45871
39.68	11.48862
39.7	11.47688
39.72	11.54421
39.74	11.52484
39.76	11.52881
39.78	11.52116
39.8	