0.02	9.15406
0.04	9.14274
0.06	9.13141
0.08	9.120118
0.1	9.097943
0.12	9.087226
0.14	9.076874
0.16	9.066975
0.18	9.057629
0.2	9.048931
0.22	9.033911
0.24	9.027802
0.26	9.022779
0.28	9.018959
0.3	9.016461
0.32	9.01541
0.34	9.015933
0.36	9.018155
0.38	9.02221
0.4	9.036353
0.42	9.046714
0.44	9.059447
0.46	9.074696
0.48	9.092597
0.5	9.113288
0.52	9.385836
0.54	9.647789
0.56	9.906099
0.58	10.17288
0.6	10.44894
0.62	10.73298
0.64	11.31867
0.66	11.61735
0.68	11.3713
0.7	11.67286
0.72	11.42623
0.74	11.7461
0.76	11.52028
0.78	11.83558
0.8	11.70758
0.82	11.66058
0.84	11.6172
0.86	11.57769
0.88	11.54232
0.9	11.51136
0.92	11.48508
0.94	11.44855
0.96	11.42667
0.98	11.53138
1	11.80179
1.02	11.5838
1.04	11.84596
1.06	11.64917
1.08	11.73026
1.1	11.97866
1.12	11.82721
1.14	12.06801
1.16	11.94004
1.18	12.17281
1.2	12.06875
1.22	12.21336
1.24	12.42911
1.26	12.37386
1.28	12.58079
1.3	12.55024
1.32	12.74825
1.34	12.7425
1.36	12.93158
1.38	12.9506
1.4	13.13082
1.42	13.1745
1.44	13.41414
1.46	13.57719
1.48	13.66945
1.5	12.92112
1.52	13.13987
1.54	12.40911
1.56	12.61581
1.58	11.90613
1.6	12.10011
1.62	11.41601
1.64	11.59654
1.66	10.94339
1.68	11.10965
1.7	10.49378
1.72	10.07358
1.74	10.20842
1.76	9.690142
1.78	9.807739
1.8	9.351715
1.82	9.451042
1.84	9.06726
1.86	8.846071
1.88	8.906334
1.9	8.697209
1.92	8.737279
1.94	8.636777
1.96	8.65951
1.98	8.651721
2	8.638282
2.02	8.624944
2.04	8.611666
2.06	8.585167
2.08	8.571893
2.1	8.558578
2.12	8.545207
2.14	8.531775
2.16	8.518277
2.18	8.50472
2.2	8.491111
2.22	8.463799
2.24	8.450143
2.26	8.437512
2.28	8.426368
2.3	8.415829
2.32	8.405795
2.34	8.396164
2.36	8.387242
2.38	8.378613
2.4	8.370334
2.42	8.362489
2.44	8.355017
2.46	8.347978
2.48	8.341305
2.5	8.335055
2.52	8.323691
2.54	8.318642
2.56	8.31393
2.58	8.309639
2.6	8.305896
2.62	8.30226
2.64	8.299014
2.66	8.295976
2.68	8.293407
2.7	8.291172
2.72	8.287989
2.74	8.286857
2.76	8.28598
2.78	8.285425
2.8	8.285143
2.82	8.285175
2.84	8.285473
2.86	8.286073
2.88	8.286928
2.9	8.288076
2.92	8.28947
2.94	8.293056
2.96	8.295238
2.98	8.297649
3	8.300321
3.02	8.306446
3.04	8.309831
3.06	8.31341
3.08	8.317312
3.1	8.321356
3.12	8.325585
3.14	8.330118
3.16	8.334787
3.18	8.339631
3.2	8.34476
3.22	8.355414
3.24	8.360909
3.26	8.366526
3.28	8.372357
3.3	8.399189
3.32	8.426053
3.34	8.452775
3.36	8.479189
3.38	8.505136
3.4	8.530464
3.42	8.555029
3.44	8.577943
3.46	8.616383
3.48	8.63161
3.5	8.643989
3.52	8.653385
3.54	8.659677
3.56	8.662743
3.58	8.662472
3.6	8.658759
3.62	8.664173
3.64	8.670214
3.66	8.670742
3.68	8.669553
3.7	8.66661
3.72	8.661881
3.74	8.680115
3.76	8.672524
3.78	8.689383
3.8	8.569902
3.82	8.50774
3.84	8.537364
3.86	8.537193
3.88	8.535778
3.9	8.533916
3.92	8.531755
3.94	8.529326
3.96	8.526636
3.98	8.523683
4	8.520422
4.02	8.513115
4.04	8.509063
4.06	8.504745
4.08	8.500159
4.1	8.495274
4.12	8.490121
4.14	8.484698
4.16	8.479007
4.18	8.473044
4.2	8.466811
4.22	8.460306
4.24	8.453529
4.26	8.446482
4.28	8.431593
4.3	8.423738
4.32	8.415609
4.34	8.40723
4.36	8.398574
4.38	8.389667
4.4	8.380483
4.42	8.371024
4.44	8.36132
4.46	8.351338
4.48	8.339808
4.5	8.338187
4.52	8.312347
4.54	8.283504
4.56	8.352413
4.58	8.334842
4.6	8.316111
4.62	8.27531
4.64	8.253324
4.66	8.230346
4.68	8.206431
4.7	8.181643
4.72	8.15605
4.74	8.129724
4.76	8.102748
4.78	8.075208
4.8	8.043462
4.82	8.026108
4.84	8.007759
4.86	7.988419
4.88	7.970169
4.9	7.95182
4.92	7.933221
4.94	7.914321
4.96	7.89507
4.98	7.875529
5	7.855681
5.02	7.815
5.04	7.794215
5.06	7.773116
5.08	7.751715
5.1	7.730002
5.12	7.707992
5.14	7.685672
5.16	7.663057
5.18	7.640138
5.2	7.617367
5.22	7.59424
5.24	7.547173
5.26	7.523252
5.28	7.499068
5.3	7.474636
5.32	7.449941
5.34	7.425001
5.36	7.399801
5.38	7.374358
5.4	7.348658
5.42	7.322718
5.44	7.296593
5.46	7.270215
5.48	7.216682
5.5	7.189569
5.52	7.162226
5.54	7.134636
5.56	7.10682
5.58	7.07876
5.6	7.050477
5.62	7.021953
5.64	6.993209
5.66	6.935033
5.68	6.905604
5.7	6.875963
5.72	6.846092
5.74	6.815963
5.76	6.786196
5.78	6.756123
5.8	6.725849
5.82	6.664594
5.84	6.633733
5.86	6.602743
5.88	6.571623
5.9	6.5404
5.92	6.508986
5.94	6.477391
5.96	6.445619
5.98	6.381553
6	6.349258
6.02	6.316776
6.04	6.284129
6.06	6.251296
6.08	6.218302
6.1	6.185127
6.12	6.151793
6.14	6.084612
6.16	6.050769
6.18	6.016774
6.2	5.982608
6.22	5.948295
6.24	5.91416
6.26	5.879812
6.28	5.810839
6.3	5.776197
6.32	5.741392
6.34	5.706452
6.36	5.671348
6.38	5.600709
6.4	5.565176
6.42	5.529482
6.44	5.493656
6.46	5.457671
6.48	5.385285
6.5	5.348886
6.52	5.312332
6.54	5.275652
6.56	5.23882
6.58	5.201865
6.6	5.164763
6.62	5.127537
6.64	5.090167
6.66	5.052602
6.68	5.014833
6.7	4.977187
6.72	4.939346
6.74	4.862917
6.76	4.824671
6.78	4.786408
6.8	4.748378
6.82	4.710172
6.84	4.671843
6.86	4.594764
6.88	4.556016
6.9	4.517154
6.92	4.478144
6.94	4.43902
6.96	4.399752
6.98	4.360372
7	4.32085
7.02	4.28122
7.04	4.241453
7.06	4.20158
7.08	4.161574
7.1	4.081248
7.12	4.040918
7.14	4.000481
7.16	3.960069
7.18	3.919433
7.2	3.878638
7.22	3.837789
7.24	3.796773
7.26	3.755759
7.28	3.714667
7.3	3.6735
7.32	3.590968
7.34	3.549613
7.36	3.508209
7.38	3.466763
7.4	3.425283
7.42	3.342252
7.44	3.300719
7.46	3.259189
7.48	3.217672
7.5	3.176179
7.52	3.134723
7.54	3.093316
7.56	3.051972
7.58	3.010706
7.6	2.969533
7.62	2.928471
7.64	2.887537
7.66	2.806129
7.68	2.765698
7.7	2.725479
7.72	2.685496
7.74	2.645775
7.76	2.606344
7.78	2.567232
7.8	2.528471
7.82	2.490095
7.84	2.452138
7.86	2.377637
7.88	2.341175
7.9	2.305298
7.92	2.270054
7.94	2.235492
7.96	2.201666
7.98	2.168632
8	2.136448
8.02	2.105176
8.04	2.07488
8.06	2.045627
8.08	2.017486
8.1	1.96483
8.12	1.940466
8.14	1.917512
8.16	1.896048
8.18	1.876151
8.2	1.857899
8.22	1.841372
8.24	1.826642
8.26	1.813784
8.28	1.691333
8.3	1.775073
8.32	1.804102
8.34	1.828983
8.36	1.851413
8.38	1.871404
8.4	1.888981
8.42	1.904184
8.44	1.917067
8.46	1.927697
8.48	1.936157
8.5	1.946625
8.52	1.973938
8.54	1.98828
8.56	2.002888
8.58	2.017685
8.6	2.032719
8.62	2.04793
8.64	2.063369
8.66	2.078977
8.68	2.110799
8.7	2.127006
8.72	2.14337
8.74	2.159943
8.76	2.176669
8.78	2.1936
8.8	2.227961
8.82	2.245388
8.84	2.263013
8.86	2.280782
8.88	2.298746
8.9	2.316853
8.92	2.335154
8.94	2.353596
8.96	2.391008
8.98	2.409978
9	2.429087
9.02	2.448391
9.04	2.467835
9.06	2.487475
9.08	2.507255
9.1	2.527231
9.12	2.547351
9.14	2.567668
9.16	2.588129
9.18	2.608791
9.2	2.629598
9.22	2.671767
9.24	2.693131
9.26	2.714646
9.28	2.736369
9.3	2.758246
9.32	2.780334
9.34	2.80258
9.36	2.84766
9.38	2.870499
9.4	2.893502
9.42	2.916727
9.44	2.940119
9.46	2.963737
9.48	2.987527
9.5	3.011547
9.52	3.035742
9.54	3.060171
9.56	3.109625
9.58	3.134654
9.6	3.159926
9.62	3.185385
9.64	3.211092
9.66	3.236989
9.68	3.263138
9.7	3.289482
9.72	3.316082
9.74	3.34288
9.76	3.36994
9.78	3.424729
9.8	3.452464
9.82	3.480468
9.84	3.508683
9.86	3.537171
9.88	3.565875
9.9	3.594856
9.92	3.624057
9.94	3.65354
9.96	3.713238
9.98	3.743457
10	3.773967
10.02	3.804707
10.04	3.835742
10.06	3.867012
10.08	3.898579
10.1	3.930385
10.12	3.962493
10.14	3.994843
10.16	4.027498
10.18	4.060399
10.2	4.093609
10.22	4.127152
10.24	4.194547
10.26	4.228425
10.28	4.26269
10.3	4.297297
10.32	4.367361
10.34	4.402814
10.36	4.438591
10.38	4.475267
10.4	4.512186
10.42	4.549425
10.44	4.586997
10.46	4.624904
10.48	4.701718
10.5	4.740622
10.52	4.779855
10.54	4.819417
10.56	4.859304
10.58	4.899517
10.6	4.980912
10.62	5.02209
10.64	5.063589
10.66	5.105405
10.68	5.147537
10.7	5.189985
10.72	5.27582
10.74	5.319204
10.76	5.362898
10.78	5.406901
10.8	5.45121
10.82	5.495826
10.84	5.540746
10.86	5.631495
10.88	5.677321
10.9	5.723447
10.92	5.76999
10.94	5.816834
10.96	5.864253
10.98	5.911918
11	6.008326
11.02	6.056977
11.04	6.105921
11.06	6.155155
11.08	6.204675
11.1	6.254479
11.12	6.354928
11.14	6.405567
11.16	6.45648
11.18	6.507662
11.2	6.559113
11.22	6.610828
11.24	6.662808
11.26	6.715047
11.28	6.767545
11.3	6.820299
11.32	6.926566
11.34	6.980074
11.36	7.033831
11.38	7.087832
11.4	7.141932
11.42	7.196086
11.44	7.250187
11.46	7.304481
11.48	7.359334
11.5	7.414492
11.52	7.525506
11.54	7.581343
11.56	7.637394
11.58	7.693746
11.6	7.750173
11.62	7.806808
11.64	7.86367
11.66	7.920739
11.68	7.978008
11.7	8.035472
11.72	8.150982
11.74	8.209023
11.76	8.267252
11.78	8.325666
11.8	8.384266
11.82	8.443047
11.84	8.502008
11.86	8.561149
11.88	8.617682
11.9	8.606098
11.92	8.60272
11.94	8.599012
11.96	8.594972
11.98	8.590596
12	8.585894
12.02	8.582932
12.04	8.560459
12.06	8.613214
12.08	8.675572
12.1	8.747038
12.12	8.827107
12.14	8.959122
12.16	9.055801
12.18	9.100269
12.2	9.206364
12.22	9.25268
12.24	9.265641
12.26	9.180803
12.28	9.192029
12.3	9.117454
12.32	9.034169
12.34	9.042878
12.36	9.024897
12.38	9.006289
12.4	8.987096
12.42	8.967391
12.44	8.947259
12.46	8.906074
12.48	8.885188
12.5	8.864237
12.52	8.843328
12.54	8.822579
12.56	8.802114
12.58	8.782061
12.6	8.762553
12.62	8.725743
12.64	8.708736
12.66	8.69287
12.68	8.68951
12.7	8.685971
12.72	8.678471
12.74	8.674497
12.76	8.670375
12.78	8.666111
12.8	8.661719
12.82	8.657216
12.84	8.653802
12.86	8.651809
12.88	8.65004
12.9	8.64855
12.92	8.647323
12.94	8.646419
12.96	8.645727
12.98	8.645052
13	8.645075
13.02	8.645343
13.04	8.645837
13.06	8.646573
13.08	8.64755
13.1	8.648766
13.12	8.650206
13.14	8.651884
13.16	8.655948
13.18	8.658332
13.2	8.660933
13.22	8.663767
13.24	8.666833
13.26	8.67013
13.28	8.673657
13.3	8.677416
13.32	8.681395
13.34	8.69004
13.36	8.694705
13.38	8.699598
13.4	8.704719
13.42	8.715635
13.44	8.721434
13.46	8.727459
13.48	8.733711
13.5	8.740193
13.52	8.744647
13.54	8.745471
13.56	8.977663
13.58	8.974734
13.6	8.971005
13.62	8.966402
13.64	8.960926
13.66	8.954599
13.68	8.947449
13.7	8.939507
13.72	8.930813
13.74	8.911335
13.76	8.900648
13.78	8.889402
13.8	8.877658
13.82	8.865478
13.84	8.840095
13.86	8.827046
13.88	8.81387
13.9	8.800655
13.92	8.720092
13.94	8.723904
13.96	8.720977
13.98	8.712585
14	8.708534
14.02	8.704709
14.04	8.701109
14.06	8.697748
14.08	8.691731
14.1	8.689078
14.12	8.686666
14.14	8.684487
14.16	8.682553
14.18	8.680862
14.2	8.679405
14.22	8.678194
14.24	8.67723
14.26	8.676502
14.28	8.676025
14.3	8.675787
14.32	8.675803
14.34	8.676249
14.36	8.677813
14.38	8.678994
14.4	8.680462
14.42	8.682201
14.44	8.684227
14.46	8.686539
14.48	8.691987
14.5	8.691468
14.52	8.690044
14.54	8.688423
14.56	8.686763
14.58	8.685127
14.6	8.683455
14.62	8.681787
14.64	8.637233
14.66	8.667626
14.68	8.630019
14.7	8.718806
14.72	8.721403
14.74	8.828867
14.76	8.838637
14.78	8.962895
14.8	8.978384
14.82	9.117447
14.84	9.289196
14.86	9.312063
14.88	9.11793
14.9	8.947583
14.92	8.803092
14.94	8.686447
14.96	8.604242
14.98	8.589584
15	8.578423
15.02	8.568776
15.04	8.56284
15.06	8.557817
15.08	8.59035
15.1	8.650126
15.12	8.627018
15.14	8.69278
15.16	8.666648
15.18	8.737806
15.2	8.708177
15.22	8.784199
15.24	8.750641
15.26	8.649592
15.28	8.565583
15.3	8.561404
15.32	8.56043
15.34	8.561743
15.36	8.565158
15.38	8.619052
15.4	8.576056
15.42	8.629645
15.44	8.625194
15.46	8.620052
15.48	8.614285
15.5	8.607964
15.52	8.59396
15.54	8.599186
15.56	8.591351
15.58	8.589842
15.6	8.582095
15.62	8.671059
15.64	8.565689
15.66	8.567384
15.68	8.568842
15.7	8.570069
15.72	8.571758
15.74	8.572087
15.76	8.572308
15.78	8.572426
15.8	8.57258
15.82	8.572782
15.84	8.573004
15.86	8.57328
15.88	8.573656
15.9	8.574342
15.92	8.574785
15.94	8.575253
15.96	8.575778
15.98	8.576406
16	8.576959
16.02	8.577606
16.04	8.57831
16.06	8.579043
16.08	8.579837
16.1	8.580735
16.12	8.582489
16.14	8.583475
16.16	8.584493
16.18	8.585573
16.2	8.586633
16.22	8.587883
16.24	8.589168
16.26	8.590373
16.28	8.591739
16.3	8.59302
16.32	8.594452
16.34	8.595898
16.36	8.597418
16.38	8.599181
16.4	8.601015
16.42	8.60471
16.44	8.606516
16.46	8.608418
16.48	8.610372
16.5	8.61235
16.52	8.616521
16.54	8.618574
16.56	8.62072
16.58	8.622917
16.6	8.625137
16.62	8.627409
16.64	8.629784
16.66	8.634453
16.68	8.636882
16.7	8.639333
16.72	8.641833
16.74	8.644437
16.76	8.646952
16.78	8.649556
16.8	8.652208
16.82	8.654881
16.84	8.660423
16.86	8.663157
16.88	8.665976
16.9	8.668842
16.92	8.671728
16.94	8.67466
16.96	8.677691
16.98	8.680632
17	8.683657
17.02	8.686881
17.04	8.690141
17.06	8.693355
17.08	8.696639
17.1	8.699793
17.12	8.706248
17.14	8.709477
17.16	8.712727
17.18	8.716051
17.2	8.719244
17.22	8.72249
17.24	8.725756
17.26	8.729003
17.28	8.732269
17.3	8.735607
17.32	8.738904
17.34	8.742072
17.36	8.745295
17.38	8.748551
17.4	8.751782
17.42	8.758248
17.44	8.761481
17.46	8.764686
17.48	8.767898
17.5	8.771396
17.52	8.774734
17.54	8.776562
17.56	8.780681
17.58	8.782598
17.6	8.788601
17.62	8.813555
17.64	8.841352
17.66	8.871806
17.68	8.904732
17.7	8.939953
17.72	8.977297
17.74	9.016599
17.76	9.037679
17.78	9.07885
17.8	9.098272
17.82	8.987994
17.84	8.834339
17.86	8.818962
17.88	8.863758
17.9	8.827264
17.92	8.872462
17.94	8.828366
17.96	8.829733
17.98	8.831426
18	8.833962
18.02	8.836333
18.04	8.838542
18.06	8.840593
18.08	8.834207
18.1	8.835766
18.12	8.82842
18.14	8.829584
18.16	8.821394
18.18	8.86993
18.2	8.923672
18.22	9.045142
18.24	9.11208
18.26	9.182639
18.28	9.254287
18.3	9.330753
18.32	9.407126
18.34	9.488157
18.36	9.193459
18.38	8.966797
18.4	8.824536
18.42	8.783747
18.44	8.775686
18.46	8.810065
18.48	8.877789
18.5	8.818357
18.52	8.820148
18.54	8.816053
18.56	8.81023
18.58	8.803834
18.6	8.79711
18.62	8.790114
18.64	8.782849
18.66	8.775317
18.68	8.75946
18.7	8.751135
18.72	8.742546
18.74	8.733691
18.76	8.724571
18.78	8.715188
18.8	8.705539
18.82	8.695624
18.84	8.675004
18.86	8.664295
18.88	8.653325
18.9	8.642089
18.92	8.630589
18.94	8.618824
18.96	8.606793
18.98	8.594501
19	8.581944
19.02	8.569122
19.04	8.556036
19.06	8.529074
19.08	8.515196
19.1	8.501055
19.12	8.486313
19.14	8.470792
19.16	8.454491
19.18	8.437419
19.2	8.419588
19.22	8.401015
19.24	8.361744
19.26	8.371517
19.28	8.383604
19.3	8.397849
19.32	8.414104
19.34	8.432223
19.36	8.403836
19.38	8.374767
19.4	8.345095
19.42	8.314902
19.44	8.284282
19.46	8.25333
19.48	8.190864
19.5	8.159579
19.52	8.128428
19.54	8.097544
19.56	8.06707
19.58	8.037157
19.6	8.007963
19.62	7.979654
19.64	7.952404
19.66	7.917948
19.68	7.909892
19.7	7.900732
19.72	7.891201
19.74	7.881402
19.76	7.871877
19.78	7.862516
19.8	7.853282
19.82	7.844187
19.84	7.835215
19.86	7.817688
19.88	7.809117
19.9	7.800689
19.92	7.792384
19.94	7.784224
19.96	7.776207
19.98	7.768315
20	7.760559
20.02	7.75295
20.04	7.738151
20.06	7.730956
20.08	7.723913
20.1	7.717007
20.12	7.710256
20.14	7.703638
20.16	7.697177
20.18	7.690856
20.2	7.684694
20.22	7.678668
20.24	7.672805
20.26	7.745121
20.28	7.960096
20.3	8.099791
20.32	8.205003
20.34	8.375362
20.36	8.35887
20.38	8.341105
20.4	8.32211
20.42	8.301934
20.44	8.280631
20.46	8.258261
20.48	8.210584
20.5	8.185426
20.52	8.159498
20.54	8.132891
20.56	8.1057
20.58	8.078032
20.6	8.049995
20.62	8.021708
20.64	7.993299
20.66	7.964898
20.68	7.936647
20.7	7.908695
20.72	7.854322
20.74	7.828239
20.76	7.80313
20.78	7.779184
20.8	7.756596
20.82	7.735572
20.84	7.716322
20.86	7.699066
20.88	7.684028
20.9	7.689838
20.92	7.7
20.94	7.710832
20.96	7.715687
20.98	7.720884
21	7.726394
21.02	7.73234
21.04	7.738314
21.06	7.75151
21.08	7.758615
21.1	7.766046
21.12	7.77381
21.14	7.781905
21.16	7.790404
21.18	7.799103
21.2	7.808221
21.22	7.828225
21.24	7.838613
21.26	7.849352
21.28	7.860441
21.3	7.871893
21.32	7.8837
21.34	7.895871
21.36	7.908397
21.38	7.921287
21.4	7.934556
21.42	7.948304
21.44	7.976279
21.46	7.990944
21.48	8.006075
21.5	8.021179
21.52	8.036816
21.54	8.052843
21.56	8.069245
21.58	8.086006
21.6	8.12064
21.62	8.138622
21.64	8.156878
21.66	8.175654
21.68	8.194757
21.7	8.214223
21.72	8.234039
21.74	8.254215
21.76	8.274735
21.78	8.295612
21.8	8.316833
21.82	8.338407
21.84	8.36032
21.86	8.405184
21.88	8.428131
21.9	8.451426
21.92	8.475058
21.94	8.499022
21.96	8.523329
21.98	8.547964
22	8.598243
22.02	8.604989
22.04	8.607959
22.06	8.609779
22.08	8.611689
22.1	8.613813
22.12	8.616038
22.14	8.618518
22.16	8.621079
22.18	8.623603
22.2	8.628722
22.22	8.631309
22.24	8.633943
22.26	8.636583
22.28	8.639268
22.3	8.642068
22.32	8.644719
22.34	8.64746
22.36	8.650242
22.38	8.653022
22.4	8.655842
22.42	8.658772
22.44	8.66154
22.46	8.664392
22.48	8.66728
22.5	8.673071
22.52	8.676092
22.54	8.679067
22.56	8.68189
22.58	8.684906
22.6	8.687899
22.62	8.690752
22.64	8.693783
22.66	8.696792
22.68	8.699666
22.7	8.705721
22.72	8.708605
22.74	8.711643
22.76	8.714658
22.78	8.720579
22.8	8.723629
22.82	8.726614
22.84	8.732542
22.86	8.804165
22.88	8.789752
22.9	8.894576
22.92	8.893705
22.94	8.891173
22.96	8.888938
22.98	8.886044
23	8.882517
23.02	8.878398
23.04	8.873727
23.06	8.868548
23.08	8.856874
23.1	8.850492
23.12	8.843827
23.14	8.836949
23.16	8.829929
23.18	8.815773
23.2	8.808805
23.22	8.807899
23.24	8.807896
23.26	8.806845
23.28	8.804929
23.3	8.804335
23.32	8.80394
23.34	8.803811
23.36	8.803941
23.38	8.804281
23.4	8.804882
23.42	8.806842
23.44	8.808132
23.46	8.809675
23.48	8.811465
23.5	8.8135
23.52	8.81578
23.54	8.818255
23.56	8.820976
23.58	8.823936
23.6	8.827137
23.62	8.830574
23.64	8.834205
23.66	8.838072
23.68	8.846509
23.7	8.851077
23.72	8.855602
23.74	8.858063
23.76	8.858709
23.78	8.8593
23.8	8.859848
23.82	8.860329
23.84	8.86111
23.86	8.861411
23.88	8.861651
23.9	8.861831
23.92	8.732274
23.94	9.143588
23.96	9.140862
23.98	9.137229
24	9.132668
24.02	9.120821
24.04	9.113585
24.06	9.105516
24.08	9.096652
24.1	9.087033
24.12	9.076704
24.14	9.065716
24.16	9.054121
24.18	9.04198
24.2	9.029355
24.22	9.016315
24.24	9.002934
24.26	8.989286
24.28	8.961532
24.3	8.947603
24.32	8.854767
24.34	8.863891
24.36	8.86254
24.38	8.859089
24.4	8.855402
24.42	8.851866
24.44	8.848557
24.46	8.845491
24.48	8.842673
24.5	8.840102
24.52	8.837774
24.54	8.83387
24.56	8.832293
24.58	8.830959
24.6	8.829877
24.62	8.829049
24.64	8.828473
24.66	8.828145
24.68	8.828073
24.7	8.828256
24.72	8.829376
24.74	8.830325
24.76	8.831526
24.78	8.832988
24.8	8.833239
24.82	8.831761
24.84	8.827834
24.86	8.825763
24.88	8.823659
24.9	8.821525
24.92	8.819373
24.94	8.817179
24.96	8.814949
24.98	8.812703
25	8.810423
25.02	8.808111
25.04	8.803517
25.06	8.801061
25.08	8.798633
25.1	8.750325
25.12	8.710615
25.14	8.722911
25.16	8.687714
25.18	8.752554
25.2	8.753586
25.22	8.82898
25.24	8.833225
25.26	8.924372
25.28	9.017181
25.3	9.024899
25.32	9.120313
25.34	9.124752
25.36	8.837421
25.38	8.806188
25.4	8.707395
25.42	8.649673
25.44	8.676497
25.46	8.653004
25.48	8.682405
25.5	8.715088
25.52	8.729302
25.54	8.78418
25.56	8.826077
25.58	8.845387
25.6	8.890661
25.62	8.959303
25.64	8.772605
25.66	8.627889
25.68	8.531295
25.7	8.527187
25.72	8.494844
25.74	8.508252
25.76	8.510456
25.78	8.486853
25.8	8.47881
25.82	8.485574
25.84	8.520288
25.86	8.492173
25.88	8.52867
25.9	8.492762
25.92	8.492958
25.94	8.528995
25.96	8.493299
25.98	8.494531
26	8.496098
26.02	8.4979
26.04	8.49996
26.06	8.502216
26.08	8.50742
26.1	8.51032
26.12	8.51363
26.14	8.517002
26.16	8.520719
26.18	8.528627
26.2	8.532969
26.22	8.537676
26.24	8.542689
26.26	8.547999
26.28	8.559259
26.3	8.565259
26.32	8.571229
26.34	8.572642
26.36	8.573168
26.38	8.573594
26.4	8.574043
26.42	8.574509
26.44	8.575046
26.46	8.575635
26.48	8.576263
26.5	8.577768
26.52	8.578532
26.54	8.579403
26.56	8.580339
26.58	8.58132
26.6	8.582375
26.62	8.583495
26.64	8.584661
26.66	8.587221
26.68	8.588662
26.7	8.589988
26.72	8.591437
26.74	8.593006
26.76	8.594576
26.78	8.596276
26.8	8.600027
26.82	8.602204
26.84	8.604282
26.86	8.606377
26.88	8.610843
26.9	8.61319
26.92	8.615481
26.94	8.61788
26.96	8.620337
26.98	8.625391
27	8.628058
27.02	8.630671
27.04	8.633386
27.06	8.636158
27.08	8.641839
27.1	8.644816
27.12	8.647737
27.14	8.650759
27.16	8.653836
27.18	8.656948
27.2	8.66012
27.22	8.666614
27.24	8.669931
27.26	8.673302
27.28	8.676706
27.3	8.680168
27.32	8.683732
27.34	8.69103
27.36	8.694959
27.38	8.698778
27.4	8.702654
27.42	8.706427
27.44	8.710271
27.46	8.714143
27.48	8.718022
27.5	8.725904
27.52	8.729786
27.54	8.733732
27.56	8.737699
27.58	8.741666
27.6	8.745651
27.62	8.75366
27.64	8.757669
27.66	8.761695
27.68	8.765716
27.7	8.76975
27.72	8.773848
27.74	8.781878
27.76	8.785929
27.78	8.789971
27.8	8.794022
27.82	8.798132
27.84	8.802128
27.86	8.806168
27.88	8.810215
27.9	8.814246
27.92	8.822328
27.94	8.826347
27.96	8.830365
27.98	8.834441
28	8.838538
28.02	8.842552
28.04	8.850419
28.06	8.854276
28.08	8.869948
28.1	8.886507
28.12	8.90387
28.14	8.940699
28.16	8.960026
28.18	8.968984
28.2	8.988496
28.22	9.015394
28.24	8.982207
28.26	8.953039
28.28	8.925425
28.3	8.905313
28.32	8.902666
28.34	8.908806
28.36	8.92455
28.38	8.912569
28.4	8.928124
28.42	8.920217
28.44	8.937546
28.46	8.945655
28.48	8.934187
28.5	8.944217
28.52	8.932829
28.54	8.941928
28.56	8.930929
28.58	8.939127
28.6	8.888643
28.62	8.913479
28.64	8.921266
28.66	8.926071
28.68	8.930424
28.7	8.934836
28.72	8.93941
28.74	8.944707
28.76	8.946219
28.78	8.947592
28.8	8.948883
28.82	8.950103
28.84	8.952328
28.86	8.953381
28.88	8.954347
28.9	8.955238
28.92	8.955999
28.94	8.956731
28.96	8.958012
28.98	8.95855
29	8.959023
29.02	8.959426
29.04	8.959761
29.06	8.960229
29.08	9.128983
29.1	9.411296
29.12	9.55421
29.14	9.548059
29.16	9.532866
29.18	9.523311
29.2	9.512434
29.22	9.500264
29.24	9.486834
29.26	9.472183
29.28	9.456355
29.3	9.439397
29.32	9.402305
29.34	9.382287
29.36	9.361375
29.38	9.33964
29.4	9.317156
29.42	9.294005
29.44	9.270272
29.46	9.24605
29.48	9.196527
29.5	9.171435
29.52	9.146275
29.54	9.096228
29.56	9.0716
29.58	9.047417
29.6	9.023821
29.62	9.000964
29.64	8.979001
29.66	8.958094
29.68	8.872178
29.7	8.814358
29.72	8.771395
29.74	8.742262
29.76	8.811189
29.78	8.756182
29.8	8.754959
29.82	8.75407
29.84	8.753471
29.86	8.753
29.88	8.753069
29.9	8.75331
29.92	8.753706
29.94	8.73565
29.96	8.735472
29.98	8.928705
30	9.048216
30.02	9.142512
30.04	9.282512
30.06	9.382529
30.08	9.540193
30.1	9.644008
30.12	9.816714
30.14	9.922618
30.16	9.565188
30.18	9.398839
30.2	9.242014
30.22	9.09573
30.24	8.961039
30.26	8.832695
30.28	8.725204
30.3	8.627843
30.32	8.551982
30.34	8.445875
30.36	8.485386
30.38	8.486667
30.4	8.487248
30.42	8.487776
30.44	8.488524
30.46	8.489556
30.48	8.490876
30.5	8.492494
30.52	8.494403
30.54	8.499113
30.56	8.501976
30.58	8.504956
30.6	8.508378
30.62	8.511893
30.64	8.515807
30.66	8.520032
30.68	8.524561
30.7	8.534508
30.72	8.539926
30.74	8.545644
30.76	8.551656
30.78	8.557969
30.8	8.564578
30.82	8.571488
30.84	8.578694
30.86	8.586333
30.88	8.593102
30.9	8.592106
30.92	8.590814
30.94	8.589558
30.96	8.587127
30.98	8.585993
31	8.584982
31.02	8.583868
31.04	8.58288
31.06	8.581949
31.08	8.581045
31.1	8.580208
31.12	8.578672
31.14	8.577955
31.16	8.577302
31.18	8.576671
31.2	8.57565
31.22	8.57509
31.24	8.57463
31.26	8.574226
31.28	8.573841
31.3	8.573516
31.32	8.572982
31.34	8.57275
31.36	8.572575
31.38	8.572412
31.4	8.572308
31.42	8.572317
31.44	8.572206
31.46	8.572287
31.48	8.572374
31.5	8.572381
31.52	8.572461
31.54	8.572957
31.56	8.573244
31.58	8.573591
31.6	8.573997
31.62	8.574514
31.64	8.744475
31.66	8.862063
31.68	8.96736
31.7	9.118428
31.72	9.13388
31.74	9.206022
31.76	9.28942
31.78	9.297289
31.8	9.371428
31.82	9.37578
31.84	9.450827
31.86	9.526829
31.88	9.542576
31.9	9.556046
31.92	9.588922
31.94	9.598874
31.96	9.629177
31.98	9.601377
32	9.565799
32.02	9.529204
32.04	9.491678
32.06	9.453313
32.08	9.414205
32.1	9.374456
32.12	9.334177
32.14	9.25245
32.16	9.211228
32.18	9.16994
32.2	9.12873
32.22	9.087741
32.24	9.007062
32.26	8.967704
32.28	8.929232
32.3	8.891831
32.32	8.855694
32.34	8.821019
32.36	8.756886
32.38	8.727862
32.4	8.701164
32.42	8.677022
32.44	8.655675
32.46	8.652336
32.48	8.544944
32.5	8.461237
32.52	8.3395
32.54	8.304462
32.56	8.282939
32.58	8.299741
32.6	8.305868
32.62	8.317957
32.64	8.323848
32.66	8.329601
32.68	8.335198
32.7	8.340623
32.72	8.345866
32.74	8.350928
32.76	8.451738
32.78	8.710166
32.8	8.804089
32.82	8.96738
32.84	9.069137
32.86	9.253924
32.88	9.361273
32.9	9.675239
32.92	9.553039
32.94	9.430385
32.96	9.307455
32.98	9.184443
33	9.061558
33.02	8.939028
33.04	8.696035
33.06	8.576124
33.08	8.457673
33.1	8.177582
33.12	7.996191
33.14	8.073833
33.16	8.142654
33.18	8.160111
33.2	8.284945
33.22	8.145814
33.24	8.285486
33.26	8.133829
33.28	8.289567
33.3	8.120435
33.32	8.284991
33.34	8.104866
33.36	8.276772
33.38	8.264291
33.4	8.064567
33.42	8.247005
33.44	8.038721
33.46	8.081537
33.48	8.015301
33.5	8.050345
33.52	7.980275
33.54	8.0139
33.56	7.940211
33.58	7.971961
33.6	7.894908
33.62	7.844247
33.64	7.888864
33.66	7.788187
33.68	7.829683
33.7	7.726774
33.72	7.76472
33.74	7.660137
33.76	7.694137
33.78	7.588498
33.8	7.512175
33.82	7.598535
33.84	7.43159
33.86	7.347274
33.88	7.417603
33.9	7.259881
33.92	7.320983
33.94	7.170195
33.96	7.221263
33.98	7.079137
34	7.150692
34.02	6.987788
34.04	6.940177
34.06	6.953055
34.08	6.951959
34.1	6.947732
34.12	6.93734
34.14	6.931728
34.16	6.925899
34.18	6.919845
34.2	6.913575
34.22	6.90036
34.24	6.893419
34.26	6.886258
34.28	6.878867
34.3	6.871256
34.32	6.863417
34.34	6.855357
34.36	6.847063
34.38	6.829802
34.4	6.820831
34.42	6.811626
34.44	6.802197
34.46	6.782648
34.48	6.772524
34.5	6.762174
34.52	6.751589
34.54	6.740776
34.56	6.742078
34.58	6.745496
34.6	6.747478
34.62	6.749566
34.64	6.75171
34.66	6.733054
34.68	6.71337
34.7	6.67112
34.72	6.648669
34.74	6.625422
34.76	6.601457
34.78	6.576858
34.8	6.551716
34.82	6.526134
34.84	6.500221
34.86	6.474094
34.88	6.447882
34.9	6.413345
34.92	6.406052
34.94	6.39649
34.96	6.386524
34.98	6.376476
35	6.366418
35.02	6.356365
35.04	6.346313
35.06	6.336153
35.08	6.315878
35.1	6.305734
35.12	6.295616
35.14	6.285483
35.16	6.27534
35.18	6.255006
35.2	6.244815
35.22	6.234609
35.24	6.224383
35.26	6.21414
35.28	6.203876
35.3	6.183293
35.32	6.172972
35.34	6.162632
35.36	6.15227
35.38	6.14189
35.4	6.131489
35.42	6.110624
35.44	6.100161
35.46	6.089676
35.48	6.079172
35.5	6.068646
35.52	6.0581
35.54	6.047534
35.56	6.036946
35.58	6.015713
35.6	6.005067
35.62	5.994401
35.64	5.983716
35.66	5.973013
35.68	5.962292
35.7	5.951553
35.72	5.940797
35.74	5.930024
35.76	5.919235
35.78	5.897662
35.8	5.886907
35.82	5.876142
35.84	5.865373
35.86	5.854593
35.88	5.843809
35.9	5.833005
35.92	5.822192
35.94	5.811373
35.96	5.789742
35.98	5.778919
36	5.768089
36.02	5.757257
36.04	5.746419
36.06	5.73558
36.08	5.724735
36.1	5.713892
36.12	5.703043
36.14	5.681343
36.16	5.670494
36.18	5.659642
36.2	5.648793
36.22	5.637942
36.24	5.627097
36.26	5.616251
36.28	5.605411
36.3	5.594571
36.32	5.583739
36.34	5.562086
36.36	5.551266
36.38	5.540457
36.4	5.529653
36.42	5.518858
36.44	5.50807
36.46	5.497296
36.48	5.48653
36.5	5.47578
36.52	5.46503
36.54	5.443599
36.56	5.432916
36.58	5.422219
36.6	5.411552
36.62	5.400878
36.64	5.390235
36.66	5.369006
36.68	5.358416
36.7	5.347844
36.72	5.326776
36.74	5.305809
36.76	5.295362
36.78	5.274537
36.8	5.264164
36.82	5.253834
36.84	5.24353
36.86	5.233255
36.88	5.223021
36.9	5.212815
36.92	5.192519
36.94	5.182422
36.96	5.172381
36.98	5.162427
37	5.152442
37.02	5.142542
37.04	5.122716
37.06	5.11292
37.08	5.103244
37.1	5.093719
37.12	5.084192
37.14	5.074681
37.16	5.065225
37.18	5.055788
37.2	5.046369
37.22	5.036996
37.24	5.027644
37.26	5.009037
37.28	4.999767
37.3	4.990532
37.32	4.981328
37.34	4.972142
37.36	4.96299
37.38	4.953867
37.4	4.944765
37.42	4.926657
37.44	4.917636
37.46	4.90865
37.48	4.899693
37.5	4.890754
37.52	4.88185
37.54	4.872974
37.56	4.855295
37.58	4.8465
37.6	4.837725
37.62	4.828983
37.64	4.82027
37.66	4.811575
37.68	4.802914
37.7	4.794281
37.72	4.777086
37.74	4.768534
37.76	4.76
37.78	4.751498
37.8	4.743026
37.82	4.734571
37.84	4.72615
37.86	4.709382
37.88	4.701039
37.9	4.692725
37.92	4.684429
37.94	4.676165
37.96	4.667929
37.98	4.659711
38	4.651526
38.02	4.643368
38.04	4.635229
38.06	4.627121
38.08	4.619042
38.1	4.603115
38.12	4.595165
38.14	4.587196
38.16	4.579188
38.18	4.57116
38.2	4.563106
38.22	4.555009
38.24	4.538723
38.26	4.530535
38.28	4.522301
38.3	4.514037
38.32	4.505725
38.34	4.497384
38.36	4.488993
38.38	4.480567
38.4	4.472088
38.42	4.463576
38.44	4.455009
38.46	4.446401
38.48	4.429035
38.5	4.420273
38.52	4.411467
38.54	4.4026
38.56	4.39369
38.58	4.384717
38.6	4.375695
38.62	4.366609
38.64	4.357474
38.66	4.348274
38.68	4.33902
38.7	4.320324
38.72	4.310881
38.74	4.30138
38.76	4.291808
38.78	4.28218
38.8	4.272479
38.82	4.262717
38.84	4.252881
38.86	4.242984
38.88	4.222941
38.9	4.212803
38.92	4.202603
38.94	4.192326
38.96	4.181982
38.98	4.171558
39	4.161066
39.02	4.150492
39.04	4.13985
39.06	4.129126
39.08	4.11833
39.1	4.10745
39.12	4.085464
39.14	4.074353
39.16	4.063163
39.18	4.051888
39.2	4.040536
39.22	4.029099
39.24	4.005982
39.26	3.994301
39.28	3.982532
39.3	3.970683
39.32	3.958746
39.34	3.946728
39.36	3.934621
39.38	3.910153
39.4	3.897791
39.42	3.885339
39.44	3.872804
39.46	3.860178
39.48	3.847466
39.5	3.834665
39.52	3.821777
39.54	3.808799
39.56	3.795734
39.58	3.782578
39.6	3.769335
39.62	4.060156
39.64	4.042102
39.66	4.022154
39.68	4.000329
39.7	3.976658
39.72	3.951177
39.74	3.923935
39.76	3.894991
39.78	3.864415
39.8	3.798711
39.82	3.763787
39.84	3.727644
39.86	3.690422
39.88	3.652278
39.9	3.613389
39.92	3.573952
39.94	3.534185
39.96	3.48221
39.98	3.495615
40	3.630226
40.02	3.793189
40.04	3.979957
40.06	4.186342
40.08	4.164382
40.1	4.139969
40.12	4.113116
40.14	4.083844
40.16	4.01816
40.18	3.981831
40.2	4.188862
40.22	4.146133
40.24	4.053539
40.26	4.003822
40.28	3.951942
40.3	4.149107
40.32	4.090034
40.34	4.028798
40.36	3.965523
40.38	3.702853
40.4	3.455845
40.42	3.229279
40.44	2.997233
40.46	2.950104
40.48	2.910841
40.5	2.913868
40.52	2.89946
40.54	2.881274
40.56	2.862151
40.58	2.842669
40.6	2.822955
40.62	2.803029
40.64	2.782896
40.66	2.74204
40.68	2.721317
40.7	2.700407
40.72	2.679305
40.74	2.65802
40.76	2.636554
40.78	2.614912
40.8	2.593248
40.82	2.571181
40.84	2.549031
40.86	2.52674
40.88	2.504295
40.9	2.45896
40.92	2.436082
40.94	2.413067
40.96	2.389926
40.98	2.366661
41	2.343283
41.02	2.31988
41.04	2.296254
41.06	2.272583
41.08	2.227037
41.1	2.203915
41.12	2.180765
41.14	2.157607
41.16	2.134455
41.18	2.111315
41.2	2.088197
41.22	2.042063
41.24	2.019067
41.26	1.996132
41.28	1.973269
41.3	1.95049
41.32	1.927808
41.34	1.905235
41.36	1.882785
41.38	1.838315
41.4	1.816326
41.42	1.794523
41.44	1.772924
41.46	1.751547
41.48	1.730412
41.5	1.70954
41.52	1.688954
41.54	1.668673
41.56	1.648724
41.58	1.629129
41.6	1.591111
41.62	1.572888
41.64	1.555037
41.66	1.537468
41.68	1.521548
41.7	1.505317
41.72	1.489032
41.74	1.472706
41.76	1.456635
41.78	1.440481
41.8	1.424264
41.82	1.391925
41.84	1.376649
41.86	1.361432
41.88	1.346251
41.9	1.33105
41.92	1.316631
41.94	1.304127
41.96	1.278991
41.98	1.266646
42	1.248681
42.02	1.242864
42.04	1.237831
42.06	1.233438
42.08	1.233107
42.1	1.232478
42.12	1.237015
42.14	1.241016
42.16	1.2481
42.18	1.25559
42.2	1.267092
42.22	1.279156
42.24	1.291848
42.26	1.307341
42.28	1.339235
42.3	1.355893
42.32	1.374818
42.34	1.393687
42.36	1.413329
42.38	1.433121
42.4	1.453262
42.42	1.474458
42.44	1.495642
42.46	1.517142
42.48	1.538774
42.5	1.584006
42.52	1.608259
42.54	1.633674
42.56	1.660128
42.58	1.687613
42.6	1.716155
42.62	1.74549
42.64	1.775749
42.66	1.806729
42.68	1.839511
42.7	1.907133
42.72	1.942093
42.74	1.977796
42.76	2.014214
42.78	2.051318
42.8	2.089094
42.82	2.127514
42.84	2.166611
42.86	2.206273
42.88	2.24652
42.9	2.287364
42.92	2.328785
42.94	2.370755
42.96	2.456246
42.98	2.499754
43	2.543752
43.02	2.58823
43.04	2.633185
43.06	2.6786
43.08	2.724447
43.1	2.77073
43.12	2.81744
43.14	2.864568
43.16	2.912105
43.18	3.008377
43.2	3.057097
43.22	3.106209
43.24	3.155696
43.26	3.205536
43.28	3.255736
43.3	3.306293
43.32	3.357199
43.34	3.40845
43.36	3.511991
43.38	3.564249
43.4	3.616833
43.42	3.66974
43.44	3.722966
43.46	3.776692
43.48	3.884993
43.5	3.939549
43.52	3.993721
43.54	4.048052
43.56	4.102867
43.58	4.15798
43.6	4.213355
43.62	4.324854
43.64	4.380972
43.66	4.437334
43.68	4.493937
43.7	4.550779
43.72	4.665174
43.74	4.722724
43.76	4.780507
43.78	4.838521
43.8	4.896766
43.82	4.95524
43.84	5.013941
43.86	5.07287
43.88	5.132024
43.9	5.191403
43.92	5.251005
43.94	5.310831
43.96	5.431148
43.98	5.491665
44	5.552376
44.02	5.613305
44.04	5.674454
44.06	5.73582
44.08	5.797404
44.1	5.859206
44.12	5.921225
44.14	5.98346
44.16	6.045911
44.18	6.171459
44.2	6.234557
44.22	6.297868
44.24	6.361395
44.26	6.429964
44.28	6.478657
44.3	6.551735
44.32	6.595683
44.34	6.659409
44.36	6.70738
44.38	6.754984
44.4	6.80221
44.42	6.849055
44.44	6.895523
44.46	6.987368
44.48	7.032784
44.5	7.083533
44.52	7.134963
44.54	7.186661
44.56	7.23855
44.58	7.290614
44.6	7.342848
44.62	7.395251
44.64	7.447822
44.66	7.500559
44.68	7.553462
44.7	7.65976
44.72	7.713153
44.74	7.766709
44.76	7.820427
44.78	7.874305
44.8	7.928343
44.82	7.982541
44.84	8.036897
44.86	8.091412
44.88	8.146085
44.9	8.255903
44.92	8.311047
44.94	8.366347
44.96	8.421804
44.98	8.477417
45	8.533185
45.02	8.589109
45.04	8.645188
45.06	8.701422
45.08	8.75781
45.1	8.871052
45.12	8.927905
45.14	8.927099
45.16	8.918008
45.18	8.916768
45.2	8.915281
45.22	8.913543
45.24	8.911554
45.26	8.906859
45.28	8.91105
45.3	8.908124
45.32	8.90871
45.34	8.913183
45.36	8.924416
45.38	8.927482
45.4	8.929965
45.42	8.932287
45.44	8.934462
45.46	8.936628
45.48	8.938701
45.5	8.940701
45.52	8.942633
45.54	8.946299
45.56	8.948019
45.58	8.949674
45.6	8.951262
45.62	8.952782
45.64	8.954223
45.66	8.955596
45.68	8.956903
45.7	8.958139
45.72	8.959307
45.74	8.96143
45.76	8.962387
45.78	8.963276
45.8	8.964097
45.82	8.964852
45.84	8.965541
45.86	8.966163
45.88	8.966713
45.9	8.967195
45.92	8.967607
45.94	8.968212
45.96	8.968406
45.98	9.23666
46	9.640523
46.02	11.54097
46.04	10.12849
46.06	11.50984
46.08	10.09615
46.1	11.46741
46.12	11.00956
46.14	11.23556
46.16	10.78124
46.18	10.99974
46.2	10.54987
46.22	10.76138
46.24	10.31704
46.26	10.5221
46.28	10.28378
46.3	9.555268
46.32	9.071882
46.34	8.879815
46.36	8.913633
46.38	8.923946
46.4	8.923864
46.42	8.921381
46.44	8.918309
46.46	8.9116
46.48	8.908054
46.5	8.904389
46.52	8.900614
46.54	8.896953
46.56	8.89313
46.58	8.889214
46.6	8.885225
46.62	8.881163
46.64	8.877031
46.66	8.868555
46.68	8.864211
46.7	8.859805
46.72	8.855329
46.74	8.850789
46.76	8.846182
46.78	8.822382
46.8	8.813248
46.82	8.809258
46.84	8.842383
46.86	8.874276
46.88	8.970296
46.9	9.01369
46.92	9.149631
46.94	9.373816
46.96	9.433002
46.98	9.63626
47	9.699993
47.02	9.705768
47.04	9.70963
47.06	9.71157
47.08	9.709657
47.1	9.705802
47.12	9.681852
47.14	9.673934
47.16	9.645467
47.18	9.585573
47.2	9.536594
47.22	9.486891
47.24	9.436788
47.26	9.386621
47.28	9.336743
47.3	9.287517
47.32	9.239317
47.34	9.192533
47.36	9.147561
47.38	8.969022
47.4	8.823417
47.42	8.615469
47.44	8.585796
47.46	8.665539
47.48	8.664321
47.5	8.782723
47.52	8.696692
47.54	8.824797
47.56	8.824668
47.58	8.823888
47.6	8.814727
47.62	8.778815
47.64	8.760488
47.66	8.742525
47.68	8.732236
47.7	8.728046
47.72	8.72531
47.74	8.726144
47.76	8.724278
47.78	8.719878
47.8	8.712781
47.82	8.703218
47.84	8.691678
47.86	8.677907
47.88	8.70068
47.9	8.744232
47.92	8.726667
47.94	8.809497
47.96	8.789104
47.98	8.884686
48	8.860643
48.02	8.967718
48.04	8.939278
48.06	9.056651
48.08	9.02314
48.1	9.11125
48.12	9.072314
48.14	9.033063
48.16	8.993675
48.18	8.954347
48.2	8.915277
48.22	8.876678
48.24	8.83877
48.26	8.801778
48.28	8.765944
48.3	8.592225
48.32	8.568274
48.34	8.618668
48.36	8.627501
48.38	8.616677
48.4	8.728181
48.42	8.743587
48.44	8.624856
48.46	8.687918
48.48	8.761306
48.5	8.844199
48.52	8.935782
48.54	9.035257
48.56	9.141395
48.58	9.251734
48.6	9.491245
48.62	9.619503
48.64	9.663597
48.66	9.7045
48.68	9.742051
48.7	9.776097
48.72	9.806502
48.74	9.833138
48.76	9.990818
48.78	10.0145
48.8	10.17723
48.82	9.9245
48.84	9.715292
48.86	9.330613
48.88	9.157782
48.9	8.999808
48.92	8.85813
48.94	8.734197
48.96	8.629436
48.98	8.545228
49	8.499711
49.02	8.472181
49.04	8.435288
49.06	8.470571
49.08	8.423583
49.1	8.407893
49.12	8.436415
49.14	8.390484
49.16	8.415952
49.18	8.371719
49.2	8.376279
49.22	8.351394
49.24	8.352495
49.26	8.329988
49.28	8.328375
49.3	8.307627
49.32	8.30315
49.34	8.284132
49.36	8.276786
49.38	8.255836
49.4	8.235021
49.42	8.22879
49.44	8.207907
49.46	8.199511
49.48	8.17935
49.5	8.168796
49.52	8.136801
49.54	8.167917
49.56	8.227097
49.58	8.273371
49.6	8.357082
49.62	8.416272
49.64	8.521691
49.66	8.715861
49.68	8.794307
49.7	8.934723
49.72	8.90067
49.74	8.864677
49.76	8.826825
49.78	8.787201
49.8	8.745896
49.82	8.70301
49.84	8.658648
49.86	8.612921
49.88	8.565951
49.9	8.274227
49.92	8.058582
49.94	7.874604
49.96	7.725937
49.98	7.638068
50	7.655965
50.02	7.658333
50.04	7.657131
50.06	7.655313
50.08	7.65347
50.1	7.651732
50.12	7.650128
50.14	7.64866
50.16	7.646132
50.18	7.645072
50.2	7.644149
50.22	7.643361
50.24	7.642709
50.26	7.642192
50.28	7.641811
50.3	7.641565
50.32	7.641454
50.34	7.641478
50.36	7.641637
50.38	7.642362
50.4	7.642928
50.42	7.643629
50.44	7.644465
50.46	7.645439
50.48	7.646548
50.5	7.647805
50.52	7.649199
50.54	7.65073
50.56	7.652398
50.58	7.654204
50.6	7.656167
50.62	7.658266
50.64	7.662884
50.66	7.665415
50.68	7.668087
50.7	7.6709
50.72	7.673872
50.74	7.676985
50.76	7.680241
50.78	7.683654
50.8	7.687212
50.82	7.690915
50.84	7.694784
50.86	7.702961
50.88	7.70737
50.9	7.711744
50.92	7.716358
50.94	7.72113
50.96	7.726058
50.98	7.731156
51	7.736407
51.02	7.741834
51.04	7.747451
51.06	7.759093
51.08	7.765125
51.1	7.781239
51.12	7.79553
51.14	7.807845
51.16	7.818037
51.18	7.825963
51.2	7.825399
51.22	7.829695
51.24	7.834888
51.26	7.840214
51.28	7.871786
51.3	7.860433
51.32	7.887073
51.34	7.872503
51.36	7.898306
51.38	7.882968
51.4	7.913528
51.42	7.896114
51.44	7.926614
51.46	7.937871
51.48	7.917588
51.5	7.947699
51.52	7.926715
51.54	7.956591
51.56	7.873779
51.58	7.99914
51.6	7.913305
51.62	7.928194
51.64	7.940296
51.66	7.963979
51.68	7.976169
51.7	7.988633
51.72	8.001376
51.74	8.014435
51.76	8.02778
51.78	8.041422
51.8	8.055349
51.82	8.06956
51.84	8.084056
51.86	8.113993
51.88	8.129398
51.9	8.145091
51.92	8.161107
51.94	8.194033
51.96	8.210935
51.98	8.228156
52	8.245679
52.02	8.263507
52.04	8.281638
52.06	8.300487
52.08	8.319429
52.1	8.338624
52.12	8.358101
52.14	8.377869
52.16	8.41827
52.18	8.438904
52.2	8.459828
52.22	8.481039
52.24	8.502538
52.26	8.524323
52.28	8.546397
52.3	8.568755
52.32	8.591401
52.34	8.61433
52.36	8.637545
52.38	8.661042
52.4	8.684825
52.42	8.708891
52.44	8.748616
52.46	8.753475
52.48	8.755985
52.5	8.758438
52.52	8.761107
52.54	8.763727
52.56	8.766409
52.58	8.771789
52.6	8.77455
52.62	8.777326
52.64	8.780154
52.66	8.7831
52.68	8.78642
52.7	8.792234
52.72	8.795238
52.74	8.798316
52.76	8.801363
52.78	8.804458
52.8	8.807502
52.82	8.81057
52.84	8.813663
52.86	8.816742
52.88	8.819847
52.9	8.822937
52.92	8.829178
52.94	8.832277
52.96	8.835378
52.98	8.838511
53	8.841621
53.02	8.844749
53.04	8.847858
53.06	8.851064
53.08	8.854213
53.1	8.85725
53.12	8.884017
53.14	8.886024
53.16	8.887498
53.18	8.888466
53.2	8.888981
53.22	8.888584
53.24	8.887796
53.26	8.886652
53.28	8.888765
53.3	8.95555
53.32	8.892478
53.34	8.9611
53.36	8.89554
53.38	8.92377
53.4	8.954123
53.42	8.952375
53.44	8.923023
53.46	8.950006
53.48	8.922293
53.5	8.9474
53.52	8.926386
53.54	8.954542
53.56	8.974318
53.58	8.975345
53.6	8.976238
53.62	8.976656
53.64	8.976555
53.66	8.975945
53.68	8.974851
53.7	8.971332
53.72	8.96898
53.74	8.966287
53.76	8.966976
53.78	8.967451
53.8	8.967726
53.82	8.968286
53.84	8.969133
53.86	8.970176
53.88	8.971393
53.9	8.974334
53.92	8.976007
53.94	8.977849
53.96	8.979854
53.98	8.981895
54	8.983031
54.02	8.983915
54.04	8.984683
54.06	8.985384
54.08	8.986007
54.1	8.986554
54.12	8.98743
54.14	8.987757
54.16	8.988009
54.18	8.988188
54.2	8.982255
54.22	8.982428
54.24	8.980753
54.26	8.976748
54.28	8.974863
54.3	8.973094
54.32	8.971445
54.34	8.969914
54.36	8.968505
54.38	8.96607
54.4	8.965042
54.42	8.964135
54.44	8.963348
54.46	8.962682
54.48	8.961788
54.5	8.961521
54.52	8.960582
54.54	8.959254
54.56	8.957832
54.58	8.956367
54.6	8.954875
54.62	8.953322
54.64	8.951732
54.66	8.950083
54.68	8.946574
54.7	8.944654
54.72	8.942719
54.74	8.940734
54.76	8.938693
54.78	8.93664
54.8	8.934531
54.82	8.932385
54.84	8.930069
54.86	8.927703
54.88	8.925319
54.9	8.922964
54.92	8.918059
54.94	8.915595
54.96	8.942825
54.98	8.972194
55	9.03293
55.02	9.10366
55.04	9.183526
55.06	9.271826
55.08	9.471017
55.1	9.580303
55.12	9.694907
55.14	9.81423
55.16	9.937697
55.18	9.961699
55.2	9.984168
55.22	10.00507
55.24	10.02437
55.26	10.04204
55.28	10.05806
55.3	10.0724
55.32	10.08506
55.34	10.10526
55.36	9.834894
55.38	9.789092
55.4	9.743009
55.42	9.696121
55.44	9.648414
55.46	9.599973
55.48	9.550913
55.5	9.501362
55.52	9.451454
55.54	9.401333
55.56	9.301057
55.58	9.251227
55.6	9.201834
55.62	9.153061
55.64	9.105101
55.66	9.058155
55.68	9.012434
55.7	8.968155
55.72	8.925549
55.74	8.846303
55.76	8.81016
55.78	8.776684
55.8	8.746138
55.82	8.741596
55.84	8.740984
55.86	8.735805
55.88	8.730264
55.9	8.724361
55.92	8.718102
55.94	8.711494
55.96	8.705565
55.98	8.699971
56	8.6894
56.02	8.684408
56.04	8.67964
56.06	8.675071
56.08	8.670725
56.1	8.666942
56.12	8.663315
56.14	8.659808
56.16	8.656632
56.18	8.650863
56.2	8.648306
56.22	8.646123
56.24	8.644219
56.26	8.642615
56.28	8.641282
56.3	8.640256
56.32	8.639083
56.34	8.638947
56.36	8.639137
56.38	8.639939
56.4	8.641042
56.42	8.642443
56.44	8.644181
56.46	8.648624
56.48	8.651335
56.5	8.654393
56.52	8.657774
56.54	8.66151
56.56	8.665571
56.58	8.674743
56.6	8.679927
56.62	8.685266
56.64	8.691342
56.66	8.697741
56.68	8.704453
56.7	8.711514
56.72	8.718891
56.74	8.726615
56.76	8.734655
56.78	8.743041
56.8	8.76079
56.82	8.770152
56.84	8.779857
56.86	8.789876
56.88	8.800154
56.9	8.810883
56.92	8.82198
56.94	8.84511
56.96	8.857108
56.98	8.869314
57	8.879835
57.02	8.890109
57.04	8.910785
57.06	8.921309
57.08	8.931991
57.1	8.942797
57.12	8.953754
57.14	8.964831
57.16	8.976053
57.18	8.999052
57.2	9.010774
57.22	9.022582
57.24	9.046699
57.26	9.059002
57.28	9.071342
57.3	9.08357
57.32	9.10808
57.34	9.120383
57.36	9.132692
57.38	9.14504
57.4	9.157385
57.42	9.182117
57.44	9.1945
57.46	9.206807
57.48	9.219185
57.5	9.231548
57.52	9.243979
57.54	9.268851
57.56	9.281286
57.58	9.29356
57.6	9.305622
57.62	9.329337
57.64	9.341013
57.66	9.35259
57.68	9.364027
57.7	9.375356
57.72	9.386537
57.74	9.397602
57.76	9.419298
57.78	9.42992
57.8	9.440413
57.82	9.450779
57.84	9.46099
57.86	9.471115
57.88	9.490605
57.9	9.500073
57.92	9.509348
57.94	9.518669
57.96	9.527711
57.98	9.536555
58	9.545418
58.02	9.554006
58.04	9.570529
58.06	9.578378
58.08	9.585995
58.1	9.593433
58.12	9.600633
58.14	9.607605
58.16	9.614392
58.18	9.620936
58.2	9.633349
58.22	9.639265
58.24	9.644917
58.26	9.650362
58.28	9.66052
58.3	9.665282
58.32	9.669767
58.34	9.674064
58.36	9.678086
58.38	9.685481
58.4	9.688843
58.42	9.691913
58.44	9.651077
58.46	9.565498
58.48	9.520593
58.5	9.398439
58.52	9.333692
58.54	9.222086
58.56	9.341038
58.58	9.222695
58.6	9.340867
58.62	9.220219
58.64	9.215518
58.66	9.331731
58.68	9.269458
58.7	9.158631
58.72	9.218459
58.74	9.110067
58.76	9.166661
58.78	9.060132
58.8	9.113272
58.82	9.008607
58.84	9.058266
58.86	9.03159
58.88	9.103461
58.9	9.151359
58.92	9.123478
58.94	9.200773
58.96	9.171512
58.98	9.250631
59	9.134301
59.02	9.210422
59.04	9.142339
59.06	9.08849
59.08	9.100157
59.1	9.031154
59.12	9.039604
59.14	8.970882
59.16	8.976196
59.18	8.908323
59.2	8.910618
59.22	8.866153
59.24	8.85618
59.26	8.849852
59.28	8.835806
59.3	8.829615
59.32	8.821724
59.34	8.813393
59.36	8.804716
59.38	8.795864
59.4	8.786819
59.42	8.777488
59.44	8.768007
59.46	8.758348
59.48	8.738339
59.5	8.728101
59.52	8.717665
59.54	8.707062
59.56	8.696269
59.58	8.68532
59.6	8.674623
59.62	8.663754
59.64	8.652789
59.66	8.641706
59.68	8.630543
59.7	8.619272
59.72	8.607929
59.74	8.584977
59.76	8.573376
59.78	8.56172
59.8	8.549978
59.82	8.53819
59.84	8.514421
59.86	8.502448
59.88	8.490449
59.9	8.478388
59.92	8.46631
59.94	8.442042
59.96	8.429862
59.98	8.418159
60	8.406434
60.02	8.383092
60.04	8.37149
60.06	8.359913
60.08	8.348404
60.1	8.336926
60.12	8.325525
60.14	8.314162
60.16	8.291648
60.18	8.280504
60.2	8.269414
60.22	8.258422
60.24	8.24749
60.26	8.236665
60.28	8.225906
60.3	8.215264
60.32	8.205387
60.34	8.185668
60.36	8.175976
60.38	8.16644
60.4	8.15702
60.42	8.147761
60.44	8.13862
60.46	8.129646
60.48	8.112112
60.5	8.103555
60.52	8.095172
60.54	8.086919
60.56	8.078843
60.58	8.070901
60.6	8.063141
60.62	8.056209
60.64	8.042745
60.66	8.036141
60.68	8.029944
60.7	8.023745
60.72	8.01773
60.74	8.006182
60.76	8.000633
60.78	7.995007
60.8	7.989606
60.82	7.984357
60.84	7.97436
60.86	7.96961
60.88	7.964995
60.9	7.961097
60.92	7.957268
60.94	7.953597
60.96	7.95005
60.98	7.946669
61	7.940468
61.02	7.937361
61.04	7.934529
61.06	7.93182
61.08	7.92926
61.1	7.926805
61.12	7.924492
61.14	7.920198
61.16	7.918213
61.18	7.916358
61.2	7.914591
61.22	7.912947
61.24	7.911941
61.26	7.910889
61.28	7.90991
61.3	7.908981
61.32	7.908136
61.34	7.906611
61.36	7.905923
61.38	7.905301
61.4	7.904589
61.42	7.904051
61.44	7.903067
61.46	7.902611
61.48	7.902194
61.5	7.901783
61.52	7.901402
61.54	7.901019
61.56	7.900658
61.58	7.900287
61.6	7.899931
61.62	7.899536
61.64	7.899425
61.66	7.899271
61.68	7.899049
61.7	7.898782
61.72	7.898438
61.74	7.898039
61.76	7.897491
61.78	7.896923
61.8	7.896293
61.82	7.895506
61.84	7.894682
61.86	7.892722
61.88	7.891606
61.9	7.890403
61.92	7.88903
61.94	7.887589
61.96	7.886048
61.98	7.871603
62	7.858054
62.02	7.844608
62.04	7.831099
62.06	7.790228
62.08	7.768542
62.1	7.746309
62.12	7.723531
62.14	7.70019
62.16	7.676266
62.18	7.651736
62.2	7.626579
62.22	7.600774
62.24	7.615706
62.26	7.569835
62.28	7.588301
62.3	7.58877
62.32	7.584223
62.34	7.571813
62.36	7.564971
62.38	7.557743
62.4	7.550196
62.42	7.542271
62.44	7.533974
62.46	7.516354
62.48	7.507024
62.5	7.497318
62.52	7.48724
62.54	7.476826
62.56	7.466035
62.58	7.434237
62.6	7.460623
62.62	7.486631
62.64	7.516433
62.66	7.514037
62.68	7.493106
62.7	7.470769
62.72	7.447065
62.74	7.395738
62.76	7.368222
62.78	7.339553
62.8	7.3098
62.82	7.279041
62.84	7.24736
62.86	7.181605
62.88	7.147738
62.9	7.113362
62.92	7.094995
62.94	7.080277
62.96	7.060986
62.98	7.040436
63	6.997765
63.02	6.975776
63.04	6.953403
63.06	6.93061
63.08	6.907403
63.1	6.883823
63.12	6.859815
63.14	6.810613
63.16	6.785426
63.18	6.75984
63.2	6.733874
63.22	6.707516
63.24	6.680783
63.26	6.653663
63.28	6.626174
63.3	6.570076
63.32	6.541472
63.34	6.512516
63.36	6.483192
63.38	6.453525
63.4	6.423498
63.42	6.393138
63.44	6.362426
63.46	6.331391
63.48	6.268668
63.5	6.236927
63.52	6.204875
63.54	6.172558
63.56	6.139961
63.58	6.107115
63.6	6.074
63.62	6.040647
63.64	6.007035
63.66	5.973196
63.68	5.939111
63.7	5.904811
63.72	5.870278
63.74	5.835647
63.76	5.765513
63.78	5.730232
63.8	5.694755
63.82	5.623284
63.84	5.587354
63.86	5.551252
63.88	5.51487
63.9	5.478966
63.92	5.406738
63.94	5.370635
63.96	5.334163
63.98	5.297596
64	5.224387
64.02	5.187712
64.04	5.150999
64.06	5.114257
64.08	5.040728
64.1	5.003963
64.12	4.967214
64.14	4.930492
64.16	4.893809
64.18	4.857227
64.2	4.784639
64.22	4.74879
64.24	4.677159
64.26	4.64157
64.28	4.60612
64.3	4.570819
64.32	4.500717
64.34	4.465944
64.36	4.431374
64.38	4.397043
64.4	4.362926
64.42	4.329058
64.44	4.295456
64.46	4.262232
64.48	4.229089
64.5	4.164554
64.52	4.133046
64.54	4.101863
64.56	4.071029
64.58	4.04056
64.6	4.010471
64.62	3.980778
64.64	3.951499
64.66	3.922649
64.68	3.894247
64.7	3.838856
64.72	3.811902
64.74	3.785468
64.76	3.759573
64.78	3.734237
64.8	3.70948
64.82	3.685321
64.84	3.66235
64.86	3.639946
64.88	3.596902
64.9	3.576293
64.92	3.556311
64.94	3.536974
64.96	3.518295
64.98	3.500291
65	3.482978
65.02	3.466371
65.04	3.450485
65.06	3.435336
65.08	3.42094
65.1	3.407311
65.12	3.394465
65.14	3.382417
65.16	3.360774
65.18	3.351207
65.2	3.343107
65.22	3.335628
65.24	3.328877
65.26	3.322884
65.28	3.317657
65.3	3.309536
65.32	3.306653
65.34	3.304563
65.36	3.303271
65.38	3.302782
65.4	3.303101
65.42	3.306176
65.44	3.30894
65.46	3.312526
65.48	3.316935
65.5	3.322169
65.52	3.328231
65.54	3.392847
65.56	3.397699
65.58	3.406031
65.6	3.409626
65.62	3.41294
65.64	3.416065
65.66	3.428209
65.68	3.367961
65.7	3.326684
65.72	3.287285
65.74	3.24775
65.76	3.084066
65.78	2.935881
65.8	2.790441
65.82	2.645587
65.84	2.535657
65.86	2.851928
65.88	2.860327
65.9	2.86738
65.92	2.873131
65.94	2.877637
65.96	2.88097
65.98	2.883216
66	2.884475
66.02	2.884862
66.04	2.883558
66.06	2.882174
66.08	2.880532
66.1	2.878827
66.12	2.87727
66.14	2.876086
66.16	2.901728
66.18	2.957998
66.2	2.983126
66.22	3.034143
66.24	3.060207
66.26	3.086644
66.28	3.113446
66.3	3.140602
66.32	3.168104
66.34	3.195943
66.36	3.224112
66.38	3.281412
66.4	3.310531
66.42	3.339956
66.44	3.399705
66.46	3.430022
66.48	3.460629
66.5	3.491524
66.52	3.55417
66.54	3.585919
66.56	3.651359
66.58	3.684583
66.6	3.718177
66.62	3.78647
66.64	3.821161
66.66	3.891617
66.68	3.927376
66.7	3.963486
66.72	3.999943
66.74	4.036747
66.76	4.073895
66.78	4.111385
66.8	4.149216
66.82	4.041007
66.84	4.296101
66.86	4.116806
66.88	4.373423
66.9	4.191701
66.92	4.246294
66.94	4.520802
66.96	4.293793
66.98	4.570058
67	4.347395
67.02	4.378233
67.04	4.410246
67.06	4.442955
67.08	4.475699
67.1	4.508477
67.12	4.574139
67.14	4.607024
67.16	4.639945
67.18	4.672904
67.2	4.7059
67.22	4.738936
67.24	4.772011
67.26	4.805128
67.28	4.838288
67.3	4.905567
67.32	4.939734
67.34	4.973663
67.36	5.007915
67.38	5.042146
67.4	5.076474
67.42	5.110824
67.44	5.145332
67.46	5.214265
67.48	5.248857
67.5	5.283498
67.52	5.318188
67.54	5.352924
67.56	5.422738
67.58	5.457545
67.6	5.492911
67.62	5.528422
67.64	5.563991
67.66	5.599599
67.68	5.635239
67.7	5.670908
67.72	5.742308
67.74	5.778001
67.76	5.813736
67.78	5.849493
67.8	5.885243
67.82	5.921029
67.84	5.956827
67.86	5.992635
67.88	6.028666
67.9	6.064748
67.92	6.101149
67.94	6.137032
67.96	6.209124
67.98	6.245138
68	6.281111
68.02	6.317037
68.04	6.352913
68.06	6.388737
68.08	6.424505
68.1	6.460215
68.12	6.495862
68.14	6.531447
68.16	6.566971
68.18	6.638179
68.2	6.673805
68.22	6.709296
68.24	6.74466
68.26	6.779895
68.28	6.814997
68.3	6.849963
68.32	6.884787
68.34	6.919468
68.36	6.954002
68.38	6.988385
68.4	7.022614
68.42	7.056684
68.44	7.12435
68.46	7.157783
68.48	7.191423
68.5	7.224796
68.52	7.257923
68.54	7.290815
68.56	7.323462
68.58	7.355869
68.6	7.419926
68.62	7.451571
68.64	7.482959
68.66	7.51408
68.68	7.544938
68.7	7.575523
68.72	7.605838
68.74	7.635874
68.76	7.665635
68.78	7.69511
68.8	7.724304
68.82	7.753463
68.84	7.782169
68.86	7.838451
68.88	7.866041
68.9	7.893268
68.92	7.920116
68.94	7.946595
68.96	7.97269
68.98	8.023735
69	8.048679
69.02	8.073228
69.04	8.097388
69.06	8.121146
69.08	8.14451
69.1	8.167468
69.12	8.190026
69.14	8.233916
69.16	8.255243
69.18	8.276219
69.2	8.296674
69.22	8.316624
69.24	8.336085
69.26	8.373513
69.28	8.391475
69.3	8.408938
69.32	8.425891
69.34	8.442358
69.36	8.458301
69.38	8.473722
69.4	8.488652
69.42	8.503051
69.44	8.516924
69.46	8.581616
69.48	8.63765
69.5	8.698013
69.52	8.656194
69.54	8.713471
69.56	8.670136
69.58	8.724071
69.6	8.730055
69.62	8.657795
69.64	8.731748
69.66	8.666771
69.68	8.672734
69.7	8.677643
69.72	8.681499
69.74	8.684306
69.76	8.691306
69.78	8.694166
69.8	8.69647
69.82	8.69813
69.84	8.699155
69.86	8.69955
69.88	8.699314
69.9	8.698448
69.92	8.696931
69.94	8.694782
69.96	8.692
69.98	8.688584
70	8.684534
70.02	8.674528
70.04	8.668551
70.06	8.66194
70.08	8.654693
70.1	8.646809
70.12	8.638288
70.14	8.629131
70.16	8.60891
70.18	8.597847
70.2	8.586149
70.22	8.57404
70.24	8.561319
70.26	8.548038
70.28	8.666449
70.3	8.745968
70.32	8.83796
70.34	9.189579
70.36	9.401548
70.38	9.634615
70.4	10.15539
70.42	10.43905
70.44	10.72867
70.46	10.68484
70.48	10.63868
70.5	10.53948
70.52	10.48652
70.54	10.3741
70.56	10.31474
70.58	10.25336
70.6	10.12479
70.62	10.05774
70.64	9.988955
70.66	9.918508
70.68	9.846493
70.7	9.773009
70.72	9.698158
70.74	9.622054
70.76	9.544813
70.78	9.387445
70.8	9.307599
70.82	9.227183
70.84	9.146362
70.86	9.065313
70.88	8.984226
70.9	8.903299
70.92	8.742794
70.94	8.663681
70.96	8.585662
70.98	8.509004
71	8.43399
71.02	8.360917
71.04	8.221861
71.06	8.156546
71.08	8.094507
71.1	8.036114
71.12	7.981746
71.14	7.931794
71.16	7.886657
71.18	7.868049
71.2	7.854393
71.22	7.835678
71.24	7.798102
71.26	7.779227
71.28	7.760331
71.3	7.741448
71.32	7.723255
71.34	7.583043
71.36	7.629122
71.38	7.677672
71.4	7.624246
71.42	7.67574
71.44	7.621226
71.46	7.619575
71.48	7.676275
71.5	7.618904
71.52	7.677969
71.54	7.611074
71.56	7.552468
71.58	7.52698
71.6	7.549175
71.62	7.561735
71.64	7.587149
71.66	7.599848
71.68	7.612547
71.7	7.62526
71.72	7.638005
71.74	7.650806
71.76	7.663695
71.78	7.677834
71.8	7.69293
71.82	7.708706
71.84	7.742138
71.86	7.759793
71.88	7.778342
71.9	7.797026
71.92	7.816525
71.94	7.836707
71.96	7.857932
71.98	7.879325
72	7.902285
72.02	7.925688
72.04	7.949716
72.06	8.000028
72.08	8.025843
72.1	8.052366
72.12	8.079661
72.14	8.107647
72.16	8.13631
72.18	8.195957
72.2	8.227001
72.22	8.298755
72.24	8.281672
72.26	8.39116
72.28	8.400773
72.3	8.520134
72.32	8.531994
72.34	8.66009
72.36	8.673336
72.38	8.809126
72.4	8.835223
72.42	8.818025
72.44	8.957301
72.46	8.982682
72.48	9.168655
72.5	9.12589
72.52	9.153842
72.54	9.111402
72.56	9.135734
72.58	9.094253
72.6	9.114786
72.62	9.004649
72.64	8.907726
72.66	8.825019
72.68	8.746727
72.7	8.705197
72.72	8.709843
72.74	8.714754
72.76	8.720178
72.78	8.725952
72.8	8.732267
72.82	8.738935
72.84	8.753678
72.86	8.761746
72.88	8.770153
72.9	8.779073
72.92	8.788326
72.94	8.798081
72.96	8.808164
72.98	8.818391
73	8.829043
73.02	8.839965
73.04	8.851314
73.06	8.862922
73.08	8.887219
73.1	8.899895
73.12	8.912813
73.14	8.926118
73.16	8.939655
73.18	8.953568
73.2	8.982203
73.22	8.996917
73.24	9.011979
73.26	9.02725
73.28	9.058012
73.3	9.073787
73.32	9.089736
73.34	9.1058
73.36	9.122107
73.38	9.138533
73.4	9.155191
73.42	9.171963
73.44	9.188952
73.46	9.206045
73.48	9.24074
73.5	9.255054
73.52	9.267152
73.54	9.278757
73.56	9.290227
73.58	9.301598
73.6	9.312891
73.62	9.324095
73.64	9.335217
73.66	9.357182
73.68	9.36802
73.7	9.378765
73.72	9.389406
73.74	9.399943
73.76	9.410449
73.78	9.43077
73.8	9.440678
73.82	9.450412
73.84	9.45997
73.86	9.469341
73.88	9.478531
73.9	9.487635
73.92	9.496378
73.94	9.513438
73.96	9.521677
73.98	9.529727
74	9.537582
74.02	9.545228
74.04	9.55268
74.06	9.55993
74.08	9.566966
74.1	9.573804
74.12	9.580416
74.14	9.624146
74.16	9.780196
74.18	9.843451
74.2	10.1084
74.22	10.1634
74.24	10.06507
74.26	10.12408
74.28	10.0254
74.3	10.08346
74.32	9.984743
74.34	10.04156
74.36	9.999001
74.38	9.901322
74.4	9.892997
74.42	9.883871
74.44	9.873953
74.46	9.863257
74.48	9.819526
74.5	9.807713
74.52	9.76492
74.54	9.752254
74.56	9.697669
74.58	9.454232
74.6	9.441236
74.62	9.438955
74.64	9.43441
74.66	9.423294
74.68	9.417262
74.7	9.410963
74.72	9.404402
74.74	9.397608
74.76	9.390547
74.78	9.383224
74.8	9.375685
74.82	9.367879
74.84	9.359811
74.86	9.351824
74.88	9.414135
74.9	9.477091
74.92	9.540633
74.94	9.604714
74.96	9.734107
74.98	9.803617
75	9.739384
75.02	9.807328
75.04	9.74284
75.06	9.809123
75.08	9.74488
75.1	9.777682
75.12	9.714878
75.14	9.474728
75.16	9.466761
75.18	9.45015
75.2	9.441527
75.22	9.433356
75.24	9.425317
75.26	9.417387
75.28	9.409524
75.3	9.401643
75.32	9.393877
75.34	9.378509
75.36	9.370914
75.38	9.3634
75.4	9.355951
75.42	9.348595
75.44	9.341312
75.46	9.334135
75.48	9.327041
75.5	9.320357
75.52	9.307493
75.54	9.301325
75.56	9.295356
75.58	9.289564
75.6	9.281778
75.62	9.271196
75.64	9.26034
75.66	9.249684
75.68	9.228553
75.7	9.218068
75.72	9.20766
75.74	9.197297
75.76	9.187008
75.78	9.176764
75.8	9.166581
75.82	9.156441
75.84	9.146345
75.86	9.12618
75.88	9.116085
75.9	9.10595
75.92	9.095812
75.94	9.085724
75.96	9.0759
75.98	9.066016
76	9.056148
76.02	9.046313
76.04	9.036501
76.06	9.016994
76.08	9.007307
76.1	8.997645
76.12	8.988042
76.14	8.978468
76.16	8.968956
76.18	8.959476
76.2	8.950063
76.22	8.940685
76.24	8.931377
76.26	8.922111
76.28	8.912917
76.3	8.903767
76.32	8.894696
76.34	8.876728
76.36	8.867933
76.38	8.859468
76.4	8.851135
76.42	8.84281
76.44	8.834582
76.46	8.82644
76.48	8.818419
76.5	8.810483
76.52	8.794949
76.54	8.787352
76.56	8.779842
76.58	8.772463
76.6	8.765171
76.62	8.758012
76.64	8.750941
76.66	8.744004
76.68	8.737158
76.7	8.723825
76.72	8.717192
76.74	8.710966
76.76	8.705204
76.78	8.69939
76.8	8.693714
76.82	8.688118
76.84	8.682688
76.86	8.677364
76.88	8.672197
76.9	8.667139
76.92	8.662235
76.94	8.657438
76.96	8.652794
76.98	8.643868
77	8.639586
77.02	8.635452
77.04	8.631423
77.06	8.627542
77.08	8.623762
77.1	8.620129
77.12	8.616597
77.14	8.61321
77.16	8.610001
77.18	8.604529
77.2	8.601899
77.22	8.599387
77.24	8.596988
77.26	8.594717
77.28	8.592556
77.3	8.59052
77.32	8.588593
77.34	8.585079
77.36	8.583492
77.38	8.582004
77.4	8.580628
77.42	8.579349
77.44	8.578176
77.46	8.577098
77.48	8.576109
77.5	8.575447
77.52	8.573792
77.54	8.573174
77.56	8.572659
77.58	8.572239
77.6	8.571886
77.62	8.572043
77.64	8.572157
77.66	8.572285
77.68	8.572451
77.7	8.572689
77.72	8.573341
77.74	8.573853
77.76	8.574263
77.78	8.574797
77.8	8.575401
77.82	8.576033
77.84	8.576734
77.86	8.577567
77.88	8.578274
77.9	8.579092
77.92	8.579967
77.94	8.580856
77.96	8.581801
77.98	8.583792
78	8.58481
78.02	8.585876
78.04	8.586796
78.06	8.589152
78.08	8.590281
78.1	8.591471
78.12	8.59261
78.14	8.593706
78.16	8.594989
78.18	8.596202
78.2	8.597543
78.22	8.598849
78.24	8.601389
78.26	8.661721
78.28	8.595667
78.3	8.707371
78.32	8.640377
78.34	8.76734
78.36	8.632302
78.38	8.758413
78.4	8.705412
78.42	8.653632
78.44	8.579436
78.46	8.554614
78.48	8.504031
78.5	8.477297
78.52	8.427873
78.54	8.406946
78.56	8.406712
78.58	8.406087
78.6	8.404925
78.62	8.404932
78.64	8.405258
78.66	8.405735
78.68	8.406331
78.7	8.407037
78.72	8.408766
78.74	8.409786
78.76	8.410908
78.78	8.412129
78.8	8.413449
78.82	8.414866
78.84	8.41638
78.86	8.417989
78.88	8.419692
78.9	8.421568
78.92	8.42353
78.94	8.672992
78.96	8.667026
78.98	8.663091
79	8.659038
79.02	8.649316
79.04	8.64361
79.06	8.637377
79.08	8.630652
79.1	8.623483
79.12	8.615917
79.14	8.608014
79.16	8.606442
79.18	8.605124
79.2	8.603105
79.22	8.600524
79.24	8.598964
79.26	8.597767
79.28	8.477251
79.3	8.597795
79.32	8.595663
79.34	8.478283
79.36	8.593375
79.38	8.479393
79.4	8.591798
79.42	8.481386
79.44	8.591111
79.46	8.488713
79.48	8.623706
79.5	8.514492
79.52	8.650952
79.54	8.677749
79.56	8.560988
79.58	8.704133
79.6	8.583715
79.62	8.690251
79.64	8.68233
79.66	8.673898
79.68	8.66496
79.7	8.645744
79.72	8.635587
79.74	8.62515
79.76	8.614508
79.78	8.603737
79.8	8.592923
79.82	8.582152
79.84	8.568665
79.86	8.565752
79.88	8.562778
79.9	8.559746
79.92	8.556409
79.94	8.554092
79.96	8.552319
79.98	8.550977
80	8.550022
80.02	8.54931
80.04	8.549556
80.06	8.550192
80.08	8.551243
80.1	8.55269
80.12	8.554548
80.14	8.556811
80.16	8.559499
80.18	8.562592
80.2	8.566114
80.22	8.570047
80.24	8.579194
80.26	8.584414
80.28	8.590054
80.3	8.596137
80.32	8.602826
80.34	8.609912
80.36	8.617401
80.38	8.625321
80.4	8.633016
80.42	8.637711
80.44	8.645905
80.46	8.649995
80.48	8.654108
80.5	8.658287
80.52	8.662506
80.54	8.666804
80.56	8.67116
80.58	8.675617
80.6	8.680166
80.62	8.684824
80.64	8.689578
80.66	8.699404
80.68	8.704475
80.7	8.709621
80.72	8.714918
80.74	8.720295
80.76	8.725897
80.78	8.731755
80.8	8.737617
80.82	8.743518
80.84	8.749508
80.86	8.755557
80.88	8.767914
80.9	8.77422
80.92	8.780585
80.94	8.787047
80.96	8.793566
80.98	8.800182
81	8.806853
81.02	8.813621
81.04	8.820441
81.06	8.827358
81.08	8.834328
81.1	8.841392
81.12	8.855714
81.14	8.862973
81.16	8.870324
81.18	8.87772
81.2	8.885204
81.22	8.892836
81.24	8.90064
81.26	8.908418
81.28	8.916183
81.3	8.923997
81.32	8.939688
81.34	8.947563
81.36	8.955481
81.38	8.963403
81.4	8.971364
81.42	8.979327
81.44	8.987328
81.46	8.995327
81.48	9.003361
81.5	9.019452
81.52	9.027508
81.54	9.035668
81.56	9.043668
81.58	9.051828
81.6	9.059859
81.62	9.067952
81.64	9.084145
81.66	9.092236
81.68	9.100124
81.7	9.108231
81.72	9.116253
81.74	9.132533
81.76	9.140525
81.78	9.148543
81.8	9.156324
81.82	9.164113
81.84	9.171858
81.86	9.18714
81.88	9.202187
81.9	9.209585
81.92	9.216933
81.94	9.224193
81.96	9.231395
81.98	9.245708
82	9.252572
82.02	9.259527
82.04	9.266381
82.06	9.27302
82.08	9.28634
82.1	9.292742
82.12	9.299201
82.14	9.311709
82.16	9.317824
82.18	9.323915
82.2	9.329855
82.22	9.3692
82.24	9.341467
82.26	9.380844
82.28	9.35276
82.3	9.326188
82.32	9.33731
82.34	9.374269
82.36	9.348044
82.38	9.384315
82.4	9.358239
82.42	9.393776
82.44	9.367757
82.46	9.402614
82.48	9.446716
82.5	9.410807
82.52	9.414833
82.54	9.422297
82.56	9.425749
82.58	9.429029
82.6	9.432209
82.62	9.435222
82.64	9.438011
82.66	9.440588
82.68	9.443059
82.7	9.447527
82.72	9.449511
82.74	9.451324
82.76	9.453014
82.78	9.454481
82.8	9.455804
82.82	9.456968
82.84	9.457971
82.86	9.45881
82.88	9.459485
82.9	9.460346
82.92	9.46053
82.94	9.759837
82.96	9.460322
82.98	9.759139
83	9.459476
83.02	9.458092
83.04	9.457146
83.06	9.456038
83.08	9.454772
83.1	9.453349
83.12	9.451772
83.14	9.450037
83.16	9.448159
83.18	9.446136
83.2	9.443953
83.22	9.439139
83.24	9.436519
83.26	9.433812
83.28	9.430922
83.3	9.427883
83.32	9.424612
83.34	9.421146
83.36	9.417595
83.38	9.41016
83.4	9.406188
83.42	9.402016
83.44	9.39774
83.46	9.393331
83.48	9.257476
83.5	9.33029
83.52	9.202514
83.54	9.249212
83.56	9.479737
83.58	9.239584
83.6	9.468234
83.62	9.228782
83.64	9.451101
83.66	9.209893
83.68	9.429354
83.7	9.189286
83.72	9.404955
83.74	9.260369
83.76	9.077547
83.78	9.017288
83.8	8.958315
83.82	8.902181
83.84	8.849256
83.86	8.799664
83.88	8.803164
83.9	8.798945
83.92	8.787328
83.94	8.781463
83.96	8.775685
83.98	8.770137
84	8.764786
84.02	8.759559
84.04	8.75449
84.06	8.749664
84.08	8.744975
84.1	8.740454
84.12	8.736189
84.14	8.732051
84.16	8.724377
84.18	8.720848
84.2	8.717516
84.22	8.714405
84.24	8.711497
84.26	8.708818
84.28	8.704119
84.3	8.702105
84.32	8.700336
84.34	8.698792
84.36	8.697501
84.38	8.696443
84.4	8.695646
84.42	8.695089
84.44	8.694938
84.46	8.695359
84.48	8.69606
84.5	8.693486
84.52	8.68907
84.54	8.684423
84.56	8.679856
84.58	8.675398
84.6	8.671037
84.62	8.662601
84.64	8.658504
84.66	8.654486
84.68	8.650513
84.7	8.642797
84.72	8.639056
84.74	8.63537
84.76	8.631778
84.78	8.628244
84.8	8.624806
84.82	8.62143
84.84	8.618154
84.86	8.614614
84.88	8.609185
84.9	8.606531
84.92	8.603961
84.94	8.601474
84.96	8.599089
84.98	8.596793
85	8.594603
85.02	8.590505
85.04	8.588598
85.06	8.586798
85.08	8.585088
85.1	8.583484
85.12	8.581971
85.14	8.580565
85.16	8.579249
85.18	8.578042
85.2	8.576925
85.22	8.575197
85.24	8.574246
85.26	8.57351
85.28	8.573048
85.3	8.572371
85.32	8.571696
85.34	8.571294
85.36	8.571135
85.38	8.571337
85.4	8.571795
85.42	8.573154
85.44	8.573659
85.46	8.574238
85.48	8.574896
85.5	8.575649
85.52	8.576485
85.54	8.577415
85.56	8.579525
85.58	8.580702
85.6	8.581971
85.62	8.583314
85.64	8.584746
85.66	8.586252
85.68	8.589461
85.7	8.59121
85.72	8.59296
85.74	8.594775
85.76	8.596808
85.78	8.59886
85.8	8.603745
85.82	8.606068
85.84	8.608526
85.86	8.611012
85.88	8.613508
85.9	8.616134
85.92	8.61869
85.94	8.62404
85.96	8.626758
85.98	8.629524
86	8.632397
86.02	8.635165
86.04	8.638025
86.06	8.640925
86.08	8.643835
86.1	8.649828
86.12	8.652758
86.14	8.655767
86.16	8.658808
86.18	8.661849
86.2	8.66492
86.22	8.668079
86.24	8.67111
86.26	8.674212
86.28	8.677337
86.3	8.680454
86.32	8.686872
86.34	8.690185
86.36	8.693421
86.38	8.696711
86.4	8.699925
86.42	8.702967
86.44	8.706146
86.46	8.70927
86.48	8.712231
86.5	8.715311
86.52	8.718333
86.54	8.721201
86.56	8.72408
86.58	8.726966
86.6	8.732505
86.62	8.735406
86.64	8.737937
86.66	8.739012
86.68	8.742125
86.7	8.74529
86.72	8.745692
86.74	8.748818
86.76	8.727622
86.78	8.837598
86.8	8.931603
86.82	8.986316
86.84	9.101561
86.86	9.16626
86.88	9.299024
86.9	9.290725
86.92	9.281334
86.94	9.270802
86.96	9.25915
86.98	9.23261
87	9.217797
87.02	9.202021
87.04	9.185336
87.06	9.167803
87.08	9.149487
87.1	9.130459
87.12	9.110793
87.14	9.069876
87.16	9.0488
87.18	9.027439
87.2	9.005894
87.22	8.984273
87.24	8.962688
87.26	8.941256
87.28	8.9201
87.3	8.899352
87.32	8.879145
87.34	8.85962
87.36	8.823209
87.38	8.814228
87.4	8.80618
87.42	8.796733
87.44	8.787076
87.46	8.777268
87.48	8.758167
87.5	8.748876
87.52	8.739761
87.54	8.730844
87.56	8.722102
87.58	8.678994
87.6	8.770986
87.62	8.835064
87.64	8.795195
87.66	8.782614
87.68	8.769448
87.7	8.755735
87.72	8.741517
87.74	8.72684
87.76	8.696327
87.78	8.680615
87.8	8.664689
87.82	8.648628
87.84	8.63251
87.86	8.616426
87.88	8.600468
87.9	8.584736
87.92	8.569336
87.94	8.55438
87.96	8.550182
87.98	8.545923
88	8.541212
88.02	8.536631
88.04	8.532258
88.06	8.524217
88.08	8.520565
88.1	8.517416
88.12	8.514527
88.14	8.511919
88.16	8.509618
88.18	8.507616
88.2	8.505932
88.22	8.504559
88.24	8.503497
88.26	8.502802
88.28	8.502313
88.3	8.502232
88.32	8.503128
88.34	8.504105
88.36	8.505451
88.38	8.507159
88.4	8.509247
88.42	8.511708
88.44	8.514606
88.46	8.521692
88.48	8.525999
88.5	8.530746
88.52	8.535929
88.54	8.541529
88.56	8.547566
88.58	8.554028
88.6	8.560935
88.62	8.568274
88.64	8.573662
88.66	8.574076
88.68	8.57356
88.7	8.573031
88.72	8.572332
88.74	8.572188
88.76	8.572201
88.78	8.572295
88.8	8.572742
88.82	8.573478
88.84	8.574452
88.86	8.575409
88.88	8.576538
88.9	8.577813
88.92	8.579224
88.94	8.582332
88.96	8.584433
88.98	8.586495
89	8.588695
89.02	8.591016
89.04	8.593514
89.06	8.596137
89.08	8.598945
89.1	8.601876
89.12	8.604996
89.14	8.608242
89.16	8.615237
89.18	8.619031
89.2	8.623181
89.22	8.627645
89.24	8.632151
89.26	8.636744
89.28	8.641449
89.3	8.646319
89.32	8.651302
89.34	8.661722
89.36	8.667159
89.38	8.672707
89.4	8.678423
89.42	8.684249
89.44	8.690244
89.46	8.696346
89.48	8.708993
89.5	8.715535
89.52	8.722183
89.54	8.729087
89.56	8.736252
89.58	8.743662
89.6	8.751028
89.62	8.766012
89.64	8.773664
89.66	8.781384
89.68	8.789227
89.7	8.797135
89.72	8.805163
89.74	8.813252
89.76	8.82972
89.78	8.838094
89.8	8.846523
89.82	8.855061
89.84	8.863648
89.86	8.87234
89.88	8.881081
89.9	8.889874
89.92	8.898921
89.94	8.90807
89.96	8.917175
89.98	8.935441
90	8.944618
90.02	8.953794
90.04	8.96301
90.06	8.972219
90.08	8.981462
90.1	8.990693
90.12	8.999954
90.14	9.009199
90.16	9.027718
90.18	9.036986
90.2	9.04623
90.22	9.055488
90.24	9.064717
90.26	9.073956
90.28	9.083163
90.3	9.091971
90.32	9.101307
90.34	9.110428
90.36	9.119661
90.38	9.128768
90.4	9.146687
90.42	9.1556
90.44	9.164306
90.46	9.172977
90.48	9.181568
90.5	9.19006
90.52	9.198458
90.54	9.206849
90.56	9.21499
90.58	9.223091
90.6	9.239
90.62	9.246799
90.64	9.25458
90.66	9.269548
90.68	9.276911
90.7	9.284143
90.72	9.291274
90.74	9.298374
90.76	9.305302
90.78	9.311972
90.8	9.318672
90.82	9.325228
90.84	9.331541
90.86	9.343923
90.88	9.349926
90.9	9.487561
90.92	9.482878
90.94	9.485098
90.96	9.487964
90.98	9.490439
91	9.492341
91.02	9.493663
91.04	9.494673
91.06	9.494433
91.08	9.493753
91.1	9.492676
91.12	9.491252
91.14	9.489532
91.16	9.487572
91.18	9.485433
91.2	9.483179
91.22	9.482698
91.24	9.482161
91.26	9.48143
91.28	9.480511
91.3	9.479412
91.32	9.47815
91.34	9.478562
91.36	9.478408
91.38	9.478164
91.4	9.477924
91.42	9.477693
91.44	9.477487
91.46	9.477306
91.48	9.477148
91.5	9.476902
91.52	9.47681
91.54	9.476739
91.56	9.476688
91.58	9.476657
91.6	9.476702
91.62	9.476762
91.64	9.474755
91.66	9.472956
91.68	9.470899
91.7	9.468642
91.72	9.466197
91.74	9.463565
91.76	9.460755
91.78	9.457761
91.8	9.454591
91.82	9.451242
91.84	9.447779
91.86	9.444129
91.88	9.440221
91.9	9.436086
91.92	9.427416
91.94	9.344709
91.96	9.410072
91.98	9.326114
92	9.390871
92.02	9.340894
92.04	9.297298
92.06	9.318382
92.08	9.275437
92.1	9.296127
92.12	9.274545
92.14	9.233592
92.16	9.253679
92.18	9.213756
92.2	9.244295
92.22	9.233809
92.24	9.226469
92.26	9.212733
92.28	9.206037
92.3	9.199421
92.32	9.19259
92.34	9.185623
92.36	9.17853
92.38	9.17136
92.4	9.164176
92.42	9.149258
92.44	9.141713
92.46	9.134063
92.48	9.126352
92.5	9.118637
92.52	9.110685
92.54	9.10256
92.56	9.09474
92.58	9.086729
92.6	9.07095
92.62	9.062984
92.64	9.054857
92.66	9.046914
92.68	9.038891
92.7	9.030919
92.72	9.022763
92.74	9.014724
92.76	9.00656
92.78	8.998441
92.8	8.990295
92.82	8.98216
92.84	8.974004
92.86	8.965858
92.88	8.94955
92.9	8.941391
92.92	8.933253
92.94	8.925109
92.96	8.916987
92.98	8.908864
93	8.90077
93.02	8.892677
93.04	8.88462
93.06	8.868765
93.08	8.861096
93.1	8.853446
93.12	8.845818
93.14	8.838272
93.16	8.83077
93.18	8.823352
93.2	8.815982
93.22	8.8087
93.24	8.801468
93.26	8.787238
93.28	8.780244
93.3	8.773305
93.32	8.766463
93.34	8.75968
93.36	8.752996
93.38	8.746374
93.4	8.739857
93.42	8.733401
93.44	8.727054
93.46	8.714602
93.48	8.708692
93.5	8.703083
93.52	8.697501
93.54	8.691994
93.56	8.686618
93.58	8.681333
93.6	8.676183
93.62	8.671125
93.64	8.666205
93.66	8.656687
93.68	8.652088
93.7	8.64763
93.72	8.643263
93.74	8.639034
93.76	8.634898
93.78	8.630902
93.8	8.626999
93.82	8.623236
93.84	8.619565
93.86	8.616035
93.88	8.612598
93.9	8.606639
93.92	8.603882
93.94	8.601209
93.96	8.59867
93.98	8.596229
94	8.593931
94.02	8.59173
94.04	8.58967
94.06	8.587706
94.08	8.585879
94.1	8.584146
94.12	8.581042
94.14	8.57967
94.16	8.578386
94.18	8.577233
94.2	8.576226
94.22	8.575466
94.24	8.574443
94.26	8.573673
94.28	8.573153
94.3	8.571942
94.32	8.571812
94.34	8.572031
94.36	8.572192
94.38	8.572448
94.4	8.572677
94.42	8.573027
94.44	8.573432
94.46	8.573943
94.48	8.575178
94.5	8.575898
94.52	8.576712
94.54	8.577576
94.56	8.578527
94.58	8.579526
94.6	8.580609
94.62	8.581735
94.64	8.583033
94.66	8.584185
94.68	8.585482
94.7	8.586792
94.72	8.588231
94.74	8.591172
94.76	8.592712
94.78	8.594315
94.8	8.595994
94.82	8.597781
94.84	8.599563
94.86	8.601378
94.88	8.60326
94.9	8.605108
94.92	8.606974
94.94	8.61078
94.96	8.612665
94.98	8.614609
95	8.616485
95.02	8.618374
95.04	8.62032
95.06	8.622188
95.08	8.624065
95.1	8.62599
95.12	8.629684
95.14	8.631516
95.16	8.633365
95.18	8.635165
95.2	8.61452
95.22	8.596201
95.24	8.578726
95.26	8.603359
95.28	8.584955
95.3	8.612374
95.32	8.65091
95.34	8.640601
95.36	8.679986
95.38	8.668932
95.4	8.70885
95.42	8.736942
95.44	8.723559
95.46	8.677996
95.48	8.632633
95.5	8.587568
95.52	8.506026
95.54	8.487611
95.56	8.463186
95.58	8.437652
95.6	8.41203
95.62	8.386511
95.64	8.413848
95.66	8.467167
95.68	8.493147
95.7	8.518682
95.72	8.543784
95.74	8.568472
95.76	8.592769
95.78	8.640311
95.8	8.650875
95.82	8.662095
95.84	8.673746
95.86	8.685611
95.88	8.678589
95.9	8.671206
95.92	8.655705
95.94	8.64777
95.96	8.639844
95.98	8.632033
96	8.624452
96.02	8.617215
96.04	8.610447
96.06	8.498893
96.08	8.406486
96.1	8.329383
96.12	8.265668
96.14	8.214955
96.16	8.275756
96.18	8.346568
96.2	8.426798
96.22	8.515838
96.24	8.613089
96.26	8.829855
96.28	8.948225
96.3	9.072522
96.32	9.202225
96.34	9.118175
96.36	9.0393
96.38	8.966189
96.4	8.899445
96.42	8.839683
96.44	8.787522
96.46	8.697833
96.48	8.648899
96.5	8.567514
96.52	8.571969
96.54	8.569786
96.56	8.566262
96.58	8.562694
96.6	8.559331
96.62	8.556227
96.64	8.553353
96.66	8.550752
96.68	8.548409
96.7	8.544524
96.72	8.542984
96.74	8.541727
96.76	8.540744
96.78	8.539996
96.8	8.539521
96.82	8.539309
96.84	8.539371
96.86	8.53969
96.88	8.578941
96.9	8.542439
96.92	8.581433
96.94	8.545545
96.96	8.58536
96.98	8.5498
97	8.590152
97.02	8.555093
97.04	8.594021
97.06	8.556516
97.08	8.610623
97.1	8.648952
97.12	8.627046
97.14	8.689376
97.16	8.66513
97.18	8.731088
97.2	8.70407
97.22	8.773151
97.24	8.955564
97.26	9.028553
97.28	9.307854
97.3	9.405207
97.32	9.737756
97.34	9.854737
97.36	9.680407
97.38	9.788988
97.4	9.61762
97.42	9.584291
97.44	9.5143
97.46	9.477757
97.48	9.440287
97.5	9.401983
97.52	9.362945
97.54	9.323273
97.56	9.283077
97.58	9.201574
97.6	9.16052
97.62	9.119436
97.64	9.078468
97.66	9.037765
97.68	8.957768
97.7	8.918811
97.72	8.880778
97.74	8.843857
97.76	8.808238
97.78	8.77412
97.8	8.741708
97.82	8.711213
97.84	8.682856
97.86	8.656858
97.88	8.633454
97.9	8.612876
97.92	8.609657
97.94	8.605278
97.96	8.600903
97.98	8.596497
98	8.592054
98.02	8.587285
98.04	8.583167
98.06	8.579453
98.08	8.57611
98.1	8.570586
98.12	8.568362
98.14	8.566544
98.16	8.565073
98.18	8.563969
98.2	8.56327
98.22	8.56292
98.24	8.562937
98.26	8.564138
98.28	8.56528
98.3	8.566832
98.32	8.568733
98.34	8.571003
98.36	8.573684
98.38	8.580116
98.4	8.583927
98.42	8.58809
98.44	8.592623
98.46	8.597832
98.48	8.603232
98.5	8.608917
98.52	8.61493
98.54	8.628025
98.56	8.635065
98.58	8.642477
98.6	8.650205
98.62	8.658264
98.64	8.666692
98.66	8.675433
98.68	8.684503
98.7	8.693936
98.72	8.703681
98.74	8.724183
98.76	8.734921
98.78	8.745984
98.8	8.757403
98.82	8.769129
98.84	8.781174
98.86	8.793571
98.88	8.806273
98.9	8.83266
98.92	8.846328
98.94	8.860311
98.96	8.872214
98.98	8.87828
99	8.883236
99.02	8.89314
99.04	8.897797
99.06	8.907317
99.08	8.912051
99.1	8.916781
99.12	8.921493
99.14	8.926167
99.16	8.930836
99.18	8.935462
99.2	8.940172
99.22	8.949263
99.24	8.953766
99.26	8.962776
99.28	8.864944
99.3	9.017959
99.32	8.876328
99.34	9.028643
99.36	8.969967
99.38	8.959812
99.4	8.977408
99.42	8.966734
99.44	8.973212
99.46	8.994028
99.48	8.984947
99.5	9.006242
99.52	8.9977
99.54	9.020683
99.56	8.997197
99.58	9.03155
99.6	9.008845
99.62	9.046967
99.64	9.024203
99.66	9.061343
99.68	9.067637
99.7	9.073475
99.72	9.076906
99.74	8.96132
99.76	9.047346
99.78	8.937377
99.8	9.017757
99.82	8.915113
99.84	8.925487
99.86	8.931066
99.88	8.935755
99.9	8.940415
99.92	8.945189
99.94	8.950137
99.96	8.960489
99.98	8.965921
100	8.971504
100.02	8.977262
100.04	8.98317
100.06	8.989226
100.08	8.995454
100.1	9.001827
100.12	9.015056
100.14	9.021889
100.16	9.028885
100.18	9.036025
100.2	9.043311
100.22	9.050761
100.24	9.058354
100.26	9.066155
100.28	9.074017
100.3	9.090001
100.32	9.098126
100.34	9.106339
100.36	9.114653
100.38	9.117826
100.4	9.11906
100.42	9.120224
100.44	9.120559
100.46	9.120788
100.48	9.389805
100.5	9.539142
100.52	9.373134
100.54	9.367587
100.56	9.3581
100.58	9.352397
100.6	9.345931
100.62	9.338722
100.64	9.330804
100.66	9.322216
100.68	9.313001
100.7	9.303208
100.72	9.292892
100.74	9.282108
100.76	9.270919
100.78	9.247596
100.8	9.235605
100.82	9.223503
100.84	9.211372
100.86	9.073998
100.88	9.071903
100.9	9.066257
100.92	9.059958
100.94	9.053638
100.96	9.041339
100.98	9.035393
101	9.029589
101.02	9.023914
101.04	9.018386
101.06	9.013006
101.08	9.007762
101.1	9.00267
101.12	8.997717
101.14	8.988278
101.16	8.983939
101.18	8.979765
101.2	8.975785
101.22	8.972015
101.24	8.968452
101.26	8.965113
101.28	8.943233
101.3	8.924776
101.32	8.907424
101.34	8.890729
101.36	8.838474
101.38	8.828918
101.4	8.873462
101.42	8.819471
101.44	8.863617
101.46	8.8108
101.48	8.854565
101.5	8.803053
101.52	8.846447
101.54	8.835401
101.56	8.894304
101.58	8.946651
101.6	8.93664
101.62	9.002298
101.64	8.991982
101.66	9.060173
101.68	9.049069
101.7	9.113094
101.72	8.799012
101.74	8.672534
101.76	8.60312
101.78	8.531401
101.8	8.397263
101.82	8.336237
101.84	8.279374
101.86	8.283053
101.88	8.278906
101.9	8.266856
101.92	8.260486
101.94	8.254057
101.96	8.247858
101.98	8.241529
102	8.235135
102.02	8.222268
102.04	8.215793
102.06	8.20929
102.08	8.202783
102.1	8.189678
102.12	8.183115
102.14	8.176521
102.16	8.163298
102.18	8.156662
102.2	8.150009
102.22	8.143366
102.24	8.136701
102.26	8.130021
102.28	8.116666
102.3	8.109977
102.32	8.103282
102.34	8.096591
102.36	8.089896
102.38	8.083208
102.4	8.076521
102.42	8.069842
102.44	8.063167
102.46	8.050342
102.48	8.044
102.5	8.037607
102.52	8.031234
102.54	8.024881
102.56	8.018559
102.58	8.012258
102.6	8.005987
102.62	7.99974
102.64	7.987328
102.66	7.981164
102.68	7.975023
102.7	7.968913
102.72	7.962826
102.74	7.95677
102.76	7.95077
102.78	7.938833
102.8	7.932886
102.82	7.926987
102.84	7.921122
102.86	7.915281
102.88	7.90947
102.9	7.89818
102.92	7.892488
102.94	7.886959
102.96	7.881454
102.98	7.875998
103	7.87054
103.02	7.865102
103.04	7.859678
103.06	7.854283
103.08	7.84889
103.1	7.843522
103.12	7.832796
103.14	7.827459
103.16	7.822121
103.18	7.816796
103.2	7.811491
103.22	7.806169
103.24	7.795537
103.26	7.79022
103.28	7.784899
103.3	7.779587
103.32	7.774264
103.34	7.768933
103.36	7.758268
103.38	7.752917
103.4	7.747604
103.42	7.742176
103.44	7.736787
103.46	7.731418
103.48	7.726139
103.5	7.712784
103.52	7.705606
103.54	7.697856
103.56	7.689366
103.58	7.679969
103.6	7.669508
103.62	7.557348
103.64	7.519857
103.66	7.501611
103.68	7.495321
103.7	7.509196
103.72	7.511557
103.74	7.510246
103.76	7.508867
103.78	7.507212
103.8	7.505311
103.82	7.503152
103.84	7.500735
103.86	7.49806
103.88	7.495144
103.9	7.491971
103.92	7.484847
103.94	7.480908
103.96	7.476709
103.98	7.47225
104	7.467532
104.02	7.462567
104.04	7.457343
104.06	7.451859
104.08	7.446116
104.1	7.440122
104.12	7.427351
104.14	7.420576
104.16	7.413548
104.18	7.406261
104.2	7.398714
104.22	7.390907
104.24	7.382845
104.26	7.374522
104.28	7.36594
104.3	7.357101
104.32	7.338645
104.34	7.329029
104.36	7.319154
104.38	7.309021
104.4	7.298628
104.42	7.277067
104.44	7.265904
104.46	7.254514
104.48	7.242847
104.5	7.230981
104.52	7.218795
104.54	7.20638
104.56	7.193714
104.58	7.180786
104.6	7.167603
104.62	7.154162
104.64	7.140468
104.66	7.229869
104.68	7.368161
104.7	7.512669
104.72	7.682148
104.74	7.874245
104.76	8.086631
104.78	8.317059
104.8	8.5634
104.82	8.245173
104.84	8.48447
104.86	8.402867
104.88	8.35839
104.9	8.311509
104.92	8.262262
104.94	8.210694
104.96	8.156855
104.98	8.100796
105	8.042578
105.02	7.982264
105.04	7.919927
105.06	7.855645
105.08	7.7895
105.1	7.652002
105.12	7.580858
105.14	7.50827
105.16	7.434368
105.18	7.359288
105.2	7.283182
105.22	7.206212
105.24	7.128552
105.26	6.971937
105.28	6.893407
105.3	6.815038
105.32	6.737087
105.34	6.659826
105.36	6.58355
105.38	6.508573
105.4	6.435229
105.42	6.363877
105.44	6.294893
105.46	6.22868
105.48	6.145951
105.5	6.127536
105.52	6.106058
105.54	6.083623
105.56	6.060215
105.58	6.035827
105.6	6.010455
105.62	5.984106
105.64	5.958164
105.66	5.933393
105.68	5.908791
105.7	5.884191
105.72	5.835229
105.74	5.810719
105.76	5.786213
105.78	5.761715
105.8	5.737155
105.82	5.712584
105.84	5.688
105.86	5.66342
105.88	5.614282
105.9	5.58974
105.92	5.565232
105.94	5.540759
105.96	5.516337
105.98	5.46769
106	5.44347
106.02	5.419381
106.04	5.395327
106.06	5.371397
106.08	5.347621
106.1	5.323764
106.12	5.300117
106.14	5.277247
106.16	5.254317
106.18	5.208784
106.2	5.186234
106.22	5.163846
106.24	5.141623
106.26	5.119577
106.28	5.097716
106.3	5.076051
106.32	5.054587
106.34	5.012308
106.36	4.991511
106.38	4.970955
106.4	4.95065
106.42	4.930606
106.44	4.910832
106.46	4.891423
106.48	4.872417
106.5	4.835447
106.52	4.817369
106.54	4.799559
106.56	4.782025
106.58	4.764772
106.6	4.747809
106.62	4.731142
106.64	4.714777
106.66	4.698724
106.68	4.682989
106.7	4.652502
106.72	4.637764
106.74	4.623375
106.76	4.609342
106.78	4.595672
106.8	4.582372
106.82	4.569451
106.84	4.557312
106.86	4.545456
106.88	4.533903
106.9	4.522667
106.92	4.511751
106.94	4.490888
106.96	4.480949
106.98	4.471343
107	4.462072
107.02	4.453143
107.04	4.444557
107.06	4.436318
107.08	4.428431
107.1	4.413722
107.12	4.406909
107.14	4.40046
107.16	4.39438
107.18	4.388672
107.2	4.383339
107.22	4.374251
107.24	4.37008
107.26	4.366171
107.28	4.362526
107.3	4.359145
107.32	4.353173
107.34	4.350582
107.36	4.348256
107.38	4.346194
107.4	4.344396
107.42	4.342862
107.44	4.341594
107.46	4.340591
107.48	4.339385
107.5	4.339182
107.52	4.339247
107.54	4.340183
107.56	4.341056
107.58	4.342199
107.6	4.343615
107.62	4.345303
107.64	4.347265
107.66	4.352113
107.68	4.354689
107.7	4.357393
107.72	4.360225
107.74	4.363185
107.76	4.369492
107.78	4.372838
107.8	4.376313
107.82	4.379918
107.84	4.387521
107.86	4.39152
107.88	4.395652
107.9	4.39992
107.92	4.404324
107.94	4.408866
107.96	4.418372
107.98	4.423339
108	4.428453
108.02	4.433716
108.04	4.439131
108.06	4.444699
108.08	4.450425
108.1	4.456311
108.12	4.462361
108.14	4.474962
108.16	4.481523
108.18	4.48826
108.2	4.495179
108.22	4.502283
108.24	4.509576
108.26	4.517063
108.28	4.524749
108.3	4.540731
108.32	4.549037
108.34	4.557561
108.36	4.566305
108.38	4.575276
108.4	4.584479
108.42	4.593918
108.44	4.6036
108.46	4.613529
108.48	4.62371
108.5	4.63415
108.52	4.644853
108.54	4.655827
108.56	4.678605
108.58	4.690421
108.6	4.702531
108.62	4.714938
108.64	4.727651
108.66	4.740674
108.68	4.754014
108.7	4.767677
108.72	4.781669
108.74	4.795996
108.76	4.810664
108.78	4.825679
108.8	4.841048
108.82	4.872871
108.84	4.889337
108.86	4.906181
108.88	4.923409
108.9	4.941027
108.92	4.959042
108.94	4.977458
108.96	4.996284
108.98	5.035182
109	5.055267
109.02	5.075784
109.04	5.096739
109.06	5.045787
109.08	5.009011
109.1	5.035134
109.12	5.044352
109.14	5.053097
109.16	5.061333
109.18	5.069028
109.2	5.076163
109.22	5.082727
109.24	5.094141
109.26	5.099012
109.28	5.103356
109.3	5.107206
109.32	5.110603
109.34	5.113599
109.36	5.116252
109.38	5.118631
109.4	5.127382
109.42	5.138134
109.44	5.161316
109.46	5.173291
109.48	5.185446
109.5	5.19804
109.52	5.211021
109.54	5.224374
109.56	5.252249
109.58	5.26679
109.6	5.281739
109.62	5.297119
109.64	5.312932
109.66	5.329189
109.68	5.363263
109.7	5.381325
109.72	5.399976
109.74	5.419203
109.76	5.45939
109.78	5.480359
109.8	5.50192
109.82	5.524076
109.84	5.546833
109.86	5.570194
109.88	5.594165
109.9	5.618748
109.92	5.643949
109.94	5.696216
109.96	5.723288
109.98	5.750992
110	5.779329
110.02	5.808301
110.04	5.837914
110.06	5.868166
110.08	5.899063
110.1	5.930901
110.12	5.963679
110.14	5.996998
110.16	6.031118
110.18	6.101435
110.2	6.137623
110.22	6.174494
110.24	6.212042
110.26	6.250267
110.28	6.289164
110.3	6.328731
110.32	6.368965
110.34	6.409863
110.36	6.340755
110.38	6.444806
110.4	6.482339
110.42	6.500213
110.44	6.517876
110.46	6.535295
110.48	6.552442
110.5	6.569299
110.52	6.585853
110.54	6.602098
110.56	6.618038
110.58	6.63368
110.6	6.664139
110.62	6.679008
110.64	6.693681
110.66	6.7082
110.68	6.735178
110.7	6.75981
110.72	6.784207
110.74	6.808805
110.76	6.833698
110.78	6.858896
110.8	6.884383
110.82	6.910168
110.84	6.93631
110.86	6.989535
110.88	7.016619
110.9	7.044023
110.92	7.07174
110.94	7.099777
110.96	7.128128
110.98	7.156799
111	7.185785
111.02	7.215093
111.04	7.244716
111.06	7.274662
111.08	7.304924
111.1	7.335509
111.12	7.397635
111.14	7.429178
111.16	7.461044
111.18	7.493229
111.2	7.52574
111.22	7.558568
111.24	7.591722
111.26	7.625196
111.28	7.658995
111.3	7.693114
111.32	7.72756
111.34	7.79742
111.36	7.832834
111.38	7.868577
111.4	7.90464
111.42	7.941032
111.44	7.977746
111.46	8.014789
111.48	8.052153
111.5	8.089847
111.52	8.127863
111.54	8.166209
111.56	8.204878
111.58	8.283199
111.6	8.322853
111.62	8.362829
111.64	8.403137
111.66	8.443768
111.68	8.484731
111.7	8.526017
111.72	8.567636
111.74	8.651854
111.76	8.694451
111.78	8.737384
111.8	8.733541
111.82	8.729656
111.84	8.725692
111.86	8.721642
111.88	8.714591
111.9	8.715068
111.92	8.716086
111.94	8.719147
111.96	8.721145
111.98	8.723475
112	8.726133
112.02	8.72912
112.04	8.732396
112.06	8.736004
112.08	8.736779
112.1	8.736283
112.12	8.734707
112.14	8.733888
112.16	8.733064
112.18	8.732257
112.2	8.731466
112.22	8.729804
112.24	8.728973
112.26	8.728148
112.28	8.727324
112.3	8.726503
112.32	8.725754
112.34	8.724906
112.36	8.724082
112.38	8.722452
112.4	8.72164
112.42	8.720827
112.44	8.720023
112.46	8.719298
112.48	8.717798
112.5	8.716968
112.52	8.716073
112.54	8.714451
112.56	8.713731
112.58	8.712947
112.6	8.712192
112.62	8.710533
112.64	8.709614
112.66	8.709024
112.68	8.708572
112.7	8.707334
112.72	8.7067
112.74	8.706104
112.76	8.70501
112.78	8.704456
112.8	8.703916
112.82	8.703386
112.84	8.702826
112.86	8.70189
112.88	8.700882
112.9	8.700394
112.92	8.699935
112.94	8.699483
112.96	8.69904
112.98	8.69825
113	8.697864
113.02	8.697452
113.04	8.697062
113.06	8.696658
113.08	8.696296
113.1	8.69595
113.12	8.695292
113.14	8.694921
113.16	8.694598
113.18	8.6943
113.2	8.693994
113.22	8.693437
113.24	8.693185
113.26	8.692941
113.28	8.692409
113.3	8.692168
113.32	8.691936
113.34	8.69171
113.36	8.691286
113.38	8.691087
113.4	8.690883
113.42	8.69073
113.44	8.690536
113.46	8.690361
113.48	8.690046
113.5	8.689895
113.52	8.689749
113.54	8.68948
113.56	8.689355
113.58	8.689237
113.6	8.689123
113.62	8.688917
113.64	8.688825
113.66	8.688739
113.68	8.688662
113.7	8.688548
113.72	8.688472
113.74	8.688407
113.76	8.688348
113.78	8.688295
113.8	8.688248
113.82	8.558182
113.84	8.409549
113.86	8.444306
113.88	8.278385
113.9	7.839592
113.92	8.170633
113.94	8.207846
113.96	8.216206
113.98	8.219159
114	8.221313
114.02	8.223624
114.04	8.226339
114.06	8.229554
114.08	8.233343
114.1	8.331566
114.12	8.359984
114.14	8.372062
114.16	8.385205
114.18	8.415063
114.2	8.431972
114.22	8.450336
114.24	8.470266
114.26	8.491871
114.28	8.515265
114.3	8.540565
114.32	8.567894
114.34	8.629126
114.36	8.663281