0.02	7.926762
0.04	8.023469
0.06	8.943151
0.08	9.182081
0.1	9.135992
0.12	9.198448
0.14	9.14966
0.16	9.212336
0.18	9.163743
0.2	9.180387
0.22	9.188266
0.24	9.196399
0.26	9.204831
0.28	9.213578
0.3	9.222644
0.32	9.232036
0.34	9.251818
0.36	9.262219
0.38	9.272968
0.4	9.28407
0.42	9.295532
0.44	9.307358
0.46	9.33213
0.48	9.345089
0.5	9.358436
0.52	9.37218
0.54	9.386325
0.56	9.400879
0.58	9.431239
0.6	9.447058
0.62	9.463314
0.64	9.48001
0.66	9.486357
0.68	9.48477
0.7	9.56279
0.72	9.455982
0.74	9.548759
0.76	9.440562
0.78	9.467498
0.8	9.466325
0.82	9.421489
0.84	9.473067
0.86	9.432574
0.88	9.481068
0.9	9.444639
0.92	9.489971
0.94	9.457536
0.96	9.470271
0.98	9.478319
1	9.427
1.02	9.408825
1.04	9.404545
1.06	9.403666
1.08	9.403484
1.1	9.403429
1.12	9.395636
1.14	9.303504
1.16	9.356259
1.18	9.233403
1.2	9.239577
1.22	9.236404
1.24	9.231339
1.26	9.220692
1.28	9.215348
1.3	9.210122
1.32	9.204873
1.34	9.194649
1.36	9.189678
1.38	9.184687
1.4	9.179839
1.42	9.175007
1.44	9.170323
1.46	9.165616
1.48	9.156534
1.5	9.152166
1.52	9.14777
1.54	9.143549
1.56	9.139346
1.58	9.13125
1.6	9.127316
1.62	9.123448
1.64	9.119781
1.66	9.116137
1.68	9.112562
1.7	9.105867
1.72	9.102609
1.74	9.099578
1.76	9.096577
1.78	9.091729
1.8	9.080073
1.82	9.074451
1.84	9.068917
1.86	9.063519
1.88	9.057918
1.9	9.051737
1.92	9.046146
1.94	9.040434
1.96	9.028473
1.98	9.022835
2	9.017278
2.02	9.010943
2.04	9.005033
2.06	8.999379
2.08	8.993793
2.1	8.987338
2.12	8.981368
2.14	8.970082
2.16	8.963544
2.18	8.95753
2.2	8.951834
2.22	8.946204
2.24	8.939602
2.26	8.927842
2.28	8.9222
2.3	8.915548
2.32	8.909476
2.34	8.903754
2.36	8.898106
2.38	8.891414
2.4	8.885324
2.42	8.879599
2.44	8.873952
2.46	8.867227
2.48	8.861127
2.5	8.849768
2.52	8.843019
2.54	8.836916
2.56	8.831206
2.58	8.825582
2.6	8.818817
2.62	8.812718
2.64	8.807027
2.66	8.801423
2.68	8.794649
2.7	8.788562
2.72	8.777318
2.74	8.770541
2.76	8.764472
2.78	8.758836
2.8	8.753294
2.82	8.746522
2.84	8.740477
2.86	8.729375
2.88	8.722615
2.9	8.7166
2.92	8.711043
2.94	8.705586
2.96	8.698846
2.98	8.692868
3	8.68736
3.02	8.681955
3.04	8.669304
3.06	8.66385
3.08	8.658503
3.1	8.651817
3.12	8.645931
3.14	8.635252
3.16	8.628604
3.18	8.622772
3.2	8.617443
3.22	8.612226
3.24	8.599849
3.26	8.59459
3.28	8.589445
3.3	8.582891
3.32	8.577182
3.34	8.571999
3.36	8.566932
3.38	8.554793
3.4	8.549688
3.42	8.544703
3.44	8.538264
3.46	8.532701
3.48	8.522781
3.5	8.516407
3.52	8.511322
3.54	8.506016
3.56	8.499993
3.58	8.489646
3.6	8.483752
3.62	8.478676
3.64	8.473467
3.66	8.467628
3.68	8.457416
3.7	8.451612
3.72	8.44661
3.74	8.441483
3.76	8.43571
3.78	8.430757
3.8	8.419934
3.82	8.415032
3.84	8.41
3.86	8.404297
3.88	8.399451
3.9	8.394474
3.92	8.388812
3.94	8.37911
3.96	8.373494
3.98	8.368776
4	8.363921
4.02	8.358356
4.04	8.353708
4.06	8.348923
4.08	8.343412
4.1	8.334126
4.12	8.328675
4.14	8.324182
4.16	8.319546
4.18	8.314159
4.2	8.30975
4.22	8.305196
4.24	8.299879
4.26	8.295557
4.28	8.285846
4.3	8.281618
4.32	8.277241
4.34	8.272075
4.36	8.267943
4.38	8.263661
4.4	8.258577
4.42	8.254548
4.44	8.250365
4.46	8.241445
4.48	8.237366
4.5	8.23246
4.52	8.228645
4.54	8.224674
4.56	8.216165
4.58	8.212306
4.6	8.207595
4.62	8.204013
4.64	8.200271
4.66	8.195663
4.68	8.192204
4.7	8.184083
4.72	8.180749
4.74	8.177251
4.76	8.172865
4.78	8.169662
4.8	8.16629
4.82	8.162021
4.84	8.155712
4.86	8.151564
4.88	8.148631
4.9	8.145528
4.92	8.141503
4.94	8.138712
4.96	8.135747
4.98	8.131851
5	8.126384
5.02	8.12262
5.04	8.120121
5.06	8.117446
5.08	8.113817
5.1	8.111471
5.12	8.108946
5.14	8.105457
5.16	8.100893
5.18	8.097547
5.2	8.095513
5.22	8.093298
5.24	8.090097
5.26	8.088225
5.28	8.086169
5.3	8.081411
5.32	8.079518
5.34	8.076622
5.36	8.075081
5.38	8.073354
5.4	8.070613
5.42	8.069242
5.44	8.067684
5.46	8.065103
5.48	8.063906
5.5	8.062518
5.52	8.0601
5.54	8.059078
5.56	8.057865
5.58	8.054769
5.6	8.053732
5.62	8.051646
5.64	8.050984
5.66	8.050126
5.68	8.047733
5.7	8.047058
5.72	8.045317
5.74	8.045024
5.76	8.044532
5.78	8.042861
5.8	8.042556
5.82	8.041169
5.84	8.041253
5.86	8.041137
5.88	8.039931
5.9	8.040207
5.92	8.039259
5.94	8.039728
5.96	8.039994
5.98	8.039158
6	8.039823
6.02	8.040282
6.04	8.039633
6.06	8.040495
6.08	8.04069
6.1	8.041751
6.12	8.042603
6.14	8.042336
6.16	8.044648
6.18	8.044573
6.2	8.046035
6.22	8.047287
6.24	8.047406
6.26	8.049071
6.28	8.05084
6.3	8.052711
6.32	8.054366
6.34	8.054878
6.36	8.056954
6.38	8.058814
6.4	8.061807
6.42	8.063872
6.44	8.064783
6.46	8.067271
6.48	8.069543
6.5	8.073351
6.52	8.075829
6.54	8.077144
6.56	8.080048
6.58	8.082733
6.6	8.08425
6.62	8.090258
6.64	8.09198
6.66	8.095303
6.68	8.098405
6.7	8.100331
6.72	8.103865
6.74	8.109307
6.76	8.113051
6.78	8.116571
6.8	8.118909
6.82	8.122863
6.84	8.126593
6.86	8.133302
6.88	8.137241
6.9	8.139992
6.92	8.144367
6.94	8.151475
6.96	8.156061
6.98	8.16042
7	8.163586
7.02	8.168382
7.04	8.176323
7.06	8.18133
7.08	8.18611
7.1	8.189689
7.12	8.194906
7.14	8.199894
7.16	8.209107
7.18	8.214305
7.2	8.218299
7.22	8.223934
7.24	8.22934
7.26	8.233541
7.28	8.239386
7.3	8.249406
7.32	8.255459
7.34	8.26128
7.36	8.265894
7.38	8.272154
7.4	8.283002
7.42	8.28947
7.44	8.295704
7.46	8.300728
7.48	8.307402
7.5	8.313841
7.52	8.325949
7.54	8.332593
7.56	8.338026
7.58	8.345109
7.6	8.351956
7.62	8.357594
7.64	8.37193
7.66	8.377769
7.68	8.385257
7.7	8.392509
7.72	8.39855
7.74	8.413692
7.76	8.419933
7.78	8.427822
7.8	8.435475
7.82	8.441916
7.84	8.450005
7.86	8.464496
7.88	8.472781
7.9	8.480829
7.92	8.487667
7.94	8.496148
7.96	8.511427
7.98	8.520104
8	8.528543
8.02	8.535772
8.04	8.544642
8.06	8.560699
8.08	8.569761
8.1	8.578586
8.12	8.586203
8.14	8.595455
8.16	8.612278
8.18	8.62172
8.2	8.630924
8.22	8.638924
8.24	8.648553
8.26	8.657944
8.28	8.666132
8.3	8.685525
8.32	8.693901
8.34	8.703901
8.36	8.713663
8.38	8.732409
8.4	8.74142
8.42	8.751882
8.44	8.760986
8.46	8.771634
8.48	8.798582
8.5	8.79006
8.52	8.794018
8.54	8.796446
8.56	8.797373
8.58	8.796837
8.6	8.794875
8.62	8.807993
8.64	8.879512
8.66	8.907685
8.68	8.868547
8.7	8.929559
8.72	8.89031
8.74	8.901961
8.76	8.97096
8.78	8.924557
8.8	8.995552
8.82	8.947599
8.84	9.02094
8.86	9.047256
8.88	8.99843
8.9	8.994937
8.92	9.032186
8.94	9.034425
8.96	9.072722
8.98	9.076529
9	9.120204
9.02	9.158772
9.04	9.165378
9.06	9.204015
9.08	9.246048
9.1	9.256215
9.12	9.098268
9.14	9.240505
9.16	9.093143
9.18	9.256475
9.2	9.108449
9.22	9.266531
9.24	9.108104
9.26	9.135329
9.28	9.161192
9.3	9.187104
9.32	9.213349
9.34	9.267006
9.36	9.294426
9.38	9.322234
9.4	9.350428
9.42	9.384631
9.44	9.442485
9.46	9.455375
9.48	9.506958
9.5	9.524511
9.52	9.573028
9.54	9.595098
9.56	9.667
9.58	9.731397
9.6	9.762478
9.62	9.827683
9.64	9.843159
9.66	9.905673
9.68	9.917613
9.7	9.985958
9.72	10.0359
9.74	10.04093
9.76	10.03968
9.78	10.07079
9.8	10.10867
9.82	10.1483
9.84	10.22952
9.86	10.27086
9.88	10.31265
9.9	10.35488
9.92	10.45058
9.94	10.502
9.96	10.55366
9.98	10.60593
10	10.65889
10.02	10.71253
10.04	10.76685
10.06	10.87748
10.08	10.93376
10.1	10.87978
10.12	10.84966
10.14	10.82494
10.16	10.80146
10.18	10.75465
10.2	10.73089
10.22	10.70694
10.24	10.75039
10.26	10.74632
10.28	10.77982
10.3	10.75524
10.32	10.81107
10.34	10.7739
10.36	10.84712
10.38	10.80197
10.4	10.88685
10.42	10.83653
10.44	10.92924
10.46	10.95818
10.48	10.95983
10.5	10.98756
10.52	10.98639
10.54	11.01096
10.56	11.00714
10.58	11.06295
10.6	11.10286
10.62	11.17765
10.64	11.23726
10.66	11.26443
10.68	11.31521
10.7	11.36539
10.72	11.36192
10.74	11.40711
10.76	11.41068
10.78	11.28151
10.8	11.14493
10.82	11.22134
10.84	11.40534
10.86	11.27714
10.88	11.27317
10.9	11.27118
10.92	11.26391
10.94	11.2578
10.96	11.24994
10.98	11.24029
11	11.229
11.02	11.20143
11.04	11.18515
11.06	11.16719
11.08	11.14889
11.1	11.13352
11.12	11.11939
11.14	11.0917
11.16	11.07797
11.18	11.06421
11.2	11.05047
11.22	11.03671
11.24	11.00902
11.26	10.99509
11.28	10.98119
11.3	10.96721
11.32	10.95325
11.34	10.93921
11.36	10.9252
11.38	10.91112
11.4	10.89706
11.42	10.88294
11.44	10.86885
11.46	10.85469
11.48	10.84057
11.5	10.82638
11.52	10.79803
11.54	10.78387
11.56	10.76965
11.58	10.75548
11.6	10.74126
11.62	10.71286
11.64	10.69871
11.66	10.68449
11.68	10.67035
11.7	10.65615
11.72	10.62785
11.74	10.61376
11.76	10.59962
11.78	10.58557
11.8	10.57147
11.82	10.55747
11.84	10.54342
11.86	10.51548
11.88	10.5016
11.9	10.48768
11.92	10.47387
11.94	10.46002
11.96	10.4463
11.98	10.43254
12	10.40523
12.02	10.3917
12.04	10.37814
12.06	10.36471
12.08	10.35126
12.1	10.33796
12.12	10.32463
12.14	10.31145
12.16	10.29826
12.18	10.28522
12.2	10.25928
12.22	10.24637
12.24	10.23365
12.26	10.22091
12.28	10.20835
12.3	10.19578
12.32	10.1834
12.34	10.15882
12.36	10.14662
12.38	10.13463
12.4	10.12264
12.42	10.11086
12.44	10.08752
12.46	10.07597
12.48	10.06464
12.5	10.05332
12.52	10.04224
12.54	10.03116
12.56	10.00952
12.58	9.998952
12.6	9.988405
12.62	9.978115
12.64	9.967847
12.66	9.957844
12.68	9.938163
12.7	9.928488
12.72	9.919092
12.74	9.909731
12.76	9.900656
12.78	9.891618
12.8	9.874175
12.82	9.865777
12.84	9.857423
12.86	10.12834
12.88	9.844892
12.9	10.07411
12.92	10.04427
12.94	9.793339
12.96	9.781121
12.98	9.745728
13	9.702153
13.02	9.659396
13.04	9.681781
13.06	9.945728
13.08	9.721406
13.1	10.02404
13.12	9.679655
13.14	9.609601
13.16	9.916182
13.18	9.534868
13.2	9.843341
13.22	9.459657
13.24	9.769953
13.26	9.697008
13.28	9.310799
13.3	9.62478
13.32	9.237531
13.34	9.553391
13.36	9.165179
13.38	9.482942
13.4	9.093843
13.42	9.023623
13.44	9.345244
13.46	8.954624
13.48	9.278194
13.5	8.886953
13.52	9.212482
13.54	8.820723
13.56	9.148214
13.58	8.756047
13.6	8.693044
13.62	9.024454
13.64	8.631835
13.66	8.965191
13.68	8.572545
13.7	8.515302
13.72	8.852494
13.74	8.460234
13.76	8.799305
13.78	8.407476
13.8	8.74839
13.82	8.357163
13.84	8.309432
13.86	8.653896
13.88	8.264421
13.9	8.610579
13.92	8.222271
13.94	8.570054
13.96	8.532459
13.98	8.147115
14	8.497924
14.02	8.11439
14.04	8.466583
14.06	8.085088
14.08	8.059346
14.1	8.414004
14.12	8.037303
14.14	8.393027
14.16	8.01909
14.18	8.37576
14.2	8.004838
14.22	8.362326
14.24	7.994673
14.26	8.352843
14.28	8.347429
14.3	7.987088
14.32	8.346193
14.34	7.989893
14.36	8.349241
14.38	7.997237
14.4	8.009215
14.42	8.368575
14.44	8.025918
14.46	8.385041
14.48	8.047423
14.5	8.073805
14.52	8.431962
14.54	8.105125
14.56	8.462552
14.58	8.141437
14.6	8.182786
14.62	8.538264
14.64	8.229207
14.66	8.583471
14.68	8.280725
14.7	8.337358
14.72	8.688738
14.74	8.399113
14.76	8.699417
14.78	8.660855
14.8	8.635791
14.82	8.608855
14.84	8.580091
14.86	8.517276
14.88	8.483333
14.9	8.447782
14.92	8.41069
14.94	8.372135
14.96	8.332193
14.98	8.334721
15	8.33526
15.02	8.334826
15.04	8.334805
15.06	8.335052
15.08	8.335688
15.1	8.338149
15.12	8.339987
15.14	8.342234
15.16	8.344897
15.18	8.347981
15.2	8.351491
15.22	8.347499
15.24	8.338345
15.26	8.334228
15.28	8.330036
15.3	8.326386
15.32	8.31362
15.34	8.298745
15.36	8.298768
15.38	8.2834
15.4	8.283621
15.42	8.268262
15.44	8.268698
15.46	8.24079
15.48	8.224161
15.5	8.207589
15.52	8.191888
15.54	8.177237
15.56	8.163838
15.58	8.151969
15.6	8.138752
15.62	8.123624
15.64	8.125467
15.66	8.112924
15.68	8.09582
15.7	8.079478
15.72	8.0649
15.74	8.052223
15.76	8.041407
15.78	8.032386
15.8	8.025083
15.82	8.019426
15.84	7.365116
15.86	7.346713
15.88	7.331709
15.9	7.317681
15.92	7.304168
15.94	7.593069
15.96	7.355659
15.98	7.365702
16	7.437606
16.02	7.508472
16.04	7.578123
16.06	7.646397
16.08	7.778214
16.1	7.841482
16.12	7.902822
16.14	7.952905
16.16	7.961462
16.18	7.912941
16.2	7.86237
16.22	7.755432
16.24	7.699255
16.26	7.641147
16.28	7.581804
16.3	7.520819
16.32	7.458794
16.34	7.080589
16.36	7.278778
16.38	7.628121
16.4	7.397119
16.42	7.752049
16.44	7.433592
16.46	7.789852
16.48	7.811786
16.5	7.476446
16.52	7.792428
16.54	7.977573
16.56	8.014909
16.58	8.0308
16.6	8.07851
16.62	8.115851
16.64	8.162308
16.66	8.2176
16.68	8.281411
16.7	8.03179
16.72	7.532973
16.74	7.284853
16.76	7.038439
16.78	6.794497
16.8	6.553904
16.82	6.148303
16.84	6.23536
16.86	6.257181
16.88	6.266212
16.9	6.272439
16.92	6.27844
16.94	6.284224
16.96	6.296021
16.98	6.30195
17	6.307871
17.02	6.314079
17.04	6.320176
17.06	6.326262
17.08	6.332631
17.1	6.345138
17.12	6.351661
17.14	6.358077
17.16	6.364482
17.18	6.377723
17.2	6.38428
17.22	6.391098
17.24	6.397813
17.26	6.404517
17.28	6.418332
17.3	6.425179
17.32	6.432272
17.34	6.439266
17.36	6.446249
17.38	6.453474
17.4	6.460602
17.42	6.467718
17.44	6.475069
17.46	6.489785
17.48	6.497073
17.5	6.504585
17.52	6.512006
17.54	6.519628
17.56	6.527079
17.58	6.534745
17.6	6.542323
17.62	6.550099
17.64	6.565519
17.66	6.573247
17.68	6.58117
17.7	6.588925
17.72	6.596879
17.74	6.604749
17.76	6.612808
17.78	6.620705
17.8	6.628791
17.82	6.636799
17.84	6.644986
17.86	6.661231
17.88	6.669367
17.9	6.677677
17.92	6.685836
17.94	6.69417
17.96	6.70243
17.98	6.710855
18	6.719137
18.02	6.727585
18.04	6.735963
18.06	6.744498
18.08	6.761452
18.1	6.769942
18.12	6.778581
18.14	6.787089
18.16	6.795749
18.18	6.813083
18.2	6.821696
18.22	6.830454
18.24	6.83915
18.26	6.847983
18.28	6.856696
18.3	6.865546
18.32	6.874338
18.34	6.892067
18.36	6.901005
18.38	6.909888
18.4	6.918894
18.42	6.927792
18.44	6.936813
18.46	6.945783
18.48	6.954868
18.5	6.963851
18.52	6.972952
18.54	6.991164
18.56	7.000229
18.58	7.009404
18.6	7.018533
18.62	7.027766
18.64	7.036907
18.66	7.046154
18.68	7.055356
18.7	7.073872
18.72	7.083186
18.74	7.092458
18.76	7.101822
18.78	7.111107
18.8	7.120484
18.82	7.129823
18.84	7.139249
18.86	7.1486
18.88	7.158038
18.9	7.16744
18.92	7.176924
18.94	7.186337
18.96	7.205295
18.98	7.214833
19	7.224307
19.02	7.233856
19.04	7.243376
19.06	7.252966
19.08	7.262497
19.1	7.272098
19.12	7.291311
19.14	7.300897
19.16	7.310547
19.18	7.320172
19.2	7.329859
19.22	7.339496
19.24	7.358869
19.26	7.3686
19.28	7.378286
19.3	7.388029
19.32	7.397751
19.34	7.407525
19.36	7.417259
19.38	7.436812
19.4	7.446626
19.42	7.456407
19.44	7.466232
19.46	7.476044
19.48	7.49572
19.5	7.505585
19.52	7.515439
19.54	7.525329
19.56	7.535195
19.58	7.554991
19.6	7.564918
19.62	7.574825
19.64	7.584764
19.66	7.594696
19.68	7.614604
19.7	7.624578
19.72	7.634547
19.74	7.644542
19.76	7.654527
19.78	7.674541
19.8	7.684568
19.82	7.694591
19.84	7.704631
19.86	7.714674
19.88	7.724733
19.9	7.744864
19.92	7.754942
19.94	7.765032
19.96	7.775126
19.98	7.785231
20	7.795342
20.02	7.815592
20.04	7.825727
20.06	7.835873
20.08	7.846024
20.1	7.856187
20.12	7.876532
20.14	7.886712
20.16	7.89691
20.18	7.907107
20.2	7.917319
20.22	7.937759
20.24	7.947987
20.26	7.958231
20.28	7.968471
20.3	7.978735
20.32	7.988994
20.34	8.00954
20.36	8.019838
20.38	8.030127
20.4	8.040437
20.42	8.050735
20.44	8.071387
20.46	8.08173
20.48	8.092058
20.5	8.102425
20.52	8.112774
20.54	8.123151
20.56	8.143909
20.58	8.154291
20.6	8.164701
20.62	8.17509
20.64	8.185526
20.66	8.206382
20.68	8.216803
20.7	8.227274
20.72	8.237719
20.74	8.248198
20.76	8.25865
20.78	8.279634
20.8	8.290149
20.82	8.295527
20.84	8.29842
20.86	8.301177
20.88	8.303837
20.9	8.309238
20.92	8.311908
20.94	8.314572
20.96	8.317161
20.98	8.319823
21	8.32251
21.02	8.327753
21.04	8.330288
21.06	8.332915
21.08	8.335565
21.1	8.338121
21.12	8.343286
21.14	8.346252
21.16	8.349092
21.18	8.351568
21.2	8.353479
21.22	8.355915
21.24	8.358447
21.26	8.361282
21.28	8.36401
21.3	8.368333
21.32	8.370815
21.34	8.373291
21.36	8.376095
21.38	8.378793
21.4	8.380646
21.42	8.385348
21.44	8.387756
21.46	8.390482
21.48	8.393093
21.5	8.394904
21.52	8.39948
21.54	8.401825
21.56	8.419764
21.58	8.418668
21.6	8.414506
21.62	8.410359
21.64	8.404326
21.66	8.392799
21.68	8.395455
21.7	8.385036
21.72	8.394379
21.74	8.372042
21.76	8.368954
21.78	8.369954
21.8	8.37449
21.82	8.283305
21.84	8.307847
21.86	8.212313
21.88	8.23126
21.9	8.131789
21.92	7.855862
21.94	7.653429
21.96	7.606851
21.98	7.595075
22	7.634773
22.02	7.64331
22.04	7.645678
22.06	7.646882
22.08	7.648807
22.1	7.649765
22.12	7.650842
22.14	7.652021
22.16	7.653176
22.18	7.654456
22.2	7.655707
22.22	7.658485
22.24	7.660014
22.26	7.66152
22.28	7.663167
22.3	7.664828
22.32	7.668411
22.34	7.67034
22.36	7.672286
22.38	7.674382
22.4	7.676455
22.42	7.678686
22.44	7.680936
22.46	7.683344
22.48	7.685731
22.5	7.690859
22.52	7.693494
22.54	7.696303
22.56	7.699135
22.58	7.702032
22.6	7.708211
22.62	7.71138
22.64	7.714738
22.66	7.718124
22.68	7.725232
22.7	7.728914
22.72	7.732671
22.74	7.736629
22.76	7.740622
22.78	7.744692
22.8	7.753288
22.82	7.757687
22.84	7.762301
22.86	7.766955
22.88	7.771697
22.9	7.776661
22.92	7.781667
22.94	7.792093
22.96	7.797467
22.98	7.802936
23	7.808643
23.02	7.820255
23.04	7.826355
23.06	7.832508
23.08	7.838766
23.1	7.845275
23.12	7.85184
23.14	7.858515
23.16	7.865448
23.18	7.879536
23.2	7.886791
23.22	7.894214
23.24	7.901768
23.26	7.909496
23.28	7.917358
23.3	7.925396
23.32	7.941928
23.34	7.950426
23.36	7.959107
23.38	7.967933
23.4	7.976946
23.42	7.98618
23.44	7.995546
23.46	8.004902
23.48	8.014574
23.5	8.034478
23.52	8.044689
23.54	8.055102
23.56	8.065677
23.58	8.076455
23.6	8.087475
23.62	8.098817
23.64	8.110131
23.66	8.121661
23.68	8.133362
23.7	8.157369
23.72	8.169679
23.74	8.182164
23.76	8.194863
23.78	8.207866
23.8	8.220712
23.82	8.233976
23.84	8.247463
23.86	8.2751
23.88	8.289246
23.9	8.303581
23.92	8.318153
23.94	8.332918
23.96	8.347922
23.98	8.363123
24	8.378566
24.02	8.410093
24.04	8.426183
24.06	8.44252
24.08	8.459062
24.1	8.475855
24.12	8.492856
24.14	8.510111
24.16	8.527575
24.18	8.563233
24.2	8.581429
24.22	8.599839
24.24	8.618512
24.26	8.637404
24.28	8.65656
24.3	8.675938
24.32	8.695582
24.34	8.735587
24.36	8.755951
24.38	8.776587
24.4	8.797451
24.42	8.818588
24.44	8.839958
24.46	8.883482
24.48	8.905638
24.5	8.92803
24.52	8.950703
24.54	8.973613
24.56	8.996804
24.58	9.043952
24.6	9.067909
24.62	9.092153
24.64	9.11664
24.66	9.141414
24.68	9.191743
24.7	9.217299
24.72	9.243146
24.74	9.269241
24.76	9.29563
24.78	9.322268
24.8	9.376385
24.82	9.403864
24.84	9.431597
24.86	9.459625
24.88	9.487909
24.9	9.516491
24.92	9.574465
24.94	9.603858
24.96	9.633552
24.98	9.663504
25	9.693756
25.02	9.724269
25.04	9.786157
25.06	9.817533
25.08	9.849172
25.1	9.881113
25.12	9.913318
25.14	9.945806
25.16	10.01163
25.18	10.04497
25.2	10.0786
25.22	10.11251
25.24	10.14671
25.26	10.18119
25.28	10.25101
25.3	10.28635
25.32	10.32197
25.34	10.35789
25.36	10.39409
25.38	10.43058
25.4	10.41726
25.42	10.4106
25.44	10.40241
25.46	10.39268
25.48	10.38141
25.5	10.37065
25.52	10.34184
25.54	10.3348
25.56	10.35267
25.58	10.35338
25.6	10.34968
25.62	10.33949
25.64	10.33436
25.66	10.32936
25.68	10.3244
25.7	10.31944
25.72	10.36776
25.74	10.41897
25.76	10.46754
25.78	10.51183
25.8	10.55163
25.82	10.58678
25.84	10.81832
25.86	10.85265
25.88	10.78986
25.9	10.71871
25.92	10.64586
25.94	10.64218
25.96	10.56588
25.98	10.55623
26	10.46116
26.02	10.37914
26.04	10.3573
26.06	10.2731
26.08	10.15529
26.1	10.03777
26.12	10.01422
26.14	10.00623
26.16	9.992109
26.18	9.976566
26.2	9.960526
26.22	9.944194
26.24	9.927596
26.26	9.89366
26.28	9.876327
26.3	9.858743
26.32	9.840925
26.34	9.822859
26.36	9.804563
26.38	9.767253
26.4	9.748242
26.42	9.72901
26.44	9.709539
26.46	9.68985
26.48	9.649788
26.5	9.629418
26.52	9.608838
26.54	9.588034
26.56	9.567021
26.58	9.545787
26.6	9.502699
26.62	9.480849
26.64	9.458786
26.66	9.436531
26.68	9.414067
26.7	9.368565
26.72	9.345531
26.74	9.322298
26.76	9.298889
26.78	9.275289
26.8	9.251518
26.82	9.227561
26.84	9.179137
26.86	9.154676
26.88	9.130041
26.9	9.105254
26.92	9.080299
26.94	9.0552
26.96	9.029939
26.98	8.978988
27	8.953305
27.02	8.927474
27.04	8.901522
27.06	8.875428
27.08	8.849221
27.1	8.796437
27.12	8.769867
27.14	8.7432
27.16	8.716418
27.18	8.689548
27.2	8.635517
27.22	8.608364
27.24	8.581143
27.26	8.553835
27.28	8.526467
27.3	8.499022
27.32	8.47153
27.34	8.416373
27.36	8.388721
27.38	8.361031
27.4	8.333308
27.42	8.30556
27.44	8.277791
27.46	8.250009
27.48	8.222219
27.5	8.194429
27.52	8.166644
27.54	8.11112
27.56	8.083394
27.58	8.055701
27.6	8.028049
27.62	8.000446
27.64	7.945415
27.66	7.918003
27.68	7.890671
27.7	7.863427
27.72	7.836279
27.74	7.782306
27.76	7.755498
27.78	7.728822
27.8	7.702287
27.82	7.675901
27.84	7.649675
27.86	7.597739
27.88	7.57205
27.9	7.546559
27.92	7.521278
27.94	7.496216
27.96	7.471385
27.98	7.446796
28	7.398386
28.02	7.374588
28.04	7.351075
28.06	7.327861
28.08	7.304957
28.1	7.260127
28.12	7.238225
28.14	7.216682
28.16	7.235859
28.18	7.252417
28.2	7.223861
28.22	7.160107
28.24	7.124935
28.26	7.096003
28.28	7.106698
28.3	7.11489
28.32	7.117166
28.34	7.116279
28.36	7.11307
28.38	7.107994
28.4	7.101043
28.42	7.092209
28.44	6.995428
28.46	6.928916
28.48	7.197999
28.5	6.995018
28.52	7.260804
28.54	7.050093
28.56	7.094576
28.58	7.352974
28.6	7.128983
28.62	7.383375
28.64	7.153922
28.66	6.93731
28.68	6.919027
28.7	6.922072
28.72	6.936674
28.74	6.944151
28.76	6.951426
28.78	6.958506
28.8	6.965419
28.82	6.972201
28.84	7.031984
28.86	7.042642
28.88	7.053246
28.9	7.063829
28.92	7.076161
28.94	7.10224
28.96	7.115323
28.98	7.132645
29	7.252362
29.02	7.371476
29.04	7.48981
29.06	7.607203
29.08	7.723515
29.1	7.952384
29.12	8.064724
29.14	8.175539
29.16	8.284753
29.18	8.238849
29.2	8.191276
29.22	8.091551
29.24	8.039635
29.26	7.986519
29.28	7.932342
29.3	7.87725
29.32	7.8214
29.34	7.37428
29.36	7.497922
29.38	7.545102
29.4	7.575305
29.42	7.600808
29.44	8.118532
29.46	7.796656
29.48	7.844723
29.5	7.878047
29.52	7.908601
29.54	7.938768
29.56	7.969014
29.58	7.999421
29.6	8.060737
29.62	8.091625
29.64	8.122653
29.66	8.153811
29.68	8.185085
29.7	8.216469
29.72	8.279516
29.74	8.271397
29.76	8.267668
29.78	8.264417
29.8	8.261655
29.82	8.255968
29.84	8.253414
29.86	8.250748
29.88	8.248335
29.9	8.245732
29.92	8.24337
29.94	8.241101
29.96	8.236588
29.98	8.23429
30	8.232172
30.02	8.230142
30.04	8.228046
30.06	8.226057
30.08	8.222825
30.1	8.220924
30.12	8.218538
30.14	8.216587
30.16	8.214752
30.18	8.212812
30.2	8.210387
30.22	8.205036
30.24	8.202111
30.26	8.198903
30.28	8.195538
30.3	8.191999
30.32	8.184192
30.34	8.180029
30.36	8.175687
30.38	8.171087
30.4	8.166313
30.42	8.161354
30.44	8.150798
30.46	8.145202
30.48	8.139417
30.5	8.13344
30.52	8.127236
30.54	8.120841
30.56	8.107442
30.58	8.100437
30.6	8.093234
30.62	8.08583
30.64	8.078225
30.66	8.062423
30.68	8.054221
30.7	8.045816
30.72	8.03723
30.74	8.028434
30.76	8.019463
30.78	8.010281
30.8	7.991339
30.82	7.981572
30.84	7.971646
30.86	7.961505
30.88	7.951197
30.9	7.940674
30.92	7.919116
30.94	7.908072
30.96	7.896811
30.98	7.885417
31	7.862047
31.02	7.850127
31.04	7.837986
31.06	7.825711
31.08	7.813279
31.1	7.800628
31.12	7.78785
31.14	7.76178
31.16	7.74852
31.18	7.735118
31.2	7.7215
31.22	7.707776
31.24	7.693921
31.26	7.67985
31.28	7.665685
31.3	7.651397
31.32	7.622315
31.34	7.60762
31.36	7.592717
31.38	7.577743
31.4	7.562667
31.42	7.547458
31.44	7.532145
31.46	7.516703
31.48	7.638752
31.5	7.618173
31.52	7.594915
31.54	7.682123
31.56	7.793738
31.58	7.759447
31.6	7.722401
31.62	7.283011
31.64	7.366069
31.66	7.35306
31.68	7.336755
31.7	7.319722
31.72	7.302433
31.74	7.285035
31.76	7.267514
31.78	7.232212
31.8	7.214445
31.82	7.19658
31.84	7.178664
31.86	7.160661
31.88	7.14262
31.9	7.124504
31.92	7.106362
31.94	7.088157
31.96	7.051671
31.98	7.033404
32	7.0151
32.02	6.996811
32.04	6.9785
32.06	6.960219
32.08	6.941928
32.1	6.905446
32.12	6.88727
32.14	6.869116
32.16	6.851041
32.18	6.833004
32.2	6.815064
32.22	6.797178
32.24	6.779408
32.26	6.744144
32.28	6.726669
32.3	6.709349
32.32	6.692136
32.34	6.675097
32.36	6.658187
32.38	6.641472
32.4	6.624905
32.42	6.608555
32.44	6.592373
32.46	6.57643
32.48	6.561744
32.5	6.530337
32.52	6.515343
32.54	6.500631
32.56	6.486197
32.58	6.47205
32.6	6.458201
32.62	6.445906
32.64	6.43186
32.66	6.418814
32.68	6.394453
32.7	6.382463
32.72	6.372255
32.74	6.360305
32.76	6.350579
32.78	6.329898
32.8	6.32028
32.82	6.311264
32.84	6.302738
32.86	6.294691
32.88	6.28713
32.9	6.27352
32.92	6.267497
32.94	6.262013
32.96	6.257082
32.98	6.252716
33	6.24893
33.02	6.243149
33.04	6.24118
33.06	6.239844
33.08	6.239152
33.1	6.742648
33.12	7.276896
33.14	7.255093
33.16	6.703467
33.18	6.687804
33.2	6.669871
33.22	6.649716
33.24	6.602959
33.26	6.576479
33.28	6.548023
33.3	6.517668
33.32	6.485498
33.34	6.451603
33.36	6.379044
33.38	6.340601
33.4	6.300879
33.42	6.322541
33.44	6.360078
33.46	6.864513
33.48	6.39541
33.5	6.897065
33.52	6.436656
33.54	6.93587
33.56	6.482176
33.58	6.978649
33.6	6.531557
33.62	7.025099
33.64	6.584754
33.66	6.641771
33.68	7.128904
33.7	6.702613
33.72	7.186283
33.74	6.767282
33.76	7.24733
33.78	7.312053
33.8	6.908083
33.82	7.380454
33.84	6.984195
33.86	7.452531
33.88	7.528277
33.9	7.147752
33.92	7.607683
33.94	7.235149
33.96	7.690734
33.98	7.326255
34	7.421035
34.02	7.867694
34.04	7.519455
34.06	7.961557
34.08	7.621476
34.1	7.727059
34.12	8.159913
34.14	7.83616
34.16	8.264343
34.18	7.948737
34.2	8.372231
34.22	8.483541
34.24	8.184136
34.26	8.598233
34.28	8.306866
34.3	8.716271
34.32	8.432886
34.34	8.562149
34.36	8.962224
34.38	8.694609
34.4	9.090056
34.42	8.830215
34.44	8.968925
34.46	9.355229
34.48	9.110687
34.5	9.492487
34.52	9.255458
34.54	9.632801
34.56	9.776132
34.58	9.553843
34.6	9.922436
34.62	9.707367
34.64	9.863722
34.66	10.22381
34.68	10.02287
34.7	10.37879
34.72	10.18476
34.74	10.34935
34.76	10.69717
34.78	10.51661
34.8	10.86049
34.82	10.68651
34.84	11.0265
34.86	11.13438
34.88	11.15531
34.9	11.17511
34.92	11.19381
34.94	11.21148
34.96	11.22815
34.98	11.25878
35	11.27286
35.02	11.28619
35.04	11.29887
35.06	11.31095
35.08	11.32253
35.1	11.33367
35.12	11.41961
35.14	11.45807
35.16	11.49511
35.18	11.53219
35.2	11.56959
35.22	11.60738
35.24	11.62108
35.26	11.57579
35.28	11.62693
35.3	11.63986
35.32	11.65182
35.34	11.66251
35.36	11.67183
35.38	11.67975
35.4	11.69129
35.42	11.69487
35.44	11.69697
35.46	11.69754
35.48	11.69666
35.5	11.69455
35.52	11.68638
35.54	11.68034
35.56	11.67301
35.58	11.66441
35.6	11.65456
35.62	11.64348
35.64	11.61775
35.66	11.62537
35.68	11.63196
35.7	11.6375
35.72	11.64274
35.74	11.69112
35.76	11.71282
35.78	11.71422
35.8	11.70273
35.82	11.68949
35.84	11.6785
35.86	11.67442
35.88	11.67195
35.9	11.67075
35.92	11.66958
35.94	11.66843
35.96	11.66731
35.98	11.66624
36	11.66422
36.02	11.66327
36.04	11.66238
36.06	11.66152
36.08	11.66072
36.1	11.65996
36.12	11.65859
36.14	11.65798
36.16	11.65742
36.18	11.65692
36.2	11.65608
36.22	11.65573
36.24	11.6555
36.26	11.65526
36.28	11.81589
36.3	11.88362
36.32	11.8013
36.34	11.81117
36.36	11.83073
36.38	11.37581
36.4	11.51826
36.42	11.18715
36.44	10.65086
36.46	10.44859
36.48	10.49703
36.5	10.44446
36.52	10.36272
36.54	10.15998
36.56	10.04287
36.58	10.28661
36.6	10.14007
36.62	9.997091
36.64	9.92862
36.66	9.960366
36.68	9.90838
36.7	9.940811
36.72	9.925626
36.74	9.878334
36.76	9.91211
36.78	9.865541
36.8	9.953913
36.82	9.891524
36.84	9.980076
36.86	9.914918
36.88	9.937894
36.9	10.04295
36.92	9.875223
36.94	9.983367
36.96	9.759899
36.98	9.922232
37	9.844601
37.02	9.593891
37.04	9.761858
37.06	9.507701
37.08	9.678253
37.1	9.421489
37.12	9.59464
37.14	9.500392
37.16	9.214033
37.18	9.397462
37.2	9.119311
37.22	9.314117
37.24	9.231867
37.26	8.949247
37.28	9.150068
37.3	8.964731
37.32	9.05725
37.34	8.866297
37.36	8.759052
37.38	8.844286
37.4	8.64289
37.42	8.723911
37.44	8.557171
37.46	8.598942
37.48	8.537456
37.5	8.473455
37.52	8.404392
37.54	8.335514
37.56	8.284789
37.58	8.202188
37.6	8.174582
37.62	8.118907
37.64	8.206743
37.66	8.030509
37.68	7.932602
37.7	8.014817
37.72	7.825004
37.74	7.903886
37.76	7.720845
37.78	7.62333
37.8	7.616836
37.82	7.615558
37.84	7.597852
37.86	7.566556
37.88	7.544996
37.9	7.482921
37.92	7.441147
37.94	7.411225
37.96	7.363935
37.98	7.27535
38	7.088653
38.02	7.026628
38.04	6.974128
38.06	6.913831
38.08	6.852137
38.1	6.790363
38.12	6.712081
38.14	6.788796
38.16	6.626813
38.18	6.709965
38.2	6.577132
38.22	6.533579
38.24	6.618843
38.26	6.491416
38.28	6.577795
38.3	6.449634
38.32	6.383691
38.34	6.699964
38.36	6.3129
38.38	6.633863
38.4	6.241823
38.42	6.171424
38.44	6.501808
38.46	6.101937
38.48	6.115477
38.5	6.126249
38.52	6.139198
38.54	6.150441
38.56	6.150211
38.58	6.157359
38.6	6.154349
38.62	6.14288
38.64	5.67413
38.66	5.662747
38.68	6.080804
38.7	6.101797
38.72	5.606466
38.74	6.042884
38.76	5.534124
38.78	5.971252
38.8	5.449469
38.82	5.352448
38.84	5.744887
38.86	5.242604
38.88	5.635705
38.9	5.165777
38.92	5.122638
38.94	5.563809
38.96	5.067151
38.98	5.353241
39	5.642117
39.02	5.563653
39.04	5.196864
39.06	5.471919
39.08	5.097234
39.1	5.366776
39.12	4.984255
39.14	4.739978
39.16	5.243296
39.18	4.789045
39.2	5.289416
39.22	4.786527
39.24	4.775773
39.26	5.278482
39.28	4.764229
39.3	5.268872
39.32	4.981548
39.34	4.948272
39.36	5.202796
39.38	4.901496
39.4	5.149275
39.42	4.841293
39.44	5.082199
39.46	5.001576
39.48	4.375346
39.5	5.006682
39.52	4.643431
39.54	5.270587
39.56	4.703579
39.58	5.342397
39.6	4.724452
39.62	5.357499
39.64	5.359969
39.66	4.979928
39.68	5.348374
39.7	4.96241
39.72	5.32282
39.74	4.931118
39.76	5.283374
39.78	4.886155
39.8	4.82767
39.82	5.163255
39.84	4.560232
39.86	5.182496
39.88	4.769751
39.9	4.819703
39.92	4.835078
39.94	4.843882
39.96	4.85148
39.98	4.858925
40	4.874051
40.02	4.881775
40.04	4.8896
40.06	4.897532
40.08	4.905559
40.1	4.913687
40.12	4.921902
40.14	4.938608
40.16	4.947093
40.18	4.955653
40.2	4.9643
40.22	4.973017
40.24	4.981816
40.26	4.99068
40.28	4.999624
40.3	5.008627
40.32	5.026841
40.34	5.036049
40.36	5.04531
40.38	5.05464
40.4	5.06402
40.42	5.073467
40.44	5.09252
40.46	5.102124
40.48	5.111792
40.5	5.121501
40.52	5.131275
40.54	5.141088
40.56	5.150964
40.58	5.160878
40.6	5.18087
40.62	5.190947
40.64	5.20106
40.66	5.211236
40.68	5.22145
40.7	5.231727
40.72	5.252417
40.74	5.262832
40.76	5.273312
40.78	5.28383
40.8	5.294415
40.82	5.305039
40.84	5.326466
40.86	5.337272
40.88	5.348118
40.9	5.359039
40.92	5.370003
40.94	5.392131
40.96	5.403298
40.98	5.414512
41	5.425812
41.02	5.43716
41.04	5.448597
41.06	5.471669
41.08	5.483306
41.1	5.49504
41.12	5.506833
41.14	5.518728
41.16	5.542747
41.18	5.554876
41.2	5.567116
41.22	5.579426
41.24	5.591853
41.26	5.604354
41.28	5.616977
41.3	5.629679
41.32	5.655421
41.34	5.668468
41.36	5.681601
41.38	5.694875
41.4	5.708241
41.42	5.721754
41.44	5.749127
41.46	5.762992
41.48	5.777017
41.5	5.791151
41.52	5.805449
41.54	5.834448
41.56	5.849153
41.58	5.864038
41.6	5.879048
41.62	5.894244
41.64	5.909573
41.66	5.940754
41.68	5.956614
41.7	5.972619
41.72	5.98883
41.74	6.005193
41.76	6.02177
41.78	6.055461
41.8	6.072581
41.82	6.089931
41.84	6.107451
41.86	6.125208
41.88	6.161319
41.9	6.17968
41.92	6.198293
41.94	6.217096
41.96	6.236158
41.98	6.255417
42	6.294671
42.02	6.314674
42.04	6.334886
42.06	6.355381
42.08	6.376091
42.1	6.39709
42.12	6.439832
42.14	6.46175
42.16	6.483531
42.18	6.505762
42.2	6.528347
42.22	6.551182
42.24	6.574337
42.26	6.621465
42.28	6.645446
42.3	6.669756
42.32	6.694328
42.34	6.719237
42.36	6.769932
42.38	6.795724
42.4	6.821867
42.42	6.848289
42.44	6.875029
42.46	6.902092
42.48	6.957195
42.5	6.985241
42.52	7.013621
42.54	7.042338
42.56	7.071394
42.58	7.130535
42.6	7.160626
42.62	7.191067
42.64	7.221861
42.66	7.253011
42.68	7.316386
42.7	7.348617
42.72	7.381213
42.74	7.414176
42.76	7.447511
42.78	7.481216
42.8	7.549755
42.82	7.584591
42.84	7.619808
42.86	7.655409
42.88	7.691394
42.9	7.727767
42.92	7.764528
42.94	7.839226
42.96	7.877166
42.98	7.915503
43	7.954237
43.02	8.315751
43.04	8.39063
43.06	8.112787
43.08	8.467535
43.1	8.194757
43.12	8.546161
43.14	8.278378
43.16	8.542827
43.18	8.532432
43.2	8.519961
43.22	8.505449
43.24	8.488935
43.26	8.470457
43.28	8.42781
43.3	8.403746
43.32	8.377935
43.34	8.383836
43.36	8.387698
43.38	8.389548
43.4	8.387247
43.42	8.387946
43.44	8.390925
43.46	8.394359
43.48	8.397985
43.5	8.405912
43.52	8.410026
43.54	8.414445
43.56	8.418922
43.58	8.423526
43.6	8.433435
43.62	8.438554
43.64	8.444007
43.66	8.442934
43.68	8.439698
43.7	8.435841
43.72	8.431921
43.74	8.427935
43.76	8.423963
43.78	8.416273
43.8	8.411977
43.82	8.407976
43.84	8.404188
43.86	8.400534
43.88	8.396007
43.9	8.391975
43.92	8.384669
43.94	8.380051
43.96	8.376026
43.98	8.372379
44	8.368831
44.02	8.364183
44.04	8.356589
44.06	8.353092
44.08	8.348447
44.1	8.344481
44.12	8.340943
44.14	8.337504
44.16	8.328953
44.18	8.325475
44.2	8.322099
44.22	8.317497
44.24	8.313624
44.26	8.310213
44.28	8.302339
44.3	8.298523
44.32	8.295181
44.34	8.291945
44.36	8.287422
44.38	8.280403
44.4	8.277247
44.42	8.272774
44.44	8.269089
44.46	8.265903
44.48	8.262832
44.5	8.254802
44.52	8.251703
44.54	8.248719
44.56	8.244362
44.58	8.240831
44.6	8.237823
44.62	8.230643
44.64	8.227197
44.66	8.224284
44.68	8.221492
44.7	8.217275
44.72	8.213917
44.74	8.208415
44.76	8.204276
44.78	8.201012
44.8	8.198304
44.82	8.195722
44.84	8.191665
44.86	8.188498
44.88	8.185901
44.9	8.183428
44.92	8.176395
44.94	8.173908
44.96	8.171552
44.98	8.167675
45	8.164719
45.02	8.162348
45.04	8.156329
45.06	8.153919
45.08	8.151286
45.1	8.147919
45.12	8.145537
45.14	8.139814
45.16	8.137496
45.18	8.13505
45.2	8.131959
45.22	8.129717
45.24	8.127356
45.26	8.124343
45.28	8.119909
45.3	8.116971
45.32	8.114905
45.34	8.112717
45.36	8.109855
45.38	8.107882
45.4	8.105787
45.42	8.103004
45.44	8.099133
45.46	8.096435
45.48	8.094666
45.5	8.092768
45.52	8.090157
45.54	8.086702
45.56	8.084183
45.58	8.082634
45.6	8.080951
45.62	8.078527
45.64	8.077093
45.66	8.0732
45.68	8.071885
45.7	8.070433
45.72	8.068214
45.74	8.067024
45.76	8.065692
45.78	8.062518
45.8	8.061313
45.82	8.059315
45.84	8.058382
45.86	8.057304
45.88	8.055423
45.9	8.05368
45.92	8.051919
45.94	8.05126
45.96	8.050451
45.98	8.048814
46	8.047627
46.02	8.046118
46.04	8.045746
46.06	8.04522
46.08	8.043841
46.1	8.043619
46.12	8.041996
46.14	8.041924
46.16	8.041696
46.18	8.04059
46.2	8.040674
46.22	8.040598
46.24	8.039876
46.26	8.039956
46.28	8.039138
46.3	8.03954
46.32	8.03978
46.34	8.039108
46.36	8.039677
46.38	8.039558
46.4	8.040292
46.42	8.040858
46.44	8.040493
46.46	8.041397
46.48	8.04213
46.5	8.042998
46.52	8.043902
46.54	8.043854
46.56	8.045104
46.58	8.046181
46.6	8.046295
46.62	8.048974
46.64	8.049254
46.66	8.05086
46.68	8.052289
46.7	8.052737
46.72	8.056133
46.74	8.056751
46.76	8.058722
46.78	8.060512
46.8	8.061302
46.82	8.065432
46.84	8.066397
46.86	8.068741
46.88	8.070898
46.9	8.072042
46.92	8.074573
46.94	8.078239
46.96	8.080962
46.98	8.083496
47	8.084998
47.02	8.087912
47.04	8.090636
47.06	8.095428
47.08	8.098344
47.1	8.100212
47.12	8.103515
47.14	8.106623
47.16	8.108677
47.18	8.112175
47.2	8.117719
47.22	8.121413
47.24	8.12491
47.26	8.12734
47.28	8.131233
47.3	8.134927
47.32	8.141637
47.34	8.145528
47.36	8.148338
47.38	8.152629
47.4	8.156716
47.42	8.164208
47.44	8.168495
47.46	8.171692
47.48	8.176382
47.5	8.180867
47.52	8.184257
47.54	8.193832
47.56	8.197416
47.58	8.202508
47.6	8.207393
47.62	8.211172
47.64	8.216465
47.66	8.225525
47.68	8.23102
47.7	8.236305
47.72	8.240476
47.74	8.246172
47.76	8.251658
47.78	8.256024
47.8	8.26761
47.82	8.272173
47.84	8.278273
47.86	8.28416
47.88	8.288918
47.9	8.29522
47.92	8.306263
47.94	8.312765
47.96	8.319052
47.98	8.324205
48	8.330909
48.02	8.342744
48.04	8.349648
48.06	8.356333
48.08	8.361878
48.1	8.368981
48.12	8.375866
48.14	8.381608
48.16	8.395992
48.18	8.40193
48.2	8.409431
48.22	8.41671
48.24	8.422844
48.26	8.430542
48.28	8.438018
48.3	8.452241
48.32	8.459914
48.34	8.466436
48.36	8.474527
48.38	8.482395
48.4	8.497396
48.42	8.505459
48.44	8.512368
48.46	8.520848
48.48	8.529103
48.5	8.544877
48.52	8.553325
48.54	8.560616
48.56	8.569482
48.58	8.578121
48.6	8.585604
48.62	8.594659
48.64	8.61116
48.66	8.620405
48.68	8.629423
48.7	8.637283
48.72	8.646717
48.74	8.655923
48.76	8.66397
48.78	8.682983
48.8	8.691217
48.82	8.701024
48.84	8.710601
48.86	8.71902
48.88	8.738771
48.9	8.747374
48.92	8.757547
48.94	8.76749
48.96	8.776277
48.98	8.786631
49	8.796755
49.02	8.816257
49.04	8.82656
49.06	8.835708
49.08	8.84642
49.1	8.856902
49.12	8.877118
49.14	8.887776
49.16	8.89728
49.18	8.908345
49.2	8.919178
49.22	8.928858
49.24	8.940096
49.26	8.951102
49.28	8.960957
49.3	8.983544
49.32	8.993572
49.34	9.005153
49.36	9.016501
49.38	9.0267
49.4	9.03845
49.42	9.060335
49.44	9.072252
49.46	9.083936
49.48	9.094473
49.5	9.106554
49.52	9.118403
49.54	9.141353
49.56	9.153364
49.58	9.164234
49.6	9.176641
49.62	9.188814
49.64	9.199848
49.66	9.22387
49.68	9.236704
49.7	9.248252
49.72	9.261264
49.74	9.29954
49.76	9.338701
49.78	9.344839
49.8	9.352922
49.82	9.391417
49.84	9.36966
49.86	9.372474
49.88	9.373497
49.9	9.371788
49.92	9.368657
49.94	9.364156
49.96	9.383379
49.98	9.476482
50	9.576948
50.02	9.58902
50.04	9.599436
50.06	9.608221
50.08	9.615408
50.1	9.621031
50.12	9.653057
50.14	9.671912
50.16	9.691174
50.18	9.710599
50.2	9.730289
50.22	9.750116
50.24	9.790419
50.26	9.810893
50.28	9.831503
50.3	9.852366
50.32	9.873366
50.34	9.916008
50.36	9.937648
50.38	9.959424
50.4	9.98145
50.42	10.00361
50.44	10.02412
50.46	10.04072
50.48	10.1063
50.5	10.13066
50.52	10.15158
50.54	10.17174
50.56	10.19144
50.58	10.21056
50.6	10.24627
50.62	10.29477
50.64	9.942632
50.66	9.970611
50.68	9.996551
50.7	9.917476
50.72	9.856299
50.74	9.87513
50.76	9.787671
50.78	9.803455
50.8	9.712256
50.82	9.510889
50.84	9.643934
50.86	9.681487
50.88	9.699274
50.9	9.713262
50.92	9.726001
50.94	9.750628
50.96	9.76252
50.98	9.774097
51	9.785791
51.02	9.797026
51.04	9.807948
51.06	9.818983
51.08	9.829559
51.1	9.850197
51.12	9.860113
51.14	9.869717
51.16	9.879428
51.18	9.888682
51.2	9.906671
51.22	9.915261
51.24	9.92354
51.26	9.931921
51.28	9.939847
51.3	9.947461
51.32	9.962437
51.34	9.969385
51.36	9.976432
51.38	9.983027
51.4	9.98931
51.42	9.99569
51.44	10.00162
51.46	10.01295
51.48	10.01821
51.5	10.02316
51.52	10.02821
51.54	10.03281
51.56	10.04147
51.58	10.04541
51.6	10.04903
51.62	10.05274
51.64	10.05601
51.66	10.05897
51.68	10.06462
51.7	10.06692
51.72	10.06931
51.74	10.07125
51.76	10.07289
51.78	10.07461
51.8	10.0759
51.82	10.07687
51.84	10.07857
51.86	10.07889
51.88	10.0793
51.9	10.07927
51.92	10.07893
51.94	10.07869
51.96	10.07702
51.98	10.07613
52	10.0748
52.02	10.07316
52.04	10.07163
52.06	10.06736
52.08	10.06518
52.1	10.06256
52.12	10.05964
52.14	10.05682
52.16	10.05355
52.18	10.04999
52.2	10.04264
52.22	10.03844
52.24	10.03435
52.26	10.02982
52.28	10.02028
52.3	10.01513
52.32	10.00968
52.34	10.00434
52.36	9.998568
52.38	9.992496
52.4	9.986545
52.42	9.980156
52.44	9.966908
52.46	9.959909
52.48	9.952617
52.5	9.94545
52.52	9.937848
52.54	9.929955
52.56	9.913991
52.58	9.905502
52.6	9.897146
52.62	9.888358
52.64	9.879282
52.66	9.870341
52.68	9.851315
52.7	9.8418
52.72	9.831761
52.74	9.821865
52.76	9.811447
52.78	9.790102
52.8	9.779179
52.82	9.768012
52.84	9.756719
52.86	9.745184
52.88	9.733525
52.9	9.709607
52.92	9.697351
52.94	9.684974
52.96	9.672362
52.98	9.659634
53	9.646672
53.02	9.62029
53.04	9.606873
53.06	9.593225
53.08	9.579471
53.1	9.565489
53.12	9.551402
53.14	9.53709
53.16	9.522677
53.18	9.508042
53.2	9.478356
53.22	9.463308
53.24	9.448044
53.26	9.432687
53.28	9.417117
53.3	9.401458
53.32	9.385589
53.34	9.353472
53.36	9.337229
53.38	9.320781
53.4	9.304256
53.42	9.287529
53.44	9.253732
53.46	9.236666
53.48	9.219404
53.5	9.20208
53.52	9.184562
53.54	9.166986
53.56	9.149221
53.58	9.131403
53.6	9.095346
53.62	9.077113
53.64	9.058835
53.66	9.04038
53.68	9.021887
53.7	9.003222
53.72	8.965653
53.74	8.946757
53.76	8.927698
53.78	8.908615
53.8	8.889375
53.82	8.850705
53.84	8.831283
53.86	8.811712
53.88	8.792136
53.9	8.772418
53.92	8.752701
53.94	8.713002
53.96	8.693025
53.98	8.673062
54	8.652975
54.02	8.632909
54.04	8.592567
54.06	8.572299
54.08	8.552066
54.1	8.531728
54.12	8.511434
54.14	8.491041
54.16	8.470699
54.18	8.450266
54.2	8.409436
54.22	8.389048
54.24	8.368583
54.26	8.348195
54.28	8.327738
54.3	8.286937
54.32	8.266602
54.34	8.246215
54.36	8.225932
54.38	8.205607
54.4	8.185396
54.42	8.165152
54.44	8.124887
54.46	8.104878
54.48	8.084855
54.5	8.064977
54.52	8.045094
54.54	8.025288
54.56	7.985932
54.58	7.966393
54.6	7.946953
54.62	7.927619
54.64	7.908397
54.66	7.889292
54.68	7.87031
54.7	7.83274
54.72	7.814165
54.74	7.795736
54.76	7.777463
54.78	7.759349
54.8	7.741403
54.82	7.706038
54.84	7.688632
54.86	7.671421
54.88	7.65441
54.9	7.637607
54.92	7.621017
54.94	7.588512
54.96	7.572611
54.98	7.55619
55	7.541091
55.02	7.526461
55.04	7.512136
55.06	7.498089
55.08	7.470843
55.1	7.45766
55.12	7.444783
55.14	7.428629
55.16	7.41329
55.18	7.38373
55.2	7.369411
55.22	7.355394
55.24	7.368665
55.26	7.340725
55.28	7.349466
55.3	7.498669
55.32	7.585565
55.34	7.771626
55.36	7.859875
55.38	8.048998
55.4	7.793918
55.42	7.718762
55.44	7.897212
55.46	7.634775
55.48	7.744436
55.5	7.550522
55.52	7.655178
55.54	7.558029
55.56	7.358939
55.58	7.453674
55.6	7.253041
55.62	7.342915
55.64	7.208156
55.66	7.191308
55.68	7.196558
55.7	7.186472
55.72	7.201693
55.74	7.1939
55.76	7.210029
55.78	7.204065
55.8	7.217133
55.82	7.210772
55.84	7.207612
55.86	7.227307
55.88	7.232065
55.9	7.25299
55.92	7.260707
55.94	7.281912
55.96	7.313083
55.98	7.325516
56	7.373576
56.02	7.418631
56.04	7.456099
56.06	7.531469
56.08	7.569252
56.1	7.599645
56.12	7.633781
56.14	7.66066
56.16	7.691196
56.18	7.52103
56.2	7.542257
56.22	7.569177
56.24	7.597105
56.26	7.625142
56.28	7.653145
56.3	7.709104
56.32	7.737137
56.34	7.811581
56.36	7.852995
56.38	7.888068
56.4	7.922142
56.42	7.990644
56.44	8.02529
56.46	8.10008
56.48	8.09981
56.5	8.140975
56.52	8.241813
56.54	8.227047
56.56	8.215086
56.58	8.200757
56.6	8.165106
56.62	8.143849
56.64	8.120356
56.66	8.123241
56.68	8.124388
56.7	8.124706
56.72	8.124924
56.74	8.124979
56.76	8.125057
56.78	8.125089
56.8	8.124994
56.82	8.124958
56.84	8.1248
56.86	8.123641
56.88	8.115496
56.9	8.111444
56.92	8.107694
56.94	8.084892
56.96	8.124088
56.98	8.044612
57	8.001972
57.02	8.052235
57.04	8.082203
57.06	8.084468
57.08	8.011226
57.1	8.052061
57.12	7.973813
57.14	7.926319
57.16	7.95666
57.18	7.907208
57.2	8.049595
57.22	7.81171
57.24	8.02133
57.26	7.763533
57.28	7.731187
57.3	7.992102
57.32	7.708339
57.34	7.982692
57.36	7.691763
57.38	7.67842
57.4	7.812697
57.42	7.663772
57.44	7.798118
57.46	7.648666
57.48	7.633302
57.5	7.76783
57.52	7.617748
57.54	7.722101
57.56	7.60205
57.58	7.706531
57.6	7.586251
57.62	7.570393
57.64	7.675189
57.66	7.554519
57.68	7.659502
57.7	7.538671
57.72	7.848289
57.74	7.835335
57.76	7.514396
57.78	7.824639
57.8	7.505687
57.82	7.816118
57.84	7.49925
57.86	7.495099
57.88	7.615134
57.9	7.489195
57.92	7.609398
57.94	7.483758
57.96	7.604089
57.98	7.479338
58	7.599768
58.02	7.476033
58.04	7.473845
58.06	7.929769
58.08	7.476409
58.1	7.931625
58.12	7.481331
58.14	7.487966
58.16	7.941466
58.18	7.496119
58.2	7.953437
58.22	7.608758
58.24	7.481256
58.26	7.599671
58.28	7.47139
58.3	7.589799
58.32	7.461265
58.34	7.450974
58.36	7.569346
58.38	7.440527
58.4	7.774972
58.42	7.429918
58.44	7.764375
58.46	7.753603
58.48	7.40818
58.5	7.742649
58.52	7.397036
58.54	7.731505
58.56	7.3857
58.58	7.374168
58.6	7.523126
58.62	7.362435
58.64	7.511385
58.66	7.350497
58.68	7.338352
58.7	7.487286
58.72	7.326
58.74	7.734401
58.76	7.307613
58.78	7.278608
58.8	7.678674
58.82	7.239035
58.84	7.634194
58.86	7.205967
58.88	7.179382
58.9	7.615091
58.92	7.211713
58.94	7.651198
58.96	7.21118
58.98	7.651363
59	7.200493
59.02	7.187696
59.04	7.627817
59.06	7.174412
59.08	7.623475
59.1	7.160976
59.12	7.609938
59.14	7.596326
59.16	7.133914
59.18	7.582668
59.2	7.120329
59.22	7.56898
59.24	7.106733
59.26	7.093141
59.28	7.541102
59.3	7.079572
59.32	7.527419
59.34	7.066046
59.36	7.513776
59.38	7.052582
59.4	7.500192
59.42	7.48908
59.44	7.025928
59.46	7.475701
59.48	7.012784
59.5	7.462445
59.52	7.449335
59.54	6.986987
59.56	7.436397
59.58	6.974385
59.6	7.416445
59.62	6.96202
59.64	6.94992
59.66	7.391541
59.68	6.938114
59.7	7.379498
59.72	6.926635
59.74	6.915514
59.76	7.357234
59.78	6.904787
59.8	7.346228
59.82	6.894486
59.84	6.884649
59.86	7.325474
59.88	6.87531
59.9	7.315794
59.92	6.86651
59.94	7.305745
59.96	6.858287
59.98	6.850679
60	7.289091
60.02	6.843729
60.04	7.281685
60.06	6.837477
60.08	6.831966
60.1	7.268912
60.12	6.82724
60.14	7.263628
60.16	6.823342
60.18	7.259133
60.2	6.820318
60.22	6.818213
60.24	7.252687
60.26	6.817074
60.28	7.250822
60.3	6.816947
60.32	7.249923
60.34	7.250034
60.36	6.819919
60.38	7.251202
60.4	6.823114
60.42	7.253471
60.44	6.827512
60.46	6.833161
60.48	7.261502
60.5	6.840111
60.52	7.267356
60.54	6.84841
60.56	7.274499
60.58	7.282977
60.6	6.869246
60.62	7.292837
60.64	6.881881
60.66	7.304126
60.68	6.896056
60.7	6.911818
60.72	7.331173
60.74	6.929214
60.76	7.347023
60.78	7.364484
60.8	6.969089
60.82	7.3836
60.84	6.991657
60.86	7.404415
60.88	7.016035
60.9	7.426972
60.92	7.451311
60.94	7.07039
60.96	7.477475
60.98	7.100446
61	7.505503
61.02	7.132473
61.04	7.166506
61.06	7.567303
61.08	7.202581
61.1	7.601149
61.12	7.240731
61.14	7.637005
61.16	7.280988
61.18	7.323382
61.2	7.714881
61.22	7.36794
61.24	7.756963
61.26	7.414691
61.28	7.463658
61.3	7.847558
61.32	7.514864
61.34	7.896122
61.36	7.568332
61.38	7.946898
61.4	7.624079
61.42	7.682124
61.44	8.055168
61.46	7.742481
61.48	8.1127
61.5	7.805166
61.52	7.87019
61.54	8.234648
61.56	7.938162
61.58	8.301907
61.6	8.364934
61.62	8.078415
61.64	8.434026
61.66	8.152809
61.68	8.505401
61.7	8.229534
61.72	8.308599
61.74	8.655102
61.76	8.390004
61.78	8.733442
61.8	8.473751
61.82	8.814117
61.84	8.897127
61.86	8.648266
61.88	8.982472
61.9	8.739028
61.92	9.070154
61.94	9.105529
61.96	9.071595
61.98	9.055817
62	9.038022
62.02	9.018244
62.04	8.996522
62.06	8.94742
62.08	8.920138
62.1	8.891109
62.12	8.890821
62.14	8.888527
62.16	8.877999
62.18	8.869779
62.2	8.864359
62.22	8.860969
62.24	8.857998
62.26	8.855257
62.28	8.852578
62.3	8.847607
62.32	8.84532
62.34	8.843092
62.36	8.841044
62.38	8.839062
62.4	8.837268
62.42	8.833611
62.44	8.826833
62.46	8.818955
62.48	8.810707
62.5	8.80265
62.52	8.794608
62.54	8.778013
62.56	8.769979
62.58	8.761148
62.6	8.753325
62.62	8.745337
62.64	8.728747
62.66	8.720823
62.68	8.712011
62.7	8.704346
62.72	8.696495
62.74	8.680154
62.76	8.672384
62.78	8.663689
62.8	8.656194
62.82	8.648508
62.84	8.632483
62.86	8.624887
62.88	8.61634
62.9	8.609035
62.92	8.601537
62.94	8.58587
62.96	8.578472
62.98	8.570093
63	8.563
63.02	8.555709
63.04	8.547422
63.06	8.540442
63.08	8.525073
63.1	8.518211
63.12	8.511147
63.14	8.50306
63.16	8.496321
63.18	8.489377
63.2	8.4814
63.22	8.474789
63.24	8.460104
63.26	8.453625
63.28	8.446937
63.3	8.43919
63.32	8.432847
63.34	8.418669
63.36	8.412468
63.38	8.406054
63.4	8.398557
63.42	8.392502
63.44	8.386232
63.46	8.372962
63.48	8.36684
63.5	8.359612
63.52	8.353862
63.54	8.347894
63.56	8.340806
63.58	8.329403
63.6	8.322461
63.62	8.317033
63.64	8.311382
63.66	8.304591
63.68	8.293845
63.7	8.287208
63.72	8.282118
63.74	8.276802
63.76	8.270324
63.78	8.265408
63.8	8.260265
63.82	8.249212
63.84	8.244247
63.86	8.238098
63.88	8.233543
63.9	8.228759
63.92	8.22278
63.94	8.213811
63.96	8.208007
63.98	8.203828
64	8.199415
64.02	8.19379
64.04	8.189803
64.06	8.185581
64.08	8.176348
64.1	8.17232
64.12	8.167063
64.14	8.163471
64.16	8.159642
64.18	8.154573
64.2	8.147555
64.22	8.142679
64.24	8.139495
64.26	8.13607
64.28	8.13139
64.3	8.128414
64.32	8.120714
64.34	8.117949
64.36	8.114941
64.38	8.110661
64.4	8.108109
64.42	8.105312
64.44	8.101237
64.46	8.095288
64.48	8.093217
64.5	8.089658
64.52	8.08798
64.54	8.069501
64.56	8.060579
64.58	8.036741
64.6	8.02734
64.62	8.057057
64.64	8.050745
64.66	8.038585
64.68	8.026539
64.7	7.982051
64.72	7.956759
64.74	7.929494
64.76	7.900306
64.78	7.86925
64.8	7.873033
64.82	7.876141
64.84	7.877232
64.86	7.878407
64.88	7.879869
64.9	7.881463
64.92	7.885384
64.94	7.887713
64.96	7.890181
64.98	7.892951
65	7.89586
65.02	7.899074
65.04	7.906091
65.06	7.909894
65.08	7.914008
65.1	7.918265
65.12	7.922832
65.14	7.927546
65.16	7.937744
65.18	7.943231
65.2	7.948866
65.22	7.954816
65.24	7.960917
65.26	7.967336
65.28	7.973906
65.3	7.987836
65.32	7.995198
65.34	8.002714
65.36	8.010552
65.38	8.018546
65.4	8.026862
65.42	8.044133
65.44	8.053089
65.46	8.06237
65.48	8.071811
65.5	8.081577
65.52	8.091506
65.54	8.105897
65.56	8.117326
65.58	8.110687
65.6	8.104419
65.62	8.098772
65.64	8.093774
65.66	8.089407
65.68	8.082472
65.7	8.079856
65.72	8.077779
65.74	8.076221
65.76	7.963167
65.78	7.775611
65.8	7.798072
65.82	7.80675
65.84	7.813043
65.86	7.819258
65.88	7.825882
65.9	7.840738
65.92	7.862898
65.94	7.876024
65.96	7.887632
65.98	7.899231
66	7.911119
66.02	7.923357
66.04	7.935955
66.06	7.962242
66.08	7.975928
66.1	7.99663
66.12	8.014589
66.14	8.032248
66.16	8.050083
66.18	8.086552
66.2	8.105182
66.22	8.12406
66.24	8.143173
66.26	8.157076
66.28	8.170641
66.3	8.185701
66.32	8.207869
66.34	8.220106
66.36	8.232828
66.38	8.245299
66.4	8.258224
66.42	8.271005
66.44	8.297006
66.46	8.310082
66.48	8.323167
66.5	8.336645
66.52	8.349998
66.54	8.363358
66.56	8.377081
66.58	8.390689
66.6	8.418256
66.62	8.432102
66.64	8.445957
66.66	8.460118
66.68	8.488264
66.7	8.502621
66.72	8.516895
66.74	8.531183
66.76	8.545722
66.78	8.574674
66.8	8.589383
66.82	8.604034
66.84	8.618703
66.86	8.633572
66.88	8.648396
66.9	8.663239
66.92	8.693247
66.94	8.705773
66.96	8.714296
66.98	8.722089
67	8.729566
67.02	8.744435
67.04	8.75173
67.06	8.759127
67.08	8.766373
67.1	8.773539
67.12	8.787948
67.14	8.794991
67.16	8.802149
67.18	8.809154
67.2	8.816073
67.22	8.823104
67.24	8.829983
67.26	8.843676
67.28	8.850428
67.3	8.857154
67.32	8.864327
67.34	8.871068
67.36	8.883537
67.38	8.890346
67.4	8.897198
67.42	8.902847
67.44	8.909078
67.46	8.915679
67.48	8.922287
67.5	8.93371
67.52	8.940073
67.54	8.946426
67.56	8.951663
67.58	8.957443
67.6	8.969656
67.62	8.97472
67.64	8.980282
67.66	8.986147
67.68	8.99199
67.7	8.996915
67.72	9.002211
67.74	9.013193
67.76	9.018694
67.78	9.023229
67.8	9.028178
67.82	9.033195
67.84	9.043614
67.86	9.047862
67.88	9.052491
67.9	9.057182
67.92	9.062099
67.94	9.066887
67.96	9.075205
67.98	9.079578
68	9.083876
68.02	9.08846
68.04	9.092848
68.06	9.100228
68.08	9.104174
68.1	9.108052
68.12	9.11219
68.14	9.116138
68.16	9.105425
68.18	9.109127
68.2	9.113915
68.22	9.114234
68.24	9.118036
68.26	9.119496
68.28	9.122734
68.3	9.127653
68.32	9.084003
68.34	9.082621
68.36	9.140952
68.38	9.051088
68.4	9.130157
68.42	9.01501
68.44	8.991206
68.46	9.116346
68.48	8.976219
68.5	8.994843
68.52	9.007545
68.54	9.022547
68.56	9.042333
68.58	9.046534
68.6	9.05409
68.62	9.053977
68.64	9.05777
68.66	9.01726
68.68	9.006035
68.7	9.004726
68.72	8.997734
68.74	8.989637
68.76	8.981366
68.78	8.973121
68.8	8.980467
68.82	9.002142
68.84	8.975277
68.86	9.042929
68.88	9.036242
68.9	9.061543
68.92	9.068085
68.94	9.074312
68.96	9.080531
68.98	9.08692
69	9.093436
69.02	9.115587
69.04	9.116529
69.06	9.117558
69.08	9.118575
69.1	9.119548
69.12	9.120468
69.14	9.12214
69.16	9.12288