0.02	9.645122
0.04	8.663092
0.06	8.656638
0.08	8.650651
0.1	8.643891
0.12	8.636124
0.14	8.627316
0.16	8.606619
0.18	8.594777
0.2	8.581973
0.22	8.494713
0.24	8.482255
0.26	8.742815
0.28	9.010212
0.3	8.957582
0.32	8.94142
0.34	8.931778
0.36	8.923413
0.38	8.915324
0.4	8.907356
0.42	8.891907
0.44	8.884548
0.46	8.877528
0.48	8.870922
0.5	8.864808
0.52	8.859263
0.54	8.854374
0.56	8.846909
0.58	8.844514
0.6	8.861386
0.62	8.877346
0.64	8.894176
0.66	8.931894
0.68	9.023173
0.7	9.116961
0.72	9.215781
0.74	9.320051
0.76	9.544826
0.78	9.665123
0.8	9.790541
0.82	9.920949
0.84	10.05622
0.86	10.27773
0.88	10.47111
0.9	10.66198
0.92	10.85503
0.94	11.05084
0.96	11.44975
0.98	11.65215
1	11.83916
1.02	11.90607
1.04	11.89895
1.06	11.90654
1.08	11.91512
1.1	11.92485
1.12	11.9355
1.14	11.95935
1.16	11.97257
1.18	11.98667
1.2	11.96022
1.22	11.95462
1.24	11.95581
1.26	11.9592
1.28	11.9633
1.3	11.97207
1.32	11.97655
1.34	11.98109
1.36	11.98568
1.38	11.99381
1.4	11.99429
1.42	12.00101
1.44	12.04223
1.46	12.07741
1.48	12.12233
1.5	12.17696
1.52	12.33331
1.54	12.40486
1.56	12.61797
1.58	12.84003
1.6	12.86254
1.62	13.08104
1.64	13.33948
1.66	13.39634
1.68	13.61479
1.7	13.6882
1.72	13.97596
1.74	14.16422
1.76	14.05241
1.78	14.21264
1.8	14.12036
1.82	13.87546
1.84	13.65996
1.86	13.45545
1.88	13.08573
1.9	12.87809
1.92	13.08543
1.94	13.18152
1.96	13.53984
1.98	13.76692
2	13.92464
2.02	14.14859
2.04	13.38753
2.06	13.61429
2.08	13.0724
2.1	12.30551
2.12	12.52355
2.14	11.75518
2.16	11.96849
2.18	11.19992
2.2	11.4082
2.22	10.64099
2.24	10.08003
2.26	10.27722
2.28	9.519104
2.3	9.710093
2.32	8.960917
2.34	9.145145
2.36	8.585729
2.38	7.867763
2.4	8.036215
2.42	7.343302
2.44	7.502329
2.46	7.040946
2.48	7.083129
2.5	7.481159
2.52	6.996824
2.54	7.404497
2.56	6.898325
2.58	7.313641
2.6	6.797081
2.62	6.692697
2.64	7.119889
2.66	6.594534
2.68	7.036959
2.7	6.511389
2.72	6.965326
2.74	6.642807
2.76	6.371122
2.78	6.584149
2.8	6.313505
2.82	6.533612
2.84	6.264289
2.86	6.223492
2.88	6.456907
2.9	6.191099
2.92	6.167063
2.94	6.684124
2.96	6.151305
2.98	6.674829
3	6.143711
3.02	6.672974
3.04	6.144138
3.06	6.152409
3.08	6.690978
3.1	6.168324
3.12	6.710429
3.14	6.191653
3.16	6.222148
3.18	6.769205
3.2	6.25954
3.22	6.808057
3.24	6.303546
3.26	6.852898
3.28	6.903447
3.3	6.410206
3.32	6.959442
3.34	6.472248
3.36	7.020615
3.38	6.539682
3.4	6.6122
3.42	6.932489
3.44	6.689492
3.46	7.009579
3.48	6.771255
3.5	7.090867
3.52	6.857193
3.54	6.947016
3.56	7.264953
3.58	7.040448
3.6	7.498275
3.62	7.137219
3.64	7.59216
3.66	7.688945
3.68	7.339759
3.7	7.78841
3.72	7.445046
3.74	7.890342
3.76	7.552709
3.78	7.662536
3.8	8.166773
3.82	7.774326
3.84	8.274041
3.86	7.887889
3.88	8.383033
3.9	8.003048
3.92	8.493586
3.94	8.545121
3.96	8.237482
3.98	8.659163
4	8.35645
4.02	8.774312
4.04	8.476397
4.06	8.597187
4.08	9.007417
4.1	8.7187
4.12	8.820043
4.14	8.911207
4.16	8.931277
4.18	9.034728
4.2	9.116697
4.22	9.130732
4.24	9.208274
4.26	9.219675
4.28	9.323726
4.3	9.319809
4.32	9.542071
4.34	9.682952
4.36	9.589375
4.38	9.808337
4.4	9.713774
4.42	9.930712
4.44	9.837595
4.46	9.941605
4.48	10.34163
4.5	10.09682
4.52	10.49555
4.54	10.22642
4.56	10.62161
4.58	10.74194
4.6	10.47358
4.62	10.8609
4.64	10.76317
4.66	10.96944
4.68	10.86998
4.7	11.07001
4.72	10.96921
4.74	11.16289
4.76	11.24843
4.78	11.14631
4.8	11.27399
4.82	11.25603
4.84	11.23706
4.86	11.19245
4.88	11.16683
4.9	11.13902
4.92	11.10904
4.94	11.07691
4.96	11.04266
4.98	11.00631
5	10.92747
5.02	10.91607
5.04	10.85442
5.06	10.96191
5.08	10.83926
5.1	10.81114
5.12	10.79617
5.14	10.78015
5.16	10.76364
5.18	10.74678
5.2	10.72957
5.22	10.69416
5.24	10.67596
5.26	10.65741
5.28	10.63856
5.3	10.61936
5.32	10.59983
5.34	10.57999
5.36	10.55981
5.38	10.51848
5.4	10.49732
5.42	10.47583
5.44	10.45404
5.46	10.43191
5.48	10.40946
5.5	10.38668
5.52	10.34017
5.54	10.31645
5.56	10.2924
5.58	10.26804
5.6	10.24337
5.62	10.19308
5.64	10.16747
5.66	10.14155
5.68	10.11532
5.7	10.08878
5.72	10.06194
5.74	10.00735
5.76	9.979595
5.78	9.951548
5.8	9.923194
5.82	9.865603
5.84	9.83637
5.86	9.806836
5.88	9.777019
5.9	9.746904
5.92	9.716511
5.94	9.685822
5.96	9.623604
5.98	9.592077
6	9.560264
6.02	9.528182
6.04	9.463188
6.06	9.43028
6.08	9.397113
6.1	9.363671
6.12	9.329975
6.14	9.296009
6.16	9.261793
6.18	9.192585
6.2	9.157598
6.22	9.122372
6.24	9.08689
6.26	9.051175
6.28	9.015211
6.3	8.942582
6.32	8.905926
6.34	8.86903
6.36	8.831921
6.38	8.79458
6.4	8.757031
6.42	8.681285
6.44	8.643094
6.46	8.6047
6.48	8.566106
6.5	8.527317
6.52	8.449171
6.54	8.409822
6.56	8.370296
6.58	8.330596
6.6	8.290728
6.62	8.210505
6.64	8.170161
6.66	8.129669
6.68	8.048265
6.7	8.007362
6.72	7.966335
6.74	7.925189
6.76	7.88393
6.78	7.842565
6.8	7.8011
6.82	7.7179
6.84	7.676179
6.86	7.634387
6.88	7.592532
6.9	7.550622
6.92	7.508665
6.94	7.424642
6.96	7.382595
6.98	7.340537
7	7.298475
7.02	7.25642
7.04	7.214383
7.06	7.130401
7.08	7.088478
7.1	7.046615
7.12	7.441354
7.14	6.962479
7.16	7.361512
7.18	7.282603
7.2	6.796372
7.22	7.204376
7.24	6.714218
7.26	7.126865
7.28	7.050165
7.3	6.552172
7.32	6.974389
7.34	6.472525
7.36	6.899658
7.38	6.393972
7.4	6.826099
7.42	6.753846
7.44	6.240725
7.46	6.683037
7.48	6.166335
7.5	6.613818
7.52	6.093652
7.54	6.54634
7.56	6.480761
7.58	5.954099
7.6	6.417242
7.62	5.887596
7.64	5.823531
7.66	6.29707
7.68	5.762106
7.7	6.240769
7.72	5.703529
7.74	6.187236
7.76	6.136657
7.78	5.595771
7.8	6.089222
7.82	5.547029
7.84	6.045125
7.86	5.502011
7.88	5.460942
7.9	5.967719
7.92	5.424046
7.94	5.9348
7.96	5.391546
7.98	5.905992
8	5.363662
8.02	5.340607
8.04	5.861455
8.06	5.322586
8.08	5.846087
8.1	5.309794
8.12	5.302415
8.14	5.829989
8.16	5.30062
8.18	5.829568
8.2	5.834417
8.22	5.314371
8.24	5.844659
8.26	5.330172
8.28	5.860403
8.3	5.352058
8.32	5.380107
8.34	5.908749
8.36	5.414372
8.38	5.941489
8.4	5.454888
8.42	5.980004
8.44	5.501667
8.46	5.554699
8.48	6.074451
8.5	5.613958
8.52	6.13039
8.54	5.679399
8.56	6.192116
8.58	6.259594
8.6	5.828554
8.62	6.332778
8.64	5.9121
8.66	6.411607
8.68	6.49601
8.7	6.096612
8.72	6.585905
8.74	6.197345
8.76	6.681205
8.78	6.303558
8.8	6.415121
8.82	6.887625
8.84	6.531897
8.86	6.998535
8.88	6.653747
8.9	6.780532
8.92	7.235207
8.94	6.912115
8.96	7.360739
8.98	7.048356
9	7.490915
9.02	7.189121
9.04	7.62562
9.06	7.76474
9.08	7.483694
9.1	7.908159
9.12	7.637246
9.14	8.055767
9.16	7.794812
9.18	8.207455
9.2	7.956273
9.22	8.286633
9.24	8.293743
9.26	8.299353
9.28	8.303527
9.3	8.306337
9.32	8.308171
9.34	8.307361
9.36	8.305516
9.38	8.302735
9.4	8.299117
9.42	8.333845
9.44	8.533477
9.46	8.329893
9.48	8.55569
9.5	8.320962
9.52	8.574434
9.54	8.324167
9.56	8.337882
9.58	8.624767
9.6	8.63375
9.62	8.649074
9.64	8.66665
9.66	8.685614
9.68	8.719668
9.7	8.734229
9.72	8.747191
9.74	8.75859
9.76	8.768468
9.78	8.620772
9.8	8.785178
9.82	8.666294
9.84	8.861314
9.86	8.726793
9.88	8.9219
9.9	8.786075
9.92	8.98106
9.94	8.935647
9.96	9.022427
9.98	9.002193
10	9.090687
10.02	9.100542
10.04	9.189064
10.06	9.295573
10.08	9.317175
10.1	9.405745
10.12	9.378137
10.14	9.521883
10.16	9.398871
10.18	9.546327
10.2	9.403235
10.22	9.416073
10.24	9.596189
10.26	9.435736
10.28	9.519218
10.3	9.663381
10.32	9.618712
10.34	9.765941
10.36	9.742256
10.38	9.888241
10.4	10.01477
10.42	10.00156
10.44	10.14457
10.46	10.21783
10.48	10.26175
10.5	10.29147
10.52	10.30211
10.54	10.33442
10.56	10.3563
10.58	10.36716
10.6	10.38885
10.62	10.40045
10.64	10.18208
10.66	10.16793
10.68	10.46194
10.7	10.28609
10.72	10.53427
10.74	10.32411
10.76	10.35588
10.78	10.61026
10.8	10.67341
10.82	10.71548
10.84	10.71626
10.86	10.74474
10.88	10.75418
10.9	10.80503
10.92	10.83658
10.94	10.86874
10.96	10.90154
10.98	10.8903
11	10.91325
11.02	10.92576
11.04	10.95141
11.06	10.95813
11.08	10.98648
11.1	10.98742
11.12	11.01083
11.14	10.67486
11.16	10.36751
11.18	10.08705
11.2	9.885409
11.22	9.9874
11.24	10.01933
11.26	10.01933
11.28	10.315
11.3	10.0808
11.32	10.33351
11.34	10.59283
11.36	10.85747
11.38	11.38635
11.4	11.4895
11.42	11.56151
11.44	11.62193
11.46	11.67654
11.48	11.75028
11.5	11.65005
11.52	11.54904
11.54	11.44748
11.56	11.24369
11.58	11.142
11.6	11.04082
11.62	10.94046
11.64	10.84124
11.66	10.47407
11.68	10.22324
11.7	10.03376
11.72	10.10456
11.74	10.0993
11.76	10.20867
11.78	10.52788
11.8	10.28601
11.82	10.60469
11.84	10.5995
11.86	10.59434
11.88	10.58931
11.9	10.52575
11.92	10.51626
11.94	10.51579
11.96	10.51546
11.98	10.51535
12	10.51576
12.02	10.51628
12.04	10.51701
12.06	10.51795
12.08	10.51902
12.1	10.51974
12.12	10.52117
12.14	10.52196
12.16	10.52279
12.18	10.52367
12.2	10.52461
12.22	10.52662
12.24	10.52769
12.26	10.52881
12.28	10.52998
12.3	10.53119
12.32	10.53245
12.34	10.53375
12.36	10.5366
12.38	10.53814
12.4	10.53975
12.42	10.54143
12.44	10.54497
12.46	10.54678
12.48	10.5487
12.5	10.55069
12.52	10.55275
12.54	10.55488
12.56	10.5595
12.58	10.56189
12.6	10.56435
12.62	10.56673
12.64	10.56928
12.66	10.5719
12.68	10.5746
12.7	10.57746
12.72	10.58333
12.74	10.58623
12.76	10.58929
12.78	10.59242
12.8	10.59562
12.82	10.59895
12.84	10.60575
12.86	10.60929
12.88	10.61287
12.9	10.61651
12.92	10.6203
12.94	10.61827
12.96	10.63849
12.98	10.65292
13	10.66701
13.02	10.67976
13.04	10.70047
13.06	10.70839
13.08	10.71467
13.1	10.71934
13.12	10.72242
13.14	10.72392
13.16	10.72338
13.18	10.72605
13.2	10.73354
13.22	10.73782
13.24	10.74224
13.26	10.74697
13.28	10.75197
13.3	10.75711
13.32	10.76256
13.34	10.7683
13.36	10.78036
13.38	10.78683
13.4	10.79344
13.42	10.80037
13.44	10.80758
13.46	10.81494
13.48	10.83052
13.5	10.83874
13.52	10.8472
13.54	10.85593
13.56	10.87415
13.58	10.88363
13.6	10.8934
13.62	10.90341
13.64	10.91369
13.66	10.92422
13.68	10.94609
13.7	10.95743
13.72	10.96902
13.74	10.98089
13.76	10.99302
13.78	11.00543
13.8	11.03104
13.82	11.04425
13.84	11.05774
13.86	11.07149
13.88	11.08554
13.9	11.09984
13.92	11.11443
13.94	11.14443
13.96	11.15984
13.98	11.17555
14	11.19152
14.02	11.22433
14.04	11.24117
14.06	11.25827
14.08	11.27567
14.1	11.29334
14.12	11.31132
14.14	11.32956
14.16	11.34811
14.18	11.36693
14.2	11.40547
14.22	11.42518
14.24	11.44516
14.26	11.46546
14.28	11.48603
14.3	11.50691
14.32	11.52807
14.34	11.54954
14.36	11.57129
14.38	11.59336
14.4	11.63836
14.42	11.6613
14.44	11.68456
14.46	11.7081
14.48	11.71177
14.5	11.71488
14.52	11.71785
14.54	11.72372
14.56	11.72669
14.58	11.72969
14.6	11.73271
14.62	11.73574
14.64	11.73879
14.66	11.74487
14.68	11.74806
14.7	11.7512
14.72	11.75407
14.74	11.75714
14.76	11.76027
14.78	11.76342
14.8	11.76976
14.82	11.77294
14.84	11.77611
14.86	11.77927
14.88	11.78239
14.9	11.789
14.92	11.7918
14.94	11.79491
14.96	11.79809
14.98	11.80131
15	11.80279
15.02	11.80226
15.04	11.80092
15.06	11.80026
15.08	11.79968
15.1	11.79922
15.12	11.79887
15.14	11.78939
15.16	11.82698
15.18	11.85953
15.2	11.82995
15.22	11.81922
15.24	11.76849
15.26	11.81326
15.28	11.75641
15.3	11.76923
15.32	11.78865
15.34	11.78768
15.36	11.78493
15.38	11.78175
15.4	11.77844
15.42	11.77505
15.44	11.77161
15.46	11.76453
15.48	11.76093
15.5	11.75727
15.52	11.75355
15.54	11.7498
15.56	11.74211
15.58	11.73818
15.6	11.73437
15.62	11.7326
15.64	11.73177
15.66	11.73076
15.68	11.72966
15.7	11.72733
15.72	11.72603
15.74	11.72463
15.76	11.72316
15.78	11.72161
15.8	11.72
15.82	11.71832
15.84	11.71658
15.86	11.7128
15.88	11.71086
15.9	11.70888
15.92	11.70684
15.94	11.70475
15.96	11.7005
15.98	11.69835
16	11.69563
16.02	11.69323
16.04	11.69098
16.06	11.68857
16.08	11.68608
16.1	11.68351
16.12	11.6809
16.14	11.67536
16.16	11.66638
16.18	11.66026
16.2	11.65718
16.22	11.65422
16.24	11.65109
16.26	11.64774
16.28	11.64443
16.3	11.64071
16.32	11.6336
16.34	11.63
16.36	11.62636
16.38	11.6227
16.4	11.61901
16.42	11.61547
16.44	11.61177
16.46	11.60801
16.48	11.58944
16.5	11.55996
16.52	11.559
16.54	11.53749
16.56	11.4955
16.58	11.47749
16.6	11.45751
16.62	11.43558
16.64	11.41172
16.66	11.38597
16.68	11.32891
16.7	11.29768
16.72	11.2647
16.74	11.23003
16.76	11.19371
16.78	11.11636
16.8	11.07545
16.82	11.07193
16.84	10.98721
16.86	10.91744
16.88	10.84325
16.9	11.08975
16.92	10.83893
16.94	10.78518
16.96	10.94315
16.98	10.6561
17	10.79975
17.02	10.61736
17.04	10.5731
17.06	10.70366
17.08	10.5236
17.1	10.64709
17.12	10.4692
17.14	10.43933
17.16	10.50001
17.18	10.55369
17.2	10.60451
17.22	10.65327
17.24	10.70009
17.26	10.74495
17.28	10.78778
17.3	10.86716
17.32	10.94741
17.34	10.95964
17.36	10.96957
17.38	10.99691
17.4	11.0027
17.42	11.02692
17.44	11.04933
17.46	11.04632
17.48	11.06384
17.5	11.05623
17.52	10.81508
17.54	10.76462
17.56	10.78057
17.58	10.78532
17.6	10.78348
17.62	10.78023
17.64	10.77667
17.66	10.77311
17.68	10.76947
17.7	10.76578
17.72	10.75847
17.74	10.75475
17.76	10.7511
17.78	10.74739
17.8	10.74365
17.82	10.73999
17.84	10.73253
17.86	10.72889
17.88	10.72519
17.9	10.72147
17.92	10.71786
17.94	10.71417
17.96	10.70686
17.98	10.70325
18	10.69965
18.02	10.69609
18.04	10.69255
18.06	10.68906
18.08	10.68559
18.1	10.68218
18.12	10.67547
18.14	10.67218
18.16	10.66896
18.18	10.66577
18.2	10.66036
18.22	10.65191
18.24	10.63491
18.26	10.627
18.28	10.6192
18.3	10.61148
18.32	10.59598
18.34	10.5876
18.36	10.57973
18.38	10.57197
18.4	10.55504
18.42	10.54706
18.44	10.53899
18.46	10.53056
18.48	10.52234
18.5	10.51393
18.52	10.50538
18.54	10.48855
18.56	10.48021
18.58	10.47192
18.6	10.46356
18.62	10.45521
18.64	10.4387
18.66	10.42988
18.68	10.42137
18.7	10.41304
18.72	10.40477
18.74	10.39571
18.76	10.37868
18.78	10.37034
18.8	10.3614
18.82	10.35298
18.84	10.34469
18.86	10.33637
18.88	10.31812
18.9	10.30969
18.92	10.30129
18.94	10.29186
18.96	10.28302
18.98	10.27451
19	10.26605
19.02	10.24769
19.04	10.23954
19.06	10.23154
19.08	10.22207
19.1	10.21354
19.12	10.20544
19.14	10.18741
19.16	10.17857
19.18	10.17026
19.2	10.16195
19.22	10.15238
19.24	10.14355
19.26	10.12754
19.28	10.11809
19.3	10.10958
19.32	10.10153
19.34	10.09336
19.36	10.08365
19.38	10.07488
19.4	10.06663
19.42	10.0489
19.44	10.04015
19.46	10.03182
19.48	10.02353
19.5	10.0141
19.52	9.996943
19.54	9.988617
19.56	9.979177
19.58	9.970386
19.6	9.961964
19.62	9.953611
19.64	9.944142
19.66	9.926878
19.68	9.918507
19.7	9.909005
19.72	9.900164
19.74	9.891702
19.76	9.88332
19.78	9.864927
19.8	9.856456
19.82	9.848069
19.84	9.838507
19.86	9.821162
19.88	9.812777
19.9	9.803193
19.92	9.794316
19.94	9.785847
19.96	9.777468
19.98	9.758989
20	9.75053
20.02	9.742163
20.04	9.732553
20.06	9.723681
20.08	9.706887
20.1	9.697273
20.12	9.688413
20.14	9.679987
20.16	9.67166
20.18	9.662049
20.2	9.644805
20.22	9.635564
20.24	9.626685
20.26	9.618134
20.28	9.609001
20.3	9.60012
20.32	9.582369
20.34	9.573462
20.36	9.56478
20.38	9.546705
20.4	9.537987
20.42	9.528819
20.44	9.519854
20.46	9.511107
20.48	9.492917
20.5	9.484148
20.52	9.474921
20.54	9.465907
20.56	9.45712
20.58	9.44787
20.6	9.438837
20.62	9.420767
20.64	9.411719
20.66	9.402911
20.68	9.393624
20.7	9.384567
20.72	9.366456
20.74	9.357393
20.76	9.34858
20.78	9.339275
20.8	9.330211
20.82	9.321403
20.84	9.312094
20.86	9.294232
20.88	9.284926
20.9	9.275871
20.92	9.267083
20.94	9.257783
20.96	9.23997
20.98	9.23068
21	9.221653
21.02	9.212904
21.04	9.203628
21.06	9.194621
21.08	9.185898
21.1	9.167657
21.12	9.158964
21.14	9.14973
21.16	9.140775
21.18	9.132116
21.2	9.122908
21.22	9.105366
21.24	9.096189
21.26	9.087304
21.28	9.078727
21.3	9.060741
21.32	9.052212
21.34	9.043109
21.36	9.034309
21.38	9.02583
21.4	9.016771
21.42	9.00802
21.44	8.999597
21.46	8.981888
21.48	8.973523
21.5	8.964563
21.52	8.955923
21.54	8.938717
21.56	8.930139
21.58	8.921903
21.6	8.913058
21.62	8.904544
21.64	8.896379
21.66	8.887599
21.68	8.879154
21.7	8.862351
21.72	8.853978
21.74	8.845967
21.76	8.837325
21.78	8.82903
21.8	8.8211
21.82	8.812534
21.84	8.796475
21.86	8.787988
21.88	8.779856
21.9	8.772102
21.92	8.755653
21.94	8.747993
21.96	8.739675
21.98	8.731722
22	8.724158
22.02	8.71593
22.04	8.700608
22.06	8.692473
22.08	8.684714
22.1	8.677355
22.12	8.669317
22.14	8.66166
22.16	8.646471
22.18	8.638918
22.2	8.631776
22.22	8.623943
22.24	8.6165
22.26	8.609471
22.28	8.594416
22.3	8.587504
22.32	8.57989
22.34	8.572675
22.36	8.565883
22.38	8.558384
22.4	8.544618
22.42	8.537236
22.44	8.53026
22.46	8.523719
22.48	8.516458
22.5	8.509606
22.52	8.503193
22.54	8.489333
22.56	8.483052
22.58	8.476043
22.6	8.46945
22.62	8.463305
22.64	8.456425
22.66	8.443958
22.68	8.437212
22.7	8.430889
22.72	8.425023
22.74	8.418412
22.76	8.412229
22.78	8.400034
22.8	8.393992
22.82	8.388417
22.84	8.382087
22.86	8.37619
22.88	8.370763
22.9	8.364576
22.92	8.353552
22.94	8.347512
22.96	8.341913
22.98	8.336791
23	8.330901
23.02	8.325455
23.04	8.320489
23.06	8.30946
23.08	8.304652
23.1	8.299069
23.12	8.293936
23.14	8.289289
23.16	8.283863
23.18	8.274407
23.2	8.269139
23.22	8.264327
23.24	8.26001
23.26	8.254905
23.28	8.250256
23.3	8.246107
23.32	8.236683
23.34	8.232703
23.36	8.227928
23.38	8.223614
23.4	8.215198
23.42	8.211055
23.44	8.20742
23.46	8.202983
23.48	8.199011
23.5	8.195553
23.52	8.18749
23.54	8.184208
23.56	8.180117
23.58	8.176496
23.6	8.173393
23.62	8.169477
23.64	8.163112
23.66	8.159373
23.68	8.156109
23.7	8.15337
23.72	8.14981
23.74	8.146727
23.76	8.140792
23.78	8.137892
23.8	8.135521
23.82	8.132325
23.84	8.127424
23.86	8.124413
23.88	8.121882
23.9	8.119885
23.92	8.117059
23.94	8.114715
23.96	8.110268
23.98	8.108112
24	8.106495
24.02	8.104043
24.04	8.102077
24.06	8.100652
24.08	8.096613
24.1	8.09538
24.12	8.093308
24.14	8.091723
24.16	8.090684
24.18	8.088803
24.2	8.086566
24.22	8.084878
24.24	8.083679
24.26	8.083031
24.28	8.081535
24.3	8.080531
24.32	8.078778
24.34	8.07797
24.36	8.077713
24.38	8.075994
24.4	8.075935
24.42	8.075027
24.44	8.07461
24.46	8.074749
24.48	8.074037
24.5	8.073818
24.52	8.074155
24.54	8.073619
24.56	8.074156
24.58	8.073838
24.6	8.074015
24.62	8.074751
24.64	8.074633
24.66	8.075944
24.68	8.076025
24.7	8.076599
24.72	8.077735
24.74	8.078014
24.76	8.078788
24.78	8.080125
24.8	8.081576
24.82	8.083115
24.84	8.083793
24.86	8.084965
24.88	8.086702
24.9	8.087581
24.92	8.088954
24.94	8.090892
24.96	8.093543
24.98	8.095682
25	8.09696
25.02	8.098732
25.04	8.101071
25.06	8.104522
25.08	8.107061
25.1	8.10874
25.12	8.110911
25.14	8.113651
25.16	8.115529
25.18	8.117901
25.2	8.122918
25.22	8.125488
25.24	8.128627
25.26	8.130904
25.28	8.133673
25.3	8.139488
25.32	8.142456
25.34	8.145992
25.36	8.148667
25.38	8.151834
25.4	8.155569
25.42	8.161805
25.44	8.165737
25.46	8.16881
25.48	8.17237
25.5	8.1765
25.52	8.17977
25.54	8.187852
25.56	8.191319
25.58	8.195271
25.6	8.199793
25.62	8.203455
25.64	8.207603
25.66	8.216177
25.68	8.220521
25.7	8.225431
25.72	8.229485
25.74	8.234021
25.76	8.239125
25.78	8.248101
25.8	8.253399
25.82	8.257839
25.84	8.262761
25.86	8.26825
25.88	8.272882
25.9	8.277995
25.92	8.288499
25.94	8.293803
25.96	8.299672
25.98	8.304688
26	8.31018
26.02	8.316238
26.04	8.321443
26.06	8.333369
26.08	8.338763
26.1	8.344631
26.12	8.351064
26.14	8.356645
26.16	8.362699
26.18	8.375085
26.2	8.381325
26.22	8.388126
26.24	8.39408
26.26	8.400504
26.28	8.40749
26.3	8.413628
26.32	8.427401
26.34	8.433722
26.36	8.440511
26.38	8.447859
26.4	8.454362
26.42	8.46133
26.44	8.475541
26.46	8.482689
26.48	8.490395
26.5	8.497258
26.52	8.504583
26.54	8.512465
26.56	8.519507
26.58	8.527009
26.6	8.542286
26.62	8.549964
26.64	8.558194
26.66	8.56559
26.68	8.573441
26.7	8.581845
26.72	8.589415
26.74	8.606013
26.76	8.613755
26.78	8.62195
26.8	8.630695
26.82	8.638609
26.84	8.646974
26.86	8.663971
26.88	8.672503
26.9	8.681583
26.92	8.689837
26.94	8.698537
26.96	8.707782
26.98	8.716203
27	8.725068
27.02	8.734477
27.04	8.752092
27.06	8.761664
27.08	8.770415
27.1	8.779607
27.12	8.789339
27.14	8.798253
27.16	8.807606
27.18	8.826573
27.2	8.836085
27.22	8.846135
27.24	8.855371
27.26	8.86504
27.28	8.884641
27.3	8.894467
27.32	8.904828
27.34	8.914379
27.36	8.92436
27.38	8.934875
27.4	8.944581
27.42	8.954716
27.44	8.975243
27.46	8.985529
27.48	8.996345
27.5	9.006358
27.52	9.027759
27.54	9.037924
27.56	9.048509
27.58	9.05962
27.6	9.069934
27.62	9.080667
27.64	9.091923
27.66	9.102386
27.68	9.124664
27.7	9.135272
27.72	9.146295
27.74	9.157838
27.76	9.168591
27.78	9.179755
27.8	9.191439
27.82	9.213641
27.84	9.225464
27.86	9.236503
27.88	9.247948
27.9	9.259908
27.92	9.271087
27.94	9.294766
27.96	9.306084
27.98	9.317803
28	9.330035
28.02	9.341489
28.04	9.353344
28.06	9.365708
28.08	9.377298
28.1	9.401783
28.12	9.413507
28.14	9.425627
28.16	9.438253
28.18	9.462359
28.2	9.475114
28.22	9.487103
28.24	9.49948
28.26	9.512362
28.28	9.52448
28.3	9.536986
28.32	9.562239
28.34	9.574871
28.36	9.588002
28.38	9.600374
28.4	9.613131
28.42	9.626384
28.44	9.65176
28.46	9.665135
28.48	9.677756
28.5	9.690756
28.52	9.70425
28.54	9.716993
28.56	9.743726
28.58	9.75659
28.6	9.769829
28.62	9.783558
28.64	9.79654
28.66	9.809896
28.68	9.823741
28.7	9.864271
28.72	9.891075
28.74	9.905145
28.76	9.918477
28.78	9.932176
28.8	9.946357
28.82	9.959803
28.84	9.973613
28.86	9.987903
28.88	10.01538
28.9	10.02978
28.92	10.04345
28.94	10.05748
28.96	10.07198
28.98	10.08576
29	10.0999
29.02	10.1284
29.04	10.14264
29.06	10.15735
29.08	10.17135
29.1	10.18569
29.12	10.20051
29.14	10.21461
29.16	10.22906
29.18	10.24398
29.2	10.25818
29.22	10.27273
29.24	10.28775
29.26	10.31671
29.28	10.33183
29.3	10.34624
29.32	10.36099
29.34	10.3762
29.36	10.40556
29.38	10.42088
29.4	10.43548
29.42	10.45043
29.44	10.46584
29.46	10.4803
29.48	10.49526
29.5	10.5107
29.52	10.52555
29.54	10.54069
29.56	10.55626
29.58	10.58613
29.6	10.6013
29.62	10.61666
29.64	10.63237
29.66	10.64754
29.68	10.66298
29.7	10.67883
29.72	10.69404
29.74	10.70956
29.76	10.72551
29.78	10.7564
29.8	10.77245
29.82	10.78782
29.84	10.80351
29.86	10.81965
29.88	10.8351
29.9	10.85088
29.92	10.8671
29.94	10.8985
29.96	10.9148
29.98	10.93042
30	10.94637
30.02	10.96275
30.04	10.97846
30.06	11.01095
30.08	11.02675
30.1	11.04285
30.12	11.0594
30.14	11.07527
30.16	11.10808
30.18	11.12404
30.2	11.1403
30.22	11.15701
30.24	11.17304
30.26	11.18939
30.28	11.20616
30.3	11.22228
30.32	11.25555
30.34	11.27174
30.36	11.28824
30.38	11.30517
30.4	11.33801
30.42	11.35501
30.44	11.37136
30.46	11.388
30.48	11.40507
30.5	11.4215
30.52	11.43822
30.54	11.47185
30.56	11.48865
30.58	11.50586
30.6	11.52243
30.62	11.53929
30.64	11.57322
30.66	11.59015
30.68	11.6075
30.7	11.62422
30.72	11.64122
30.74	11.65864
30.76	11.69249
30.78	11.70998
30.8	11.72683
30.82	11.72448
30.84	11.71739
30.86	11.69529
30.88	11.69232
30.9	11.67658
30.92	11.6759
30.94	11.7182
30.96	11.71412
30.98	11.71387
31	11.69594
31.02	11.66366
31.04	11.64573
31.06	11.62662
31.08	11.60635
31.1	11.58494
31.12	11.56242
31.14	11.5388
31.16	11.51413
31.18	11.48027
31.2	11.47096
31.22	11.46051
31.24	11.45108
31.26	11.4335
31.28	11.42522
31.3	11.40238
31.32	11.39466
31.34	11.36994
31.36	11.3748
31.38	11.34805
31.4	11.32937
31.42	11.3433
31.44	11.37534
31.46	11.39508
31.48	11.43399
31.5	11.47521
31.52	11.48566
31.54	11.47985
31.56	11.48504
31.58	11.47873
31.6	11.47844
31.62	11.47793
31.64	11.29799
31.66	11.212
31.68	11.15273
31.7	11.20243
31.72	11.21673
31.74	11.22441
31.76	11.25384
31.78	11.31438
31.8	11.31046
31.82	11.29574
31.84	11.28929
31.86	11.28848
31.88	11.2799
31.9	11.29329
31.92	11.30382
31.94	11.30396
31.96	11.31433
31.98	11.40891
32	11.49081
32.02	11.5329
32.04	11.55048
32.06	11.57043
32.08	11.55757
32.1	11.57544
32.12	11.56867
32.14	11.58473
32.16	11.57558
32.18	11.58206
32.2	11.5863
32.22	11.58886
32.24	11.59907
32.26	11.59769
32.28	11.61377
32.3	11.60841
32.32	11.28144
32.34	11.24663
32.36	11.2104
32.38	11.17308
32.4	11.13481
32.42	11.13756
32.44	11.14839
32.46	11.14992
32.48	11.14974
32.5	11.14914
32.52	11.14908
32.54	11.14922
32.56	11.14956
32.58	11.15009
32.6	11.15083
32.62	11.15176
32.64	11.15423
32.66	11.15576
32.68	11.15749
32.7	11.15942
32.72	11.16155
32.74	11.16388
32.76	11.16912
32.78	11.17204
32.8	11.17516
32.82	11.17848
32.84	11.18199
32.86	11.18571
32.88	11.18842
32.9	11.19
32.92	11.19267
32.94	11.19405
32.96	11.19544
32.98	11.19685
33	11.19829
33.02	11.19975
33.04	11.20123
33.06	11.2042
33.08	11.20571
33.1	11.2072
33.12	11.20873
33.14	11.21029
33.16	11.21186
33.18	11.21504
33.2	11.21673
33.22	11.2184
33.24	11.22005
33.26	11.22174
33.28	11.22344
33.3	11.2251
33.32	11.22856
33.34	11.23034
33.36	11.23212
33.38	11.23571
33.4	11.23752
33.42	11.23935
33.44	11.24128
33.46	11.24318
33.48	11.24508
33.5	11.24693
33.52	11.24883
33.54	11.25271
33.56	11.2547
33.58	11.25669
33.6	11.25868
33.62	11.2627
33.64	11.26471
33.66	11.26682
33.68	11.2689
33.7	11.27098
33.72	11.27308
33.74	11.27732
33.76	11.27947
33.78	11.28167
33.8	11.28385
33.82	11.28604
33.84	11.28824
33.86	11.29044
33.88	11.29505
33.9	11.29735
33.92	11.29962
33.94	11.30187
33.96	11.30418
33.98	11.30653
34	11.30888
34.02	11.31125
34.04	11.31601
34.06	11.31851
34.08	11.32093
34.1	11.32584
34.12	11.32833
34.14	11.33082
34.16	11.33336
34.18	11.3359
34.2	11.34099
34.22	11.34365
34.24	11.34628
34.26	11.34893
34.28	11.35159
34.3	11.35423
34.32	11.35951
34.34	11.3622
34.36	11.36491
34.38	11.36763
34.4	11.37046
34.42	11.37601
34.44	11.37881
34.46	11.38163
34.48	11.38448
34.5	11.38734
34.52	11.3902
34.54	11.39307
34.56	11.39603
34.58	11.40189
34.6	11.40485
34.62	11.40781
34.64	11.41083
34.66	11.41384
34.68	11.41987
34.7	11.42301
34.72	11.42612
34.74	11.42924
34.76	11.43233
34.78	11.43539
34.8	11.44168
34.82	11.44484
34.84	11.448
34.86	11.45129
34.88	11.4545
34.9	11.45774
34.92	11.46426
34.94	11.46757
34.96	11.47087
34.98	11.47419
35	11.47762
35.02	11.48102
35.04	11.48444
35.06	11.48782
35.08	11.4946
35.1	11.49804
35.12	11.50149
35.14	11.50506
35.16	11.50855
35.18	11.51208
35.2	11.51561
35.22	11.51919
35.24	11.52636
35.26	11.52995
35.28	11.53368
35.3	11.53737
35.32	11.54108
35.34	11.54839
35.36	11.55209
35.38	11.55581
35.4	11.55954
35.42	11.56339
35.44	11.56717
35.46	11.57098
35.48	11.57865
35.5	11.58251
35.52	11.58639
35.54	11.59037
35.56	11.59434
35.58	11.59832
35.6	11.60227
35.62	11.60618
35.64	11.61414
35.66	11.61826
35.68	11.62233
35.7	11.62636
35.72	11.63455
35.74	11.63867
35.76	11.64279
35.78	11.64701
35.8	11.65119
35.82	11.65538
35.84	11.66385
35.86	11.66811
35.88	11.67235
35.9	11.67673
35.92	11.68109
35.94	11.68968
35.96	11.69403
35.98	11.6984
36	11.70276
36.02	11.70726
36.04	11.71168
36.06	11.71612
36.08	11.72057
36.1	11.72913
36.12	11.7286
36.14	11.72748
36.16	11.72655
36.18	11.72546
36.2	11.72446
36.22	11.72351
36.24	11.72166
36.26	11.72081
36.28	11.72003
36.3	11.71931
36.32	11.71865
36.34	11.71753
36.36	11.71706
36.38	11.71666
36.4	11.71631
36.42	11.71604
36.44	11.7274
36.46	11.71493
36.48	11.26539
36.5	11.25451
36.52	11.17835
36.54	11.22469
36.56	11.23502
36.58	11.24004
36.6	11.24178
36.62	11.24365
36.64	11.24568
36.66	11.24788
36.68	11.25027
36.7	11.25557
36.72	11.25849
36.74	11.26159
36.76	11.26447
36.78	11.34963
36.8	11.28139
36.82	11.27505
36.84	11.27424
36.86	11.27298
36.88	11.27158
36.9	11.27025
36.92	11.26779
36.94	11.26666
36.96	11.2656
36.98	11.26461
37	11.26369
37.02	11.26206
37.04	11.26135
37.06	11.63838
37.08	11.71248
37.1	11.68593
37.12	11.44522
37.14	11.62928
37.16	11.60133
37.18	11.21379
37.2	11.56546
37.22	11.18135
37.24	11.52187
37.26	11.14295
37.28	11.47082
37.3	11.09891
37.32	11.04738
37.34	10.7468
37.36	10.74843
37.38	10.74844
37.4	10.74683
37.42	10.73992
37.44	10.73978
37.46	10.74041
37.48	10.74124
37.5	10.74318
37.52	10.74426
37.54	10.7454
37.56	10.74662
37.58	10.74926
37.6	10.75069
37.62	10.75219
37.64	10.75376
37.66	10.75541
37.68	10.75712
37.7	10.75807
37.72	10.75659
37.74	10.7517
37.76	10.74906
37.78	10.74636
37.8	10.74361
37.82	10.74085
37.84	10.73799
37.86	10.73507
37.88	10.7291
37.9	10.72603
37.92	10.7229
37.94	10.71981
37.96	10.71664
37.98	10.71334
38	10.70653
38.02	10.70307
38.04	10.69956
38.06	10.69608
38.08	10.69248
38.1	10.68882
38.12	10.68515
38.14	10.68141
38.16	10.6776
38.18	10.67381
38.2	10.66594
38.22	10.66198
38.24	10.65794
38.26	10.65384
38.28	10.64977
38.3	10.72947
38.32	10.80888
38.34	10.88893
38.36	10.87646
38.38	10.89847
38.4	10.94678
38.42	10.96522
38.44	11.01091
38.46	11.02582
38.48	10.97323
38.5	11.01184
38.52	10.91319
38.54	10.86417
38.56	10.81196
38.58	10.68874
38.6	10.50522
38.62	10.47633
38.64	10.44178
38.66	10.42803
38.68	10.39054
38.7	10.37612
38.72	10.63107
38.74	10.56446
38.76	10.81753
38.78	10.78133
38.8	10.69878
38.82	10.73788
38.84	10.6533
38.86	10.68731
38.88	10.4529
38.9	10.66671
38.92	10.63983
38.94	10.40138
38.96	10.60709
38.98	10.33281
39	10.29281
39.02	10.31352
39.04	10.31246
39.06	10.30721
39.08	10.30123
39.1	10.29525
39.12	10.28387
39.14	10.27843
39.16	10.27326
39.18	10.26346
39.2	10.25885
39.22	10.25445
39.24	10.25025
39.26	10.24627
39.28	10.2425
39.3	10.23896
39.32	10.22836
39.34	10.22126
39.36	10.21418
39.38	10.20722
39.4	10.20033
39.42	10.19322
39.44	10.18622
39.46	10.17219
39.48	10.16521
39.5	10.15831
39.52	10.15122
39.54	10.14424
39.56	10.1373
39.58	10.13027
39.6	10.12336
39.62	10.11635
39.64	10.10945
39.66	10.09559
39.68	10.08869
39.7	10.08181
39.72	10.07492
39.74	10.06807
39.76	10.06121
39.78	10.0544
39.8	10.04081
39.82	10.03404
39.84	10.02732
39.86	10.02061
39.88	10.00728
39.9	10.00067
39.92	9.994073
39.94	9.987534
39.96	9.981004
39.98	9.974537
40	9.968081
40.02	9.955318
40.04	9.949015
40.06	9.942727
40.08	9.936514
40.1	9.924202
40.12	9.918107
40.14	9.912093
40.16	9.906105
40.18	9.900201
40.2	9.894324
40.22	9.888535
40.24	9.882777
40.26	9.871478
40.28	9.865942
40.3	9.86044
40.32	9.85504
40.34	9.844418
40.36	9.8392
40.38	9.83409
40.4	9.829024
40.42	9.824071
40.44	9.819163
40.46	9.814373
40.48	9.80501
40.5	9.80044
40.52	9.795997
40.54	9.791606
40.56	9.787345
40.58	9.779072
40.6	9.775062
40.62	9.771191
40.64	9.767381
40.66	9.763713
40.68	9.760111
40.7	9.753268
40.72	9.750032
40.74	9.746866
40.76	9.743856
40.78	9.74092
40.8	9.738143
40.82	9.735442
40.84	9.732906
40.86	9.728161
40.88	9.725955
40.9	9.723921
40.92	9.721972
40.94	9.720201
40.96	9.718517
40.98	9.715603
41	9.714377
41.02	9.713244
41.04	9.712303
41.06	9.711456
41.08	9.710805
41.1	9.709899
41.12	9.709646
41.14	9.709598
41.16	9.709652
41.18	9.709915
41.2	9.710284
41.22	9.711557
41.24	9.712465
41.26	9.713484
41.28	9.714724
41.3	9.716078
41.32	9.717657
41.34	9.719354
41.36	9.723324
41.38	9.725602
41.4	9.728002
41.42	9.730639
41.44	9.7334
41.46	9.736403
41.48	9.739533
41.5	9.746413
41.52	9.750168
41.54	9.754052
41.56	9.758192
41.58	9.762463
41.6	9.766994
41.62	9.771657
41.64	9.781647
41.66	9.786977
41.68	9.792444
41.7	9.798182
41.72	9.80406
41.74	9.816505
41.76	9.823077
41.78	9.829793
41.8	9.836789
41.82	9.843931
41.84	9.851357
41.86	9.858931
41.88	9.874802
41.9	9.883103
41.92	9.891555
41.94	9.930912
41.96	9.891428
41.98	10.02884
42	9.959656
42.02	10.03174
42.04	10.17691
42.06	10.09962
42.08	10.24386
42.1	10.16234
42.12	10.23552
42.14	10.15081
42.16	10.13488
42.18	10.04481
42.2	10.11473
42.22	10.04963
42.24	10.14278
42.26	10.07674
42.28	10.16841
42.3	10.19704
42.32	10.22534
42.34	10.21926
42.36	10.24537
42.38	10.23689
42.4	10.2487
42.42	10.26848
42.44	10.25321
42.46	10.27142
42.48	10.27096
42.5	10.27025
42.52	10.27723
42.54	10.315
42.56	10.33989
42.58	10.35592
42.6	10.38083
42.62	10.39881
4