0.02	11.81702
0.04	11.77615
0.06	11.73397
0.08	11.6905
0.1	11.64576
0.12	11.37126
0.14	11.10121
0.16	10.83879
0.18	10.23876
0.2	9.919413
0.22	9.628478
0.24	9.3687
0.26	8.954994
0.28	9.078539
0.3	8.901627
0.32	8.850531
0.34	8.948645
0.36	8.74977
0.38	8.817627
0.4	8.676452
0.42	8.680256
0.44	8.635617
0.46	8.611249
0.48	8.587805
0.5	8.5655
0.52	8.544574
0.54	8.525004
0.56	8.506834
0.58	8.490029
0.6	8.474634
0.62	8.44801
0.64	8.436789
0.66	8.427141
0.68	8.418739
0.7	8.411778
0.72	8.406215
0.74	8.402105
0.76	8.398162
0.78	8.398338
0.8	8.399992
0.82	8.40307
0.84	8.407639
0.86	8.413641
0.88	8.421145
0.9	8.430094
0.92	8.452473
0.94	8.46597
0.96	8.480896
0.98	8.497278
1	8.515208
1.02	8.534623
1.04	8.555599
1.06	8.578067
1.08	8.588692
1.1	8.58948
1.12	8.588099
1.14	8.586071
1.16	8.583925
1.18	8.582244
1.2	8.580709
1.22	8.578001
1.24	8.576824
1.26	8.575833
1.28	8.574916
1.3	8.573971
1.32	8.573223
1.34	8.572687
1.36	8.572131
1.38	8.572585
1.4	8.572194
1.42	8.572426
1.44	8.572557
1.46	8.573394
1.48	8.574054
1.5	8.574737
1.52	8.575651
1.54	8.57659
1.56	8.577762
1.58	8.578959
1.6	8.580392
1.62	8.581851
1.64	8.583549
1.66	8.585273
1.68	8.587079
1.7	8.589209
1.72	8.591393
1.74	8.59379
1.76	8.596228
1.78	8.602
1.8	8.605128
1.82	8.608274
1.84	8.611651
1.86	8.615047
1.88	8.618676
1.9	8.622323
1.92	8.626202
1.94	8.630098
1.96	8.634226
1.98	8.638371
2	8.647136
2.02	8.651754
2.04	8.656391
2.06	8.661253
2.08	8.666132
2.1	8.671237
2.12	8.676356
2.14	8.681702
2.16	8.687322
2.18	8.693035
2.2	8.698874
2.22	8.704782
2.24	8.716906
2.26	8.723117
2.28	8.729396
2.3	8.735786
2.32	8.742243
2.34	8.748807
2.36	8.755433
2.38	8.762165
2.4	8.768957
2.42	8.775851
2.44	8.782803
2.46	8.796959
2.48	8.80416
2.5	8.811416
2.52	8.818763
2.54	8.82616
2.56	8.833648
2.58	8.841717
2.6	8.849298
2.62	8.857128
2.64	8.864875
2.66	8.872759
2.68	8.880591
2.7	8.888535
2.72	8.896425
2.74	8.904418
2.76	8.920393
2.78	8.928374
2.8	8.936443
2.82	8.944456
2.84	8.952552
2.86	8.960591
2.88	8.968706
2.9	8.976763
2.92	8.984891
2.94	8.992959
2.96	9.001092
2.98	9.009164
3	9.017296
3.02	9.025366
3.04	9.033469
3.06	9.041609
3.08	9.049816
3.1	9.065766
3.12	9.073801
3.14	9.081772
3.16	9.089366
3.18	9.097204
3.2	9.104974
3.22	9.112388
3.24	9.120016
3.26	9.127572
3.28	9.134791
3.3	9.142195
3.32	9.156531
3.34	9.163698
3.36	9.170782
3.38	9.177568
3.4	9.184485
3.42	9.197865
3.44	9.204519
3.46	9.211084
3.48	9.217383
3.5	9.223765
3.52	9.230055
3.54	9.236093
3.56	9.242102
3.58	9.254082
3.6	9.259682
3.62	9.282998
3.64	9.284721
3.66	9.288704
3.68	9.292822
3.7	9.296724
3.72	9.300271
3.74	9.303514
3.76	9.30539
3.78	9.320809
3.8	9.307462
3.82	9.308052
3.84	9.308603
3.86	9.309518
3.88	9.311365
3.9	9.314177
3.92	9.317833
3.94	9.322526
3.96	9.328071
3.98	9.365496
4	9.406266
4.02	9.351639
4.04	9.355224
4.06	9.355464
4.08	9.355792
4.1	9.356419
4.12	9.35745
4.14	9.358414
4.16	9.359218
4.18	9.359841
4.2	9.360281
4.22	9.360535
4.24	9.344313
4.26	9.33562
4.28	9.322711
4.3	9.300595
4.32	9.29437
4.34	9.287823
4.36	9.280772
4.38	9.283261
4.4	9.285961
4.42	9.288759
4.44	9.291545
4.46	9.294214
4.48	9.296664
4.5	9.2988
4.52	9.300529
4.54	9.302423
4.56	9.301157
4.58	9.299646
4.6	9.297869
4.62	9.295804
4.64	9.293436
4.66	9.290755
4.68	9.287756
4.7	9.287463
4.72	9.284533
4.74	9.281146
4.76	9.271706
4.78	9.258241
4.8	9.218167
4.82	9.191044
4.84	9.158866
4.86	9.273127
4.88	9.23975
4.9	9.37016
4.92	9.334603
4.94	9.384896
4.96	9.436406
4.98	9.48903
5	9.479449
5.02	9.532602
5.04	9.520318
5.06	9.555295
5.08	9.598215
5.1	9.564051
5.12	9.529564
5.14	9.494421
5.16	9.458619
5.18	9.422255
5.2	9.385427
5.22	9.348247
5.24	9.310819
5.26	9.235703
5.28	9.198269
5.3	9.161093
5.32	9.124321
5.34	9.088101
5.36	9.05259
5.38	9.017949
5.4	8.984349
5.42	8.951965
5.44	8.93207
5.46	8.912003
5.48	8.891802
5.5	8.851047
5.52	8.830528
5.54	8.809949
5.56	8.789231
5.58	8.770007
5.6	8.751604
5.62	8.733641
5.64	8.716026
5.66	8.698986
5.68	8.682435
5.7	8.666368
5.72	8.650795
5.74	8.635732
5.76	8.621191
5.78	8.607191
5.8	8.593747
5.82	8.580751
5.84	8.55722
5.86	8.546559
5.88	8.536521
5.9	8.52717
5.92	8.518303
5.94	8.510124
5.96	8.502748
5.98	8.496104
6	8.431055
6.02	8.475264
6.04	8.463784
6.06	8.446259
6.08	8.492223
6.1	8.476344
6.12	8.525979
6.14	8.511303
6.16	8.564144
6.18	8.550271
6.2	8.592485
6.22	8.739482
6.24	8.649799
6.26	8.731268
6.28	8.640516
6.3	8.724312
6.32	8.719296
6.34	8.626707
6.36	8.709187
6.38	8.596221
6.4	8.636106
6.42	8.585107
6.44	8.625034
6.46	8.619069
6.48	8.586901
6.5	8.638087
6.52	8.618694
6.54	8.588211
6.56	8.692689
6.58	8.613046
6.6	8.718942
6.62	8.64063
6.64	8.747473
6.66	8.6709
6.68	8.778661
6.7	8.703904
6.72	8.81255
6.74	8.705969
6.76	8.749138
6.78	8.926314
6.8	8.7909
6.82	8.969828
6.84	8.83419
6.86	9.014604
6.88	8.8796
6.9	9.061387
6.92	9.020558
6.94	8.994001
6.96	9.011867
6.98	9.039745
7	9.026641
7.02	9.043879
7.04	9.03488
7.06	9.044192
7.08	9.062023
7.1	9.009619
7.12	9.115618
7.14	9.140224
7.16	9.164869
7.18	9.189558
7.2	9.214303
7.22	9.241332
7.24	9.263845
7.26	9.284126
7.28	9.303742
7.3	9.322687
7.32	9.341796
7.34	9.360271
7.36	9.398201
7.38	9.416536
7.4	9.434435
7.42	9.452501
7.44	9.470347
7.46	9.487912
7.48	9.505371
7.5	9.522684
7.52	9.539903
7.54	9.556966
7.56	9.590719
7.58	9.607399
7.6	9.623905
7.62	9.640285
7.64	9.656484
7.66	9.672545
7.68	9.688419
7.7	9.704146
7.72	9.719497
7.74	9.734771
7.76	9.749704
7.78	9.764418
7.8	9.778827
7.82	9.806898
7.84	9.820551
7.86	9.833862
7.88	9.846946
7.9	9.859659
7.92	9.87215
7.94	9.884285
7.96	9.896234
7.98	9.907866
8	9.919129
8.02	9.930214
8.04	9.940951
8.06	9.951315
8.08	9.971233
8.1	9.980663
8.12	9.989835
8.14	9.998627
8.16	10.00708
8.18	10.01524
8.2	10.02304
8.22	10.03052
8.24	10.03764
8.26	10.04446
8.28	10.06483
8.3	10.18711
8.32	10.21333
8.34	10.37927
8.36	10.52586
8.38	10.56033
8.4	10.7712
8.42	10.78804
8.44	10.76259
8.46	10.77594
8.48	10.75105
8.5	10.7606
8.52	10.73602
8.54	10.74155
8.56	10.71769
8.58	10.71903
8.6	10.52934
8.62	10.43892
8.64	10.35182
8.66	10.26837
8.68	10.18887
8.7	10.11365
8.72	10.04311
8.74	10.03365
8.76	10.02559
8.78	10.01715
8.8	10.00832
8.82	9.999073
8.84	9.989445
8.86	9.979407
8.88	9.968996
8.9	9.994648
8.92	10.01941
8.94	10.04337
8.96	10.10515
8.98	10.14443
9	10.18439
9.02	10.22496
9.04	10.20896
9.06	10.24986
9.08	10.23261
9.1	10.27365
9.12	10.25621
9.14	10.23851
9.16	10.22063
9.18	10.20263
9.2	10.1846
9.22	10.16661
9.24	10.14874
9.26	10.11378
9.28	10.09688
9.3	10.0805
9.32	10.06796
9.34	10.0551
9.36	10.04241
9.38	10.02954
9.4	10.01649
9.42	10.00351
9.44	9.990527
9.46	9.977563
9.48	9.962576
9.5	9.947165
9.52	9.931953
9.54	9.901451
9.56	9.886118
9.58	9.870762
9.6	9.85533
9.62	9.839878
9.64	9.824352
9.66	9.808809
9.68	9.777549
9.7	9.761829
9.72	9.74607
9.74	9.730207
9.76	9.714276
9.78	9.698221
9.8	9.682079
9.82	9.665784
9.84	9.649566
9.86	9.633247
9.88	9.616897
9.9	9.600474
9.92	9.567442
9.94	9.550841
9.96	9.534191
9.98	9.517495
10	9.500757
10.02	9.483979
10.04	9.46717
10.06	9.45033
10.08	9.433465
10.1	9.41658
10.12	9.399681
10.14	9.382707
10.16	9.365885
10.18	9.348993
10.2	9.315863
10.22	9.299368
10.24	9.28293
10.26	9.266534
10.28	9.250225
10.3	9.233964
10.32	9.217802
10.34	9.201694
10.36	9.185691
10.38	9.16975
10.4	9.153923
10.42	9.138165
10.44	9.122529
10.46	9.091475
10.48	9.076654
10.5	9.061855
10.52	9.047214
10.54	9.032677
10.56	9.018332
10.58	9.004115
10.6	8.990094
10.62	8.976206
10.64	8.962518
10.66	8.948968
10.68	8.935623
10.7	8.922421
10.72	8.909429
10.74	8.896585
10.76	8.883956
10.78	8.859324
10.8	8.847587
10.82	8.836187
10.84	8.825112
10.86	8.814091
10.88	8.803246
10.9	8.792642
10.92	8.782227
10.94	8.77207
10.96	8.762101
10.98	8.752397
11	8.742879
11.02	8.733626
11.04	8.724565
11.06	8.707108
11.08	8.699263
11.1	8.691834
11.12	8.684404
11.14	8.677169
11.16	8.670189
11.18	8.663411
11.2	8.656907
11.22	8.650602
11.24	8.644571
11.26	8.638737
11.28	8.633173
11.3	8.627802
11.32	8.617786
11.34	8.613138
11.36	8.608724
11.38	8.60509
11.4	8.601377
11.42	8.598075
11.44	8.594913
11.46	8.591924
11.48	8.58918
11.5	8.58661
11.52	8.584287
11.54	8.58213
11.56	8.580215
11.58	8.578463
11.6	8.576942
11.62	8.575725
11.64	8.574593
11.66	8.573518
11.68	8.572075
11.7	8.57161
11.72	8.571969
11.74	8.571874
11.76	8.572292
11.78	8.573061
11.8	8.57387
11.82	8.5747
11.84	8.575635
11.86	8.576714
11.88	8.577911
11.9	8.579249
11.92	8.580698
11.94	8.582277
11.96	8.58396
11.98	8.587411
12	8.589609
12.02	8.591755
12.04	8.593675
12.06	8.596174
12.08	8.598879
12.1	8.601551
12.12	8.604288
12.14	8.607048
12.16	8.612752
12.18	8.615685
12.2	8.618636
12.22	8.621646
12.24	8.624668
12.26	8.627739
12.28	8.630813
12.3	8.633927
12.32	8.637038
12.34	8.640269
12.36	8.643314
12.38	8.646446
12.4	8.649598
12.42	8.652722
12.44	8.655857
12.46	8.662101
12.48	8.665174
12.5	8.668252
12.52	8.671276
12.54	8.674303
12.56	8.677407
12.58	8.680408
12.6	8.683206
12.62	8.686156
12.64	8.689499
12.66	8.692158
12.68	8.694923
12.7	8.700313
12.72	8.666912
12.74	8.702541
12.76	8.670581
12.78	8.705285
12.8	8.673965
12.82	8.707689
12.84	8.67701
12.86	8.709726
12.88	8.684685
12.9	8.712439
12.92	8.714531
12.94	8.716225
12.96	8.717787
12.98	8.719205
13	8.720523
13.02	8.723002
13.04	8.723978
13.06	8.724908
13.08	8.725751
13.1	8.726504
13.12	8.727155
13.14	8.727706
13.16	8.728154
13.18	8.728501
13.2	8.728893
13.22	8.432012
13.24	8.610982
13.26	8.810349
13.28	9.004669
13.3	8.996567
13.32	8.99042
13.34	8.983829
13.36	8.976327
13.38	8.958409
13.4	8.948035
13.42	8.936769
13.44	8.924655
13.46	8.911739
13.48	8.898078
13.5	8.883727
13.52	8.868751
13.54	8.853213
13.56	8.837189
13.58	8.820753
13.6	8.803988
13.62	8.599223
13.64	8.60384
13.66	8.594505
13.68	8.588867
13.7	8.583341
13.72	8.473517
13.74	8.386838
13.76	8.313072
13.78	8.250397
13.8	8.360929
13.82	8.495311
13.84	8.652016
13.86	8.829449
13.88	9.025997
13.9	9.067035
13.92	9.28977
13.94	9.33804
13.96	9.636613
13.98	9.580049
14	9.441614
14.02	9.538154
14.04	9.398131
14.06	9.491018
14.08	9.349851
14.1	9.439136
14.12	9.297318
14.14	9.383083
14.16	9.084171
14.18	8.933986
14.2	8.791348
14.22	8.657022
14.24	8.531809
14.26	8.416526
14.28	8.312013
14.3	8.219114
14.32	8.150154
14.34	8.179815
14.36	8.185334
14.38	8.18529
14.4	8.18418
14.42	8.181792
14.44	8.180745
14.46	8.179815
14.48	8.179016
14.5	8.178341
14.52	8.177802
14.54	8.177394
14.56	8.177128
14.58	8.176998
14.6	8.177017
14.62	8.177495
14.64	8.177959
14.66	8.178586
14.68	8.179366
14.7	8.180315
14.72	8.181526
14.74	8.182877
14.76	8.184586
14.78	8.186495
14.8	8.188588
14.82	8.190914
14.84	8.193305
14.86	8.198667
14.88	8.201587
14.9	8.204732
14.92	8.208053
14.94	8.211557
14.96	8.21524
14.98	8.219113
15	8.223166
15.02	8.227407
15.04	8.231833
15.06	8.236451
15.08	8.241255
15.1	8.251495
15.12	8.256866
15.14	8.26282
15.16	8.268871
15.18	8.275088
15.2	8.281471
15.22	8.288033
15.24	8.294761
15.26	8.301665
15.28	8.308735
15.3	8.31598
15.32	8.323389
15.34	8.330972
15.36	8.338716
15.38	8.346632
15.4	8.362955
15.42	8.37136
15.44	8.379933
15.46	8.388662
15.48	8.397557
15.5	8.406609
15.52	8.4161
15.54	8.425681
15.56	8.435385
15.58	8.445201
15.6	8.455139
15.62	8.465185
15.64	8.485615
15.66	8.495992
15.68	8.506469
15.7	8.517052
15.72	8.527729
15.74	8.538507
15.76	8.549376
15.78	8.560339
15.8	8.571388
15.82	8.582528
15.84	8.593748
15.86	8.616437
15.88	8.627902
15.9	8.639439
15.92	8.651276
15.94	8.663087
15.96	8.674911
15.98	8.686749
16	8.698604
16.02	8.722338
16.04	8.734213
16.06	8.746091
16.08	8.757964
16.1	8.769835
16.12	8.781696
16.14	8.793549
16.16	8.805386
16.18	8.817208
16.2	8.829008
16.22	8.84079
16.24	8.864273
16.26	8.875958
16.28	8.887622
16.3	8.899255
16.32	8.910837
16.34	8.92239
16.36	8.933906
16.38	8.945364
16.4	8.956785
16.42	8.968232
16.44	8.979561
16.46	9.130775
16.48	9.300283
16.5	9.47391
16.52	9.478024
16.54	9.479447
16.56	9.479964
16.58	9.479576
16.6	9.478311
16.62	9.476204
16.64	9.473296
16.66	9.469628
16.68	9.465251
16.7	9.460217
16.72	9.45458
16.74	9.448405
16.76	9.441753
16.78	9.434699
16.8	9.427314
16.82	9.419678
16.84	9.403915
16.86	9.395955
16.88	9.388069
16.9	9.38036
16.92	9.372934
16.94	9.365906
16.96	9.359391
16.98	9.361116
17	9.364023
17.02	9.365303
17.04	9.367091
17.06	9.367912
17.08	9.368617
17.1	9.369234
17.12	9.369767
17.14	9.370215
17.16	9.370579
17.18	9.370859
17.2	9.371054
17.22	9.371163
17.24	9.371186
17.26	9.371123
17.28	9.370974
17.3	9.922147
17.32	9.858521
17.34	9.818489
17.36	9.807918
17.38	9.795683
17.4	9.788782
17.42	9.780973
17.44	9.772253
17.46	9.762647
17.48	9.752188
17.5	9.740916
17.52	9.728874
17.54	9.716107
17.56	9.702667
17.58	9.688608
17.6	9.673987
17.62	9.534007
17.64	9.576737
17.66	9.479438
17.68	9.249475
17.7	9.244366
17.72	9.237429
17.74	9.230165
17.76	9.222916
17.78	9.21575
17.8	9.208665
17.82	9.201685
17.84	9.194794
17.86	9.188013
17.88	9.181504
17.9	9.175107
17.92	9.160826
17.94	9.146079
17.96	9.138691
17.98	9.130308
18	9.119791
18.02	9.11371
18.04	9.099382
18.06	8.938729
18.08	8.82813
18.1	8.72845
18.12	8.637494
18.14	8.564403
18.16	8.496457
18.18	8.433599
18.2	8.44494
18.22	8.380671
18.24	8.337583
18.26	8.358648
18.28	8.360949
18.3	8.361423
18.32	8.361597
18.34	8.361745
18.36	8.361865
18.38	8.362307
18.4	8.362551
18.42	8.362882
18.44	8.363282
18.46	8.363685
18.48	8.364188
18.5	8.364772
18.52	8.365416
18.54	8.366141
18.56	8.366934
18.58	8.367816
18.6	8.368773
18.62	8.369829
18.64	8.370968
18.66	8.37355
18.68	8.375004
18.7	8.376555
18.72	8.378234
18.74	8.380019
18.76	8.38194
18.78	8.384447
18.8	8.387011
18.82	8.389731
18.84	8.392605
18.86	8.395659
18.88	8.398876
18.9	8.402281
18.92	8.405855
18.94	8.409622
18.96	8.413564
18.98	8.422029
19	8.426558
19.02	8.431273
19.04	8.436199
19.06	8.441319
19.08	8.446657
19.1	8.457955
19.12	8.463921
19.14	8.470118
19.16	8.476941
19.18	8.483883
19.2	8.491146
19.22	8.498638
19.24	8.506383
19.26	8.514359
19.28	8.522591
19.3	8.531056
19.32	8.548738
19.34	8.557954
19.36	8.56741
19.38	8.576757
19.4	8.577639
19.42	8.576873
19.44	8.575913
19.46	8.575072
19.48	8.574331
19.5	8.572872
19.52	8.572359
19.54	8.572104
19.56	8.571912
19.58	8.571854
19.6	8.571928
19.62	8.572235
19.64	8.572693
19.66	8.573239
19.68	8.573773
19.7	8.574373
19.72	8.575065
19.74	8.575837
19.76	8.576702
19.78	8.577643
19.8	8.578673
19.82	8.58098
19.84	8.582255
19.86	8.583623
19.88	8.585066
19.9	8.586172
19.92	8.587697
19.94	8.589828
19.96	8.591569
19.98	8.593111
20	8.595076
20.02	8.597269
20.04	8.599545
20.06	8.601867
20.08	8.606556
20.1	8.609032
20.12	8.611532
20.14	8.614097
20.16	8.61668
20.18	8.619352
20.2	8.622046
20.22	8.624814
20.24	8.627622
20.26	8.630463
20.28	8.633363
20.3	8.6363
20.32	8.639268
20.34	8.645344
20.36	8.648425
20.38	8.651555
20.4	8.654716
20.42	8.6579
20.44	8.661126
20.46	8.664381
20.48	8.667655
20.5	8.670968
20.52	8.674305
20.54	8.681045
20.56	8.684453
20.58	8.68792
20.6	8.691503
20.62	8.695028
20.64	8.698581
20.66	8.702161
20.68	8.705668
20.7	8.709137
20.72	8.712601
20.74	8.716054
20.76	8.719478
20.78	8.722892
20.8	8.729653
20.82	8.733004
20.84	8.73633
20.86	8.739615
20.88	8.742882
20.9	8.746114
20.92	8.749321
20.94	8.75249
20.96	8.755632
20.98	8.75873
21	8.761798
21.02	8.838887
21.04	8.873241
21.06	8.909584
21.08	8.947796
21.1	8.987673
21.12	8.971061
21.14	9.013767
21.16	8.994169
21.18	9.037158
21.2	9.014399
21.22	8.944645
21.24	8.883634
21.26	8.831934
21.28	8.794769
21.3	8.788823
21.32	8.784329
21.34	8.780515
21.36	8.774428
21.38	8.772127
21.4	8.852067
21.42	8.961108
21.44	9.029619
21.46	9.178779
21.48	9.257745
21.5	9.442361
21.52	9.528934
21.54	9.744367
21.56	9.83593
21.58	10.07777
21.6	9.822889
21.62	9.587732
21.64	9.551147
21.66	9.531002
21.68	9.509696
21.7	9.487286
21.72	9.463834
21.74	9.260444
21.76	9.238459
21.78	8.993598
21.8	8.821017
21.82	8.726972
21.84	8.76774
21.86	8.773666
21.88	8.769273
21.9	8.764405
21.92	8.759427
21.94	8.754411
21.96	8.749364
21.98	8.744296
22	8.739207
22.02	8.734097
22.04	8.728955
22.06	8.723793
22.08	8.718608
22.1	8.7134
22.12	8.708168
22.14	8.697627
22.16	8.692322
22.18	8.686992
22.2	8.681639
22.22	8.676264
22.24	8.670864
22.26	8.665442
22.28	8.659995
22.3	8.654527
22.32	8.649041
22.34	8.643533
22.36	8.632808
22.38	8.627429
22.4	8.622067
22.42	8.616735
22.44	8.611422
22.46	8.60613
22.48	8.60087
22.5	8.595632
22.52	8.590415
22.54	8.58523
22.56	8.580069
22.58	8.574931
22.6	8.564757
22.62	8.559709
22.64	8.554698
22.66	8.549714
22.68	8.54477
22.7	8.539853
22.72	8.534968
22.74	8.530125
22.76	8.525312
22.78	8.520547
22.8	8.511113
22.82	8.506463
22.84	8.501859
22.86	8.497289
22.88	8.492768
22.9	8.488287
22.92	8.483861
22.94	8.479475
22.96	8.498896
22.98	8.519058
23	8.539908
23.02	8.561404
23.04	8.583506
23.06	8.576148
23.08	8.568372
23.1	8.560217
23.12	8.551725
23.14	8.542947
23.16	8.524755
23.18	8.515471
23.2	8.506151
23.22	8.496878
23.24	8.487732
23.26	8.478805
23.28	8.470189
23.3	8.461987
23.32	8.454307
23.34	8.456273
23.36	8.441828
23.38	8.438038
23.4	8.449176
23.42	8.453218
23.44	8.458612
23.46	8.461443
23.48	8.464485
23.5	8.46776
23.52	8.471269
23.54	8.475001
23.56	8.478971
23.58	8.483179
23.6	8.487715
23.62	8.492318
23.64	8.497235
23.66	8.502256
23.68	8.507574
23.7	8.518957
23.72	8.525
23.74	8.531282
23.76	8.537807
23.78	8.54456
23.8	8.551557
23.82	8.558795
23.84	8.566266
23.86	8.58194
23.88	8.590131
23.9	8.597774
23.92	8.598265
23.94	8.597105
23.96	8.595725
23.98	8.594426
24	8.593205
24.02	8.59203
24.04	8.59093
24.06	8.589849
24.08	8.588796
24.1	8.586823
24.12	8.585896
24.14	8.584991
24.16	8.584139
24.18	8.583299
24.2	8.582509
24.22	8.581739
24.24	8.581022
24.26	8.580313
24.28	8.579655
24.3	8.579013
24.32	8.578423
24.34	8.577839
24.36	8.576784
24.38	8.576314
24.4	8.575849
24.42	8.57543
24.44	8.575025
24.46	8.574667
24.48	8.574314
24.5	8.651557
24.52	8.75238
24.54	8.87546
24.56	8.987113
24.58	9.057809
24.6	9.187601
24.62	9.263586
24.64	9.489225
24.66	9.646657
24.68	9.732004
24.7	9.900695
24.72	9.988464
24.74	10.07506
24.76	10.05917
24.78	10.14409
24.8	10.11199
24.82	10.07826
24.84	10.04296
24.86	10.00613
24.88	9.967845
24.9	9.887145
24.92	9.844878
24.94	9.801438
24.96	9.756908
24.98	9.71138
25	9.664948
25.02	9.617691
25.04	9.56971
25.06	9.521114
25.08	9.472024
25.1	9.422565
25.12	9.372869
25.14	9.323075
25.16	9.223794
25.18	9.174623
25.2	9.125991
25.22	9.078074
25.24	9.03106
25.26	8.985143
25.28	8.940525
25.3	8.897418
25.32	8.85604
25.34	8.816617
25.36	8.779383
25.38	8.744579
25.4	8.712453
25.42	8.683257
25.44	8.657251
25.46	8.634697
25.48	8.630383
25.5	8.626211
25.52	8.621799
25.54	8.61732
25.56	8.612771
25.58	8.60815
25.6	8.603216
25.62	8.599073
25.64	8.595343
25.66	8.591963
25.68	8.588963
25.7	8.586282
25.72	8.583938
25.74	8.581967
25.76	8.580317
25.78	8.578061
25.8	8.577439
25.82	8.57715
25.84	8.577235
25.86	8.57764
25.88	8.578377
25.9	8.579595
25.92	8.505932
25.94	8.603474
25.96	8.789467
25.98	8.723284
26	8.78767
26.02	8.719646
26.04	8.765814
26.06	8.812183
26.08	8.760964
26.1	8.808397
26.12	8.804282
26.14	8.749016
26.16	8.800352
26.18	8.742946
26.2	8.797204
26.22	8.76212
26.24	8.725723
26.26	8.759969
26.28	8.723146
26.3	8.760306
26.32	8.781395
26.34	8.753823
26.36	8.80057
26.38	8.773022
26.4	8.871264
26.42	8.796993
26.44	8.89279
26.46	8.819581
26.48	8.904948
26.5	8.908897
26.52	8.913231
26.54	8.917266
26.56	8.921622
26.58	8.843106
26.6	8.851468
26.62	8.919491
26.64	8.860619
26.66	8.930792
26.68	8.873388
26.7	8.943583
26.72	8.886849
26.74	8.95734
26.76	8.901256
26.78	8.939108
26.8	8.920792
26.82	8.955565
26.84	8.937901
26.86	8.972347
26.88	8.955247
26.9	8.989936
26.92	9.003643
26.94	8.982961
26.96	9.039107
26.98	8.937998
27	9.03367
27.02	8.93152
27.04	9.034678
27.06	8.932159
27.08	9.037769
27.1	8.936275
27.12	9.042272
27.14	8.941361
27.16	8.917404
27.18	8.994184
27.2	8.930861
27.22	9.012046
27.24	8.939234
27.26	9.021775
27.28	8.947172
27.3	8.951425
27.32	8.960345
27.34	8.965043
27.36	8.969966
27.38	8.975106
27.4	8.98039
27.42	8.985893
27.44	8.991609
27.46	8.997536
27.48	9.009918
27.5	9.016422
27.52	9.023087
27.54	9.029959
27.56	9.037034
27.58	9.044311
27.6	9.051759
27.62	9.059409
27.64	9.067258
27.66	9.072834
27.68	9.075455
27.7	9.078941
27.72	9.080546
27.74	9.082088
27.76	9.083574
27.78	9.085003
27.8	9.08637
27.82	9.087675
27.84	9.08892
27.86	9.090096
27.88	9.091262
27.9	9.092302
27.92	9.093303
27.94	9.094251
27.96	9.09514
27.98	9.095972
28	9.096745
28.02	9.097458
28.04	9.098705
28.06	9.099716
28.08	9.100129
28.1	9.10048
28.12	9.100769
28.14	9.100996
28.16	8.971138
28.18	9.212214
28.2	8.970531
28.22	9.211776
28.24	9.073561
28.26	9.080985
28.28	9.186675
28.3	9.079
28.32	9.183513
28.34	9.076267
28.36	9.179014
28.38	9.072306
28.4	9.169257
28.42	9.162949
28.44	9.156471
28.46	9.149682
28.48	9.135262
28.5	9.12774
28.52	9.120094
28.54	9.116385
28.56	9.113884
28.58	9.110243
28.6	9.106493
28.62	9.102842
28.64	9.099336
28.66	9.095975
28.68	9.092771
28.7	9.086824
28.72	9.084086
28.74	9.08167
28.76	9.079404
28.78	9.07734
28.8	9.075482
28.82	9.073838
28.84	9.072412
28.86	9.071037
28.88	9.068457
28.9	9.065696
28.92	9.062856
28.94	9.057046
28.96	9.054132
28.98	9.051189
29	9.048234
29.02	9.045122
29.04	9.041983
29.06	9.038854
29.08	9.035776
29.1	9.032611
29.12	9.029346
29.14	9.026096
29.16	9.01953
29.18	8.960705
29.2	9.062109
29.22	8.962651
29.24	9.06742
29.26	8.957594
29.28	9.062859
29.3	8.951211
29.32	9.056272
29.34	8.944322
29.36	8.99542
29.38	9.065048
29.4	8.981426
29.42	9.051351
29.44	8.967225
29.46	9.035516
29.48	8.951241
29.5	9.017386
29.52	8.933357
29.54	8.874335
29.56	8.815199
29.58	8.795311
29.6	8.749463
29.62	8.69347
29.64	8.675805
29.66	8.652411
29.68	8.640463
29.7	8.623673
29.72	8.630037
29.74	8.629372
29.76	8.65649
29.78	8.63406
29.8	8.635212
29.82	8.635711
29.84	8.636214
29.86	8.636917
29.88	8.635501
29.9	8.630999
29.92	8.628647
29.94	8.626302
29.96	8.623972
29.98	8.621627
30	8.619313
30.02	8.617087
30.04	8.614725
30.06	8.612442
30.08	8.610196
30.1	8.608264
30.12	8.606335
30.14	8.602524
30.16	8.600552
30.18	8.598691
30.2	8.596892
30.22	8.595116
30.24	8.59341
30.26	8.59183
30.28	8.590149
30.3	8.588587
30.32	8.587095
30.34	8.585636
30.36	8.583012
30.38	8.581676
30.4	8.580536
30.42	8.579354
30.44	8.578293
30.46	8.57728
30.48	8.576359
30.5	8.575555
30.52	8.574879
30.54	8.574052
30.56	8.5734
30.58	8.57235
30.6	8.572107
30.62	8.572128
30.64	8.572183
30.66	8.572228
30.68	8.572434
30.7	8.572699
30.72	8.573054
30.74	8.57349
30.76	8.574022
30.78	8.574638
30.8	8.575355
30.82	8.577058
30.84	8.578046
30.86	8.579138
30.88	8.580317
30.9	8.581601
30.92	8.582975
30.94	8.584455
30.96	8.586025
30.98	8.58773
31	8.589635
31.02	8.591348
31.04	8.593076
31.06	8.595312
31.08	8.597548
31.1	8.602601
31.12	8.605228
31.14	8.607908
31.16	8.610703
31.18	8.613564
31.2	8.616534
31.22	8.61957
31.24	8.622713
31.26	8.62592
31.28	8.629235
31.3	8.632614
31.32	8.636098
31.34	8.639647
31.36	8.643298
31.38	8.650832
31.4	8.654713
31.42	8.658695
31.44	8.662739
31.46	8.666884
31.48	8.671091
31.5	8.675391
31.52	8.679712
31.54	8.688774
31.56	8.693633
31.58	8.698446
31.6	8.703267
31.62	8.708154
31.64	8.713071
31.66	8.718055
31.68	8.723065
31.7	8.728141
31.72	8.733241
31.74	8.738401
31.76	8.743586
31.78	8.748828
31.8	8.754088
31.82	8.764727
31.84	8.77018
31.86	8.775526
31.88	8.781039
31.9	8.786446
31.92	8.791939
31.94	8.797468
31.96	8.808572
31.98	8.814248
32	8.81978
32.02	8.825401
32.04	8.83107
32.06	8.83672
32.08	8.842603
32.1	8.848498
32.12	8.854272
32.14	8.860105
32.16	8.871398
32.18	8.877057
32.2	8.882668
32.22	8.888263
32.24	8.89392
32.26	8.899364
32.28	8.904839
32.3	8.910295
32.32	8.915693
32.34	8.921068
32.36	8.926499
32.38	8.931826
32.4	8.942207
32.42	8.94739
32.44	8.952384
32.46	8.957487
32.48	8.962516
32.5	8.967364
32.52	8.972303
32.54	8.977168
32.56	8.98186
32.58	8.98654
32.6	8.991235
32.62	8.995803
32.64	9.061874
32.66	9.064426
32.68	9.066399
32.7	9.067783
32.72	9.068601
32.74	9.068882
32.76	9.068658
32.78	9.067966
32.8	9.066846
32.82	9.063498
32.84	9.061371
32.86	9.062155
32.88	9.033363
32.9	9.079179
32.92	9.036291
32.94	9.039301
32.96	9.039902
32.98	9.040006
33	9.040116
33.02	9.040224
33.04	9.040303
33.06	9.040426
33.08	9.040785
33.1	9.041016
33.12	9.041278
33.14	9.041573
33.16	9.041895
33.18	9.042245
33.2	9.042622
33.22	9.043023
33.24	9.043448
33.26	9.043898
33.28	9.044368
33.3	9.04486
33.32	9.045372
33.34	9.045889
33.36	9.04642
33.38	9.045053
33.4	9.044004
33.42	9.042844
33.44	9.041584
33.46	9.040231
33.48	9.038782
33.5	9.037242
33.52	9.035614
33.54	9.0339
33.56	9.032103
33.58	9.030211
33.6	9.028235
33.62	9.0242
33.64	9.022062
33.66	9.019847
33.68	9.017564
33.7	9.015216
33.72	9.012797
33.74	9.010316
33.76	9.007796
33.78	9.005216
33.8	9.002584
33.82	8.999881
33.84	8.99402
33.86	8.991127
33.88	8.988112
33.9	8.984981
33.92	8.981824
33.94	8.992321
33.96	9.004057
33.98	9.016967
34	9.028814
34.02	9.024998
34.04	9.019109
34.06	9.012937
34.08	9.006522
34.1	8.999913
34.12	8.992051
34.14	8.969975
34.16	8.990162
34.18	9.01101
34.2	9.032638
34.22	9.054921
34.24	9.077696
34.26	9.100788
34.28	9.124047
34.3	8.994951
34.32	8.904488
34.34	8.886546
34.36	8.877058
34.38	8.867404
34.4	8.85837
34.42	8.849495
34.44	8.84072
34.46	8.832087
34.48	8.823522
34.5	8.815048
34.52	8.806725
34.54	8.790329
34.56	8.782457
34.58	8.774742
34.6	8.767179
34.62	8.759873
34.64	8.752539
34.66	8.745477
34.68	8.738613
34.7	8.731921
34.72	8.725414
34.74	8.71908
34.76	8.712937
34.78	8.706972
34.8	8.69562
34.82	8.690238
34.84	8.685047
34.86	8.680065
34.88	8.675278
34.9	8.670708
34.92	8.666339
34.94	8.662191
34.96	8.658253
34.98	8.654544
35	8.651048
35.02	8.647787
35.04	8.645095
35.06	8.642543
35.08	8.638152
35.1	8.63634
35.12	8.634798
35.14	8.633512
35.16	8.6325
35.18	8.631745
35.2	8.62991
35.22	8.626634
35.24	8.619967
35.26	8.616769
35.28	8.613676
35.3	8.610691
35.32	8.607814
35.34	8.605044
35.36	8.602382
35.38	8.599825
35.4	8.597334
35.42	8.595
35.44	8.592879
35.46	8.591006
35.48	8.589188
35.5	8.587479
35.52	8.585766
35.54	8.584329
35.56	8.582954
35.58	8.581635
35.6	8.579255
35.62	8.578204
35.64	8.577225
35.66	8.576347
35.68	8.575541
35.7	8.574837
35.72	8.574202
35.74	8.573669
35.76	8.573204
35.78	8.572841
35.8	8.572545
35.82	8.572351
35.84	8.572221
35.86	8.572228
35.88	8.572391
35.9	8.572586
35.92	8.572855
35.94	8.573224
35.96	8.573799
35.98	8.574646
36	8.575371
36.02	8.576446
36.04	8.577476
36.06	8.578442
36.08	8.579549
36.1	8.580664
36.12	8.581857
36.14	8.58309
36.16	8.585765
36.18	8.587171
36.2	8.588646
36.22	8.590178
36.24	8.591746
36.26	8.593378
36.28	8.595064
36.3	8.596781
36.32	8.598557
36.34	8.600383
36.36	8.602237
36.38	8.604143
36.4	8.6061
36.42	8.608078
36.44	8.610106
36.46	8.612226
36.48	8.614277
36.5	8.616399
36.52	8.621169
36.54	8.623505
36.56	8.625842
36.58	8.6282
36.6	8.630625
36.62	8.63295
36.64	8.635327
36.66	8.637718
36.68	8.640098
36.7	8.642488
36.72	8.644936
36.74	8.649644
36.76	8.652023
36.78	8.65438
36.8	8.656741
36.82	8.659152
36.84	8.661433
36.86	8.663746
36.88	8.666038
36.9	8.668386
36.92	8.670616
36.94	8.670942
36.96	8.671944
36.98	8.672558
37	8.671722
37.02	8.670292
37.04	8.669211
37.06	8.669455
37.08	8.718848
37.1	8.773769
37.12	8.843969
37.14	8.912326
37.16	8.998398
37.18	9.078646
37.2	9.26889
37.22	9.380789
37.24	9.479306
37.26	9.624627
37.28	9.777586
37.3	9.917768
37.32	10.08238
37.34	10.23102
37.36	10.4053
37.38	10.56057
37.4	10.74248
37.42	10.90277
37.44	10.9163
37.46	10.74439
37.48	10.57531
37.5	10.40953
37.52	10.24755
37.54	10.08988
37.56	9.937088
37.58	9.789768
37.6	9.648547
37.62	9.514083
37.64	9.473707
37.66	9.392179
37.68	9.351346
37.7	9.310662
37.72	9.270279
37.74	9.230353
37.76	9.191052
37.78	9.152548
37.8	9.115019
37.82	9.078654
37.84	9.043648
37.86	9.010201
37.88	8.97852
37.9	8.948824
37.92	8.921329
37.94	8.873863
37.96	8.85436
37.98	8.850484
38	8.855011
38.02	8.8517
38.04	8.847448
38.06	8.843004
38.08	8.838363
38.1	8.833398
38.12	8.82457
38.14	8.820432
38.16	8.81645
38.18	8.812626
38.2	8.808954
38.22	8.805435
38.24	8.802071
38.26	8.79886
38.28	8.7958
38.3	8.792892
38.32	8.790133
38.34	8.787525
38.36	8.782763
38.38	8.780607
38.4	8.778603
38.42	8.776747
38.44	8.775041
38.46	8.773485
38.48	8.772079
38.5	8.770823
38.52	8.769718
38.54	8.767958
38.56	8.767303
38.58	8.766802
38.6	8.766451
38.62	8.766253
38.64	8.766208
38.66	8.766316
38.68	8.76658
38.7	8.766996
38.72	8.76757
38.74	8.768302
38.76	8.769423
38.78	8.770628
38.8	8.772009
38.82	8.773587
38.84	8.775367
38.86	8.777348
38.88	8.779532
38.9	8.781922
38.92	8.784515
38.94	8.787313
38.96	8.79353
38.98	8.796947
39	8.800574
39.02	8.80441
39.04	8.808455
39.06	8.812709
39.08	8.817174
39.1	8.821853
39.12	8.826743
39.14	8.828368
39.16	8.827158
39.18	8.825274
39.2	8.823295
39.22	8.81919
39.24	8.817138
39.26	8.814968
39.28	8.812806
39.3	8.810629
39.32	8.808479
39.34	8.806247
39.36	8.804003
39.38	8.801746
39.4	8.79947
39.42	8.797179
39.44	8.79495
39.46	8.79033
39.48	8.780516
39.5	8.773638
39.52	8.766685
39.54	8.742659
39.56	8.743651
39.58	8.721047
39.6	8.721887
39.62	8.700888
39.64	8.701581
39.66	8.682204
39.68	8.681519
39.7	8.656054
39.72	8.657701
39.74	8.637094
39.76	8.62096
39.78	8.618814
39.8	8.606984
39.82	8.602851
39.84	8.595358
39.86	8.598219
39.88	8.597022
39.9	8.613176
39.92	8.599769
39.94	8.616628
39.96	8.618239
39.98	8.602699
40	8.604145
40.02	8.605812
40.04	8.607473
40.06	8.606542
40.08	8.605165
40.1	8.603669
40.12	8.602025
40.14	8.600566
40.16	8.598973
40.18	8.597474
40.2	8.594768
40.22	8.593216
40.24	8.591901
40.26	8.590473
40.28	8.589149
40.3	8.587894
40.32	8.58682
40.34	8.585463
40.36	8.584351
40.38	8.583141
40.4	8.582044
40.42	8.581023
40.44	8.580197
40.46	8.579087
40.48	8.577295
40.5	8.576467
40.52	8.575723
40.54	8.575067
40.56	8.574512
40.58	8.573842
40.6	8.573288
40.62	8.572817
40.64	8.572576
40.66	8.572247
40.68	8.572174
40.7	8.572288
40.72	8.572306
40.74	8.572461
40.76	8.572716
40.78	8.573206
40.8	8.573884
40.82	8.574304
40.84	8.574872
40.86	8.575544
40.88	8.57646
40.9	8.577073
40.92	8.577986
40.94	8.578837
40.96	8.579912
40.98	8.580935
41	8.582164
41.02	8.58334
41.04	8.584692
41.06	8.586067
41.08	8.587544
41.1	8.589074
41.12	8.592407
41.14	8.594192
41.16	8.596059
41.18	8.59807
41.2	8.600442
41.22	8.602674
41.24	8.605031
41.26	8.607409
41.28	8.609888
41.3	8.612417
41.32	8.615035
41.34	8.617704
41.36	8.62046
41.38	8.623266
41.4	8.62616
41.42	8.629102
41.44	8.635203
41.46	8.63842
41.48	8.641572
41.5	8.644926
41.52	8.648211
41.54	8.651695
41.56	8.65511
41.58	8.658726
41.6	8.66227
41.62	8.666013
41.64	8.669684
41.66	8.673555
41.68	8.677354
41.7	8.685285
41.72	8.68956
41.74	8.693884
41.76	8.698173
41.78	8.702573
41.8	8.706832
41.82	8.711198
41.84	8.715625
41.86	8.720249
41.88	8.724534
41.9	8.72908
41.92	8.733505
41.94	8.738034
41.96	8.742619
41.98	8.751825
42	8.756512
42.02	8.761066
42.04	8.765718
42.06	8.77042
42.08	8.775298
42.1	8.779839
42.12	8.784623
42.14	8.789269
42.16	8.794003
42.18	8.798782
42.2	8.803727
42.22	8.808338
42.24	8.813185
42.26	8.817881
42.28	8.822659
42.3	8.827477
42.32	8.837213
42.34	8.84215
42.36	8.846991
42.38	8.851831
42.4	8.856568
42.42	8.861284
42.44	8.866001
42.46	8.870786
42.48	8.875331
42.5	8.879837
42.52	8.884466
42.54	8.888886
42.56	8.893265
42.58	8.902032
42.6	8.906245
42.62	8.910542
42.64	8.914746
42.66	8.932171
42.68	8.945401
42.7	8.947786
42.72	8.949692
42.74	8.951099
42.76	8.952028
42.78	8.952505
42.8	8.952563
42.82	8.95224
42.84	8.955062
42.86	8.973985
42.88	8.951404
42.9	8.979956
42.92	8.954726
42.94	8.983043
42.96	8.957035
42.98	8.96032
43	8.961549
43.02	8.962399
43.04	8.963222
43.06	8.964038
43.08	8.965799
43.1	8.966746
43.12	8.967744
43.14	8.968754
43.16	8.969818
43.18	8.970893
43.2	8.972019
43.22	8.97319
43.24	8.974404
43.26	8.975621
43.28	8.976884
43.3	8.978185
43.32	8.979525
43.34	8.980858
43.36	8.983637
43.38	8.985079
43.4	8.986553
43.42	8.988059
43.44	8.989565
43.46	8.991103
43.48	8.99267
43.5	8.994267
43.52	8.995892
43.54	8.997544
43.56	8.999223
43.58	9.000928
43.6	9.002659
43.62	9.006197
43.64	9.007977
43.66	9.009781
43.68	9.011608
43.7	9.013458
43.72	9.015331
43.74	9.017227
43.76	9.018931
43.78	9.019216
43.8	9.41073
43.82	9.772463
43.84	9.766012
43.86	9.758003
43.88	9.748449
43.9	9.73737
43.92	9.724792
43.94	9.710743
43.96	9.695259
43.98	9.678376
44	9.660137
44.02	9.640587
44.04	9.619778
44.06	9.597762
44.08	9.574602
44.1	9.550361
44.12	9.525106
44.14	9.471862
44.16	9.444036
44.18	9.415522
44.2	9.386419
44.22	9.356828
44.24	9.326855
44.26	9.296612
44.28	9.266218
44.3	9.235801
44.32	9.205489
44.34	9.145746
44.36	9.116609
44.38	9.088171
44.4	9.060596
44.42	9.034057
44.44	9.008728
44.46	8.984797
44.48	8.976712
44.5	8.973917
44.52	8.96581
44.54	8.956539
44.56	8.947104
44.58	8.937642
44.6	8.918782
44.62	8.909383
44.64	8.900013
44.66	8.890685
44.68	8.881395
44.7	8.87216
44.72	8.862973
44.74	8.853851
44.76	8.84479
44.78	8.835805
44.8	8.826893
44.82	8.818069
44.84	8.809332
44.86	8.800694
44.88	8.792155
44.9	8.784029
44.92	8.775981
44.94	8.768091
44.96	8.760375
44.98	8.752834
45	8.745466
45.02	8.738283
45.04	8.724478
45.06	8.717868
45.08	8.711465
45.1	8.705268
45.12	8.69929
45.14	8.69353
45.16	8.688003
45.18	8.682704
45.2	8.67765
45.22	8.672837
45.24	8.668281
45.26	8.664392
45.28	8.657282
45.3	8.652163
45.32	8.646882
45.34	8.641727
45.36	8.636723
45.38	8.631873
45.4	8.627185
45.42	8.622663
45.44	8.61831
45.46	8.614126
45.48	8.610112
45.5	8.60627
45.52	8.602602
45.54	8.598991
45.56	8.595881
45.58	8.590219
45.6	8.587744
45.62	8.585461
45.64	8.583364
45.66	8.58145
45.68	8.579722
45.7	8.578171
45.72	8.576805
45.74	8.575615
45.76	8.574607
45.78	8.573115
45.8	8.57263
45.82	8.572325
45.84	8.572185
45.86	8.572226
45.88	8.572198
45.9	8.572845
45.92	8.573795
45.94	8.574862
45.96	8.575566
45.98	8.57667
46	8.577996
46.02	8.579691
46.04	8.5816
46.06	8.583874
46.08	8.588308
46.1	8.590669
46.12	8.593144
46.14	8.595769
46.16	8.59852
46.18	8.601437
46.2	8.604462
46.22	8.607656
46.24	8.610959
46.26	8.614431
46.28	8.617928
46.3	8.62171
46.32	8.629921
46.34	8.634354
46.36	8.639101
46.38	8.643755
46.4	8.648417
46.42	8.653183
46.44	8.658031
46.46	8.663003
46.48	8.668049
46.5	8.673218
46.52	8.678457
46.54	8.68924
46.56	8.694778
46.58	8.70038
46.6	8.706092
46.62	8.711864
46.64	8.71774
46.66	8.723546
46.68	8.729977
46.7	8.73611
46.72	8.742448
46.74	8.748751
46.76	8.755077
46.78	8.761442
46.8	8.767842
46.82	8.774278
46.84	8.780746
46.86	8.787247
46.88	8.800333
46.9	8.806908
46.92	8.813511
46.94	8.820108
46.96	8.826733
46.98	8.833348
47	8.846607
47.02	8.853245
47.04	8.859865
47.06	8.866496
47.08	8.873111
47.1	8.879678
47.12	8.886228
47.14	8.892685
47.16	8.905807
47.18	8.912289
47.2	8.918719
47.22	8.92503
47.24	8.931236
47.26	8.937396
47.28	8.943485
47.3	8.949477
47.32	8.955413
47.34	8.961268
47.36	8.967016
47.38	8.972701
47.4	8.978292
47.42	8.983766
47.44	8.989167
47.46	8.994454
47.48	9.004725
47.5	9.009689
47.52	9.014568
47.54	9.019304
47.56	9.023946
47.58	9.02846
47.6	9.032866
47.62	9.037137
47.64	9.146824
47.66	9.101956
47.68	9.063526
47.7	9.041512
47.72	9.030581
47.74	9.017933
47.76	9.005539
47.78	8.993085
47.8	8.998754
47.82	9.001193
47.84	9.003023
47.86	9.004766
47.88	9.006471
47.9	9.008219
47.92	9.010006
47.94	9.011829
47.96	9.013615
47.98	9.017286
48	9.019165
48.02	9.021069
48.04	9.02249
48.06	9.02352
48.08	9.024347
48.1	9.025029
48.12	9.025552
48.14	9.025923
48.16	9.026144
48.18	9.353652
48.2	9.642394
