0.02	8.359924
0.04	8.362416
0.06	8.364979
0.08	8.367613
0.1	8.373098
0.12	8.375952
0.14	8.37888
0.16	8.381883
0.18	8.384962
0.2	8.388118
0.22	8.39135
0.24	8.398052
0.26	8.401523
0.28	8.405074
0.3	8.408708
0.32	8.412423
0.34	8.416222
0.36	8.420104
0.38	8.428124
0.4	8.432265
0.42	8.436494
0.44	8.44081
0.46	8.445217
0.48	8.479546
0.5	8.483018
0.52	8.486067
0.54	8.488711
0.56	8.490973
0.58	8.494477
0.6	8.495793
0.62	8.496876
0.64	8.497776
0.66	8.499261
0.68	8.506355
0.7	8.544825
0.72	8.592261
0.74	8.648207
0.76	8.712199
0.78	8.862456
0.8	8.935235
0.82	9.023502
0.84	9.098481
0.86	9.194855
0.88	9.200165
0.9	9.219871
0.92	9.222308
0.94	9.239645
0.96	9.255504
0.98	9.252267
1	9.266305
1.02	9.260335
1.04	9.272671
1.06	9.114565
1.08	8.97978
1.1	8.870068
1.12	8.735611
1.14	8.767799
1.16	8.744825
1.18	8.747449
1.2	8.745321
1.22	8.742279
1.24	8.739134
1.26	8.736013
1.28	8.732785
1.3	8.729664
1.32	8.726627
1.34	8.723417
1.36	8.720325
1.38	8.714214
1.4	8.711226
1.42	8.708333
1.44	8.70525
1.46	8.702297
1.48	8.699447
1.5	8.696476
1.52	8.693642
1.54	8.690678
1.56	8.687738
1.58	8.684946
1.6	8.682264
1.62	8.676791
1.64	8.673992
1.66	8.671349
1.68	8.668824
1.7	8.666166
1.72	8.663666
1.74	8.661021
1.76	8.658544
1.78	8.656003
1.8	8.65112
1.82	8.648438
1.84	8.645879
1.86	8.643269
1.88	8.64085
1.9	8.638319
1.92	8.635988
1.94	8.633618
1.96	8.631443
1.98	8.629158
2	8.627071
2.02	8.624947
2.04	8.620975
2.06	8.619134
2.08	8.617255
2.1	8.615569
2.12	8.61351
2.14	8.611677
2.16	8.609958
2.18	8.608416
2.2	8.606826
2.22	8.604059
2.24	8.602851
2.26	8.601542
2.28	8.600424
2.3	8.599274
2.32	8.598311
2.34	8.597249
2.36	8.596378
2.38	8.595475
2.4	8.594759
2.42	8.593944
2.44	8.59332
2.46	8.592196
2.48	8.591628
2.5	8.591251
2.52	8.590843
2.54	8.590622
2.56	8.590302
2.58	8.590173
2.6	8.590014
2.62	8.589969
2.64	8.590088
2.66	8.590177
2.68	8.590451
2.7	8.590415
2.72	8.590894
2.74	8.591342
2.76	8.591538
2.78	8.591908
2.8	8.591763
2.82	8.591017
2.84	8.590178
2.86	8.589339
2.88	8.588524
2.9	8.587736
2.92	8.586231
2.94	8.585531
2.96	8.584846
2.98	8.584143
3	8.583544
3.02	8.582936
3.04	8.582299
3.06	8.581772
3.08	8.581218
3.1	8.580711
3.12	8.580211
3.14	8.579259
3.16	8.578811
3.18	8.578401
3.2	8.577997
3.22	8.577573
3.24	8.577234
3.26	8.576877
3.28	8.576553
3.3	8.575899
3.32	8.575637
3.34	8.595068
3.36	8.61799
3.38	8.644254
3.4	8.673706
3.42	8.772151
3.44	8.885817
3.46	8.994282
3.48	9.131673
3.5	9.254711
3.52	9.41234
3.54	9.54706
3.56	9.721653
3.58	9.865422
3.6	10.05399
3.62	9.786985
3.64	9.658774
3.66	9.5347
3.68	9.415248
3.7	9.300927
3.72	9.192066
3.74	9.085142
3.76	8.984056
3.78	8.890132
3.8	8.675601
3.82	8.545646
3.84	8.535217
3.86	8.621434
3.88	8.564349
3.9	8.569003
3.92	8.566183
3.94	8.561795
3.96	8.557062
3.98	8.552181
4	8.542239
4.02	8.537215
4.04	8.532108
4.06	8.526935
4.08	8.521697
4.1	8.516364
4.12	8.511045
4.14	8.50569
4.16	8.500294
4.18	8.494815
4.2	8.489229
4.22	8.477848
4.24	8.472059
4.26	8.46622
4.28	8.460324
4.3	8.454328
4.32	8.448276
4.34	8.442164
4.36	8.435992
4.38	8.429735
4.4	8.423418
4.42	8.417038
4.44	8.404046
4.46	8.397453
4.48	8.390794
4.5	8.384058
4.52	8.377255
4.54	8.370386
4.56	8.363448
4.58	8.356436
4.6	8.349356
4.62	8.342205
4.64	8.334962
4.66	8.327648
4.68	8.31281
4.7	8.305286
4.72	8.29769
4.74	8.290023
4.76	8.282286
4.78	8.274483
4.8	8.258726
4.82	8.250781
4.84	8.242743
4.86	8.234667
4.88	8.226519
4.9	8.218302
4.92	8.210048
4.94	8.193587
4.96	8.185333
4.98	8.177
5	8.168598
5.02	8.16016
5.04	8.151654
5.06	8.143085
5.08	8.134487
5.1	8.125823
5.12	8.117132
5.14	8.099583
5.16	8.090725
5.18	8.081843
5.2	8.142136
5.22	8.219541
5.24	8.262911
5.26	8.249772
5.28	8.23557
5.3	8.220329
5.32	8.204078
5.34	8.186851
5.36	8.168689
5.38	8.129748
5.4	8.10908
5.42	8.087695
5.44	8.065664
5.46	8.043063
5.48	8.019975
5.5	7.996489
5.52	7.972701
5.54	7.948715
5.56	7.924641
5.58	7.876704
5.6	7.853098
5.62	7.845603
5.64	7.853219
5.66	7.942091
5.68	7.881487
5.7	7.97358
5.72	7.904289
5.74	7.912192
5.76	7.91201
5.78	7.90988
5.8	7.907125
5.82	7.900657
5.84	7.89701
5.86	7.893054
5.88	7.888834
5.9	7.91011
5.92	7.935044
5.94	7.96339
5.96	7.994908
5.98	8.000857
6	8.006117
6.02	8.014456
6.04	8.017498
6.06	8.01977
6.08	8.021269
6.1	8.021994
6.12	8.02195
6.14	8.021151
6.16	7.998071
6.18	7.974165
6.2	7.924226
6.22	7.898388
6.24	7.872113
6.26	7.845515
6.28	7.818718
6.3	7.791852
6.32	7.765054
6.34	7.738471
6.36	7.712256
6.38	7.686571
6.4	7.637478
6.42	7.634843
6.44	7.631557
6.46	7.6276
6.48	7.622967
6.5	7.617654
6.52	7.611666
6.54	7.605013
6.56	7.59771
6.58	7.59264
6.6	7.587768
6.62	7.578031
6.64	7.573115
6.66	7.568188
6.68	7.563211
6.7	7.55819
6.72	7.553154
6.74	7.54807
6.76	7.542972
6.78	7.537823
6.8	7.532629
6.82	7.527418
6.84	7.522158
6.86	7.516851
6.88	7.511537
6.9	7.500762
6.92	7.495332
6.94	7.489851
6.96	7.484324
6.98	7.478786
7	7.473197
7.02	7.46756
7.04	7.461901
7.06	7.456192
7.08	7.450435
7.1	7.444663
7.12	7.432969
7.14	7.427073
7.16	7.421126
7.18	7.415132
7.2	7.409119
7.22	7.403054
7.24	7.396942
7.26	7.390801
7.28	7.384609
7.3	7.378369
7.32	7.365795
7.34	7.359433
7.36	7.353041
7.38	7.346597
7.4	7.340106
7.42	7.333588
7.44	7.327037
7.46	7.320434
7.48	7.313781
7.5	7.30708
7.52	7.300348
7.54	7.293632
7.56	7.279974
7.58	7.27309
7.6	7.266145
7.62	7.259159
7.64	7.252126
7.66	7.245072
7.68	7.237968
7.7	7.230815
7.72	7.223613
7.74	7.209088
7.76	7.201752
7.78	7.194381
7.8	7.186959
7.82	7.179488
7.84	7.171968
7.86	7.164411
7.88	7.156804
7.9	7.149148
7.92	7.141453
7.94	7.133709
7.96	7.118075
7.98	7.110193
8	7.102262
8.02	7.094288
8.04	7.086265
8.06	7.078193
8.08	7.070077
8.1	7.061913
8.12	7.0537
8.14	7.045444
8.16	7.028786
8.18	7.020389
8.2	7.011942
8.22	7.003448
8.24	6.994909
8.26	6.986321
8.28	6.977686
8.3	6.960276
8.32	6.951499
8.34	6.942676
8.36	6.933805
8.38	6.924887
8.4	6.915922
8.42	6.90691
8.44	6.897851
8.46	6.888743
8.48	6.87959
8.5	6.870389
8.52	6.86114
8.54	6.851845
8.56	6.842504
8.58	6.833114
8.6	6.814195
8.62	6.804665
8.64	6.795089
8.66	6.785467
8.68	6.775795
8.7	6.766078
8.72	6.756317
8.74	6.746507
8.76	6.736652
8.78	6.726747
8.8	6.716798
8.82	6.696764
8.84	6.686678
8.86	6.676543
8.88	6.666365
8.9	6.656143
8.92	6.645872
8.94	6.635559
8.96	6.625196
8.98	6.61479
9	6.604344
9.02	6.593847
9.04	6.583309
9.06	6.572721
9.08	6.551424
9.1	6.540705
9.12	6.529946
9.14	6.519137
9.16	6.508289
9.18	6.497402
9.2	6.486465
9.22	6.47549
9.24	6.464465
9.26	6.453402
9.28	6.431151
9.3	6.419964
9.32	6.408727
9.34	6.397455
9.36	6.386146
9.38	6.374788
9.4	6.363386
9.42	6.35195
9.44	6.340469
9.46	6.328955
9.48	6.317391
9.5	6.294157
9.52	6.282485
9.54	6.270765
9.56	6.259015
9.58	6.247221
9.6	6.235396
9.62	6.223525
9.64	6.199681
9.66	6.187709
9.68	6.17569
9.7	6.163645
9.72	6.268556
9.74	6.408893
9.76	6.581545
9.78	6.564085
9.8	6.545112
9.82	6.502726
9.84	6.479378
9.86	6.454648
9.88	6.428584
9.9	6.401245
9.92	6.372694
9.94	6.343003
9.96	6.280529
9.98	6.24793
10	6.214562
10.02	6.180541
10.04	6.145991
10.06	6.111048
10.08	6.075858
10.1	6.040577
10.12	6.005376
10.14	5.970434
10.16	5.902106
10.18	5.869142
10.2	5.860766
10.22	5.851687
10.24	5.841884
10.26	5.831347
10.28	5.820075
10.3	5.808073
10.32	5.795353
10.34	5.784464
10.36	5.774324
10.38	5.754628
10.4	5.744911
10.42	5.735289
10.44	5.725766
10.46	5.716358
10.48	5.707032
10.5	5.697819
10.52	5.68867
10.54	5.670732
10.56	5.661919
10.58	5.653204
10.6	5.644589
10.62	5.636066
10.64	5.62778
10.66	5.619404
10.68	5.611226
10.7	5.603152
10.72	5.587373
10.74	5.579646
10.76	5.572058
10.78	5.564591
10.8	5.557149
10.82	5.549847
10.84	5.54268
10.86	5.53561
10.88	5.528643
10.9	5.521805
10.92	5.515063
10.94	5.508426
10.96	5.50192
10.98	5.495513
11	5.483047
11.02	5.476981
11.04	5.471069
11.06	5.465364
11.08	5.459828
11.1	5.454376
11.12	5.44905
11.14	5.443805
11.16	5.438672
11.18	5.433677
11.2	5.428807
11.22	5.423999
11.24	5.419312
11.26	5.410226
11.28	5.405853
11.3	5.401571
11.32	5.397387
11.34	5.393321
11.36	5.389343
11.38	5.385462
11.4	5.381696
11.42	5.378017
11.44	5.37096
11.46	5.367573
11.48	5.364297
11.5	5.361097
11.52	5.358006
11.54	5.354998
11.56	5.3521
11.58	5.349275
11.6	5.346577
11.62	5.343978
11.64	5.341482
11.66	5.336689
11.68	5.334443
11.7	5.332292
11.72	5.330178
11.74	5.328163
11.76	5.326223
11.78	5.32438
11.8	5.322605
11.82	5.320976
11.84	5.319277
11.86	5.316257
11.88	5.314867
11.9	5.313547
11.92	5.312317
11.94	5.311452
11.96	5.310477
11.98	5.309506
12	5.308582
12.02	5.307686
12.04	5.30684
12.06	5.30604
12.08	5.305264
12.1	5.303822
12.12	5.303153
12.14	5.302521
12.16	5.301908
12.18	5.30133
12.2	5.300768
12.22	5.30024
12.24	5.299741
12.26	5.299255
12.28	5.298798
12.3	5.298365
12.32	5.297938
12.34	5.297154
12.36	5.296793
12.38	5.296436
12.4	5.296097
12.42	5.295776
12.44	5.295455
12.46	5.295148
12.48	5.294857
12.5	5.294578
12.52	5.294298
12.54	5.29403
12.56	5.293772
12.58	5.293523
12.6	5.293033
12.62	5.292791
12.64	5.292555
12.66	5.292325
12.68	5.292099
12.7	5.291877
12.72	5.291659
12.74	5.291432
12.76	5.291208
12.78	5.290765
12.8	5.290546
12.82	5.290328
12.84	5.29011
12.86	5.289892
12.88	5.289673
12.9	5.289455
12.92	5.289236
12.94	5.289016
12.96	5.288574
12.98	5.288352
13	5.288128
13.02	5.287903
13.04	5.287677
13.06	5.287451
13.08	5.287223
13.1	5.286995
13.12	5.286767
13.14	5.286538
13.16	5.286081
13.18	5.285854
13.2	5.285628
13.22	5.285403
13.24	5.285181
13.26	5.28496
13.28	5.284743
13.3	5.284529
13.32	5.28432
13.34	5.283917
13.36	5.283724
13.38	5.283539
13.4	5.283361
13.42	5.283193
13.44	5.283033
13.46	5.282885
13.48	5.282761
13.5	5.282648
13.52	5.282549
13.54	5.282464
13.56	5.282398
13.58	5.282349
13.6	5.282308
13.62	5.282318
13.64	5.282349
13.66	5.282405
13.68	5.282485
13.7	5.282588
13.72	5.282723
13.74	5.282884
13.76	5.283074
13.78	5.283298
13.8	5.283552
13.82	5.283844
13.84	5.284168
13.86	5.284931
13.88	5.285371
13.9	5.285856
13.92	5.286383
13.94	5.286957
13.96	5.287575
13.98	5.288245
14	5.288963
14.02	5.289736
14.04	5.291044
14.06	5.293491
14.08	5.294731
14.1	5.296182
14.12	5.297768
14.14	5.299211
14.16	5.300841
14.18	5.302578
14.2	5.304401
14.22	5.306314
14.24	5.308481
14.26	5.312776
14.28	5.315141
14.3	5.317475
14.32	5.320004
14.34	5.322649
14.36	5.325246
14.38	5.32807
14.4	5.331095
14.42	5.333987
14.44	5.340416
14.46	5.343651
14.48	5.347057
14.5	5.350567
14.52	5.354175
14.54	5.357874
14.56	5.361669
14.58	5.365555
14.6	5.369539
14.62	5.373616
14.64	5.377789
14.66	5.386426
14.68	5.390889
14.7	5.395452
14.72	5.400114
14.74	5.404873
14.76	5.409814
14.78	5.414756
14.8	5.419876
14.82	5.424975
14.84	5.430233
14.86	5.435635
14.88	5.441154
14.9	5.447
14.92	5.458883
14.94	5.464975
14.96	5.471168
14.98	5.47746
15	5.483854
15.02	5.490345
15.04	5.496935
15.06	5.503623
15.08	5.510406
15.1	5.517286
15.12	5.524261
15.14	5.53133
15.16	5.538492
15.18	5.545747
15.2	5.560548
15.22	5.568085
15.24	5.575684
15.26	5.583389
15.28	5.591186
15.3	5.599056
15.32	5.60702
15.34	5.615069
15.36	5.623202
15.38	5.639723
15.4	5.648112
15.42	5.656584
15.44	5.665136
15.46	5.673771
15.48	5.682486
15.5	5.69128
15.52	5.700154
15.54	5.709105
15.56	5.718133
15.58	5.727232
15.6	5.736407
15.62	5.745665
15.64	5.764403
15.66	5.773882
15.68	5.783435
15.7	5.802756
15.72	5.812514
15.74	5.822354
15.76	5.832351
15.78	5.842355
15.8	5.852471
15.82	5.862646
15.84	5.872868
15.86	5.883135
15.88	5.893443
15.9	5.903792
15.92	5.92461
15.94	5.935076
15.96	5.94558
15.98	5.956119
16	5.966695
16.02	5.977303
16.04	5.987945
16.06	6.009324
16.08	6.020059
16.1	6.030824
16.12	6.041617
16.14	6.05244
16.16	6.063289
16.18	6.074165
16.2	6.095995
16.22	6.106947
16.24	6.117924
16.26	6.128926
16.28	6.13995
16.3	6.151
16.32	6.162069
16.34	6.173161
16.36	6.184272
16.38	6.195405
16.4	6.206559
16.42	6.228929
16.44	6.240144
16.46	6.251379
16.48	6.262634
16.5	6.273908
16.52	6.285201
16.54	6.296513
16.56	6.307845
16.58	6.319196
16.6	6.330565
16.62	6.353361
16.64	6.364789
16.66	6.376235
16.68	6.387699
16.7	6.399184
16.72	6.410687
16.74	6.422212
16.76	6.433756
16.78	6.445318
16.8	6.468506
16.82	6.480133
16.84	6.491779
16.86	6.503445
16.88	6.515135
16.9	6.526845
16.92	6.53858
16.94	6.550337
16.96	6.573922
16.98	6.585752
17	6.597605
17.02	6.609484
17.04	6.621387
17.06	6.633319
17.08	6.645276
17.1	6.657261
17.12	6.681316
17.14	6.693386
17.16	6.705487
17.18	6.717617
17.2	6.729008
17.22	6.74687
17.24	6.758324
17.26	6.768505
17.28	6.778484
17.3	6.788459
17.32	6.80856
17.34	6.818698
17.36	6.828898
17.38	6.839156
17.4	6.849472
17.42	6.859853
17.44	6.870285
17.46	6.880774
17.48	6.891323
17.5	6.901952
17.52	6.912642
17.54	6.923398
17.56	6.945104
17.58	6.966782
17.6	6.987955
17.62	7.008629
17.64	7.035898
17.66	7.06284
17.68	7.115788
17.7	7.14183
17.72	7.147986
17.74	7.153837
17.76	7.15945
17.78	7.164896
17.8	7.170257
17.82	7.175616
17.84	7.181066
17.86	7.196172
17.88	7.208672
17.9	7.224463
17.92	7.24082
17.94	7.273564
17.96	7.289831
17.98	7.306023
18	7.392979
18.02	7.453398
18.04	7.569665
18.06	7.640416
18.08	7.782393
18.1	7.860859
18.12	8.025023
18.14	8.108803
18.16	8.378798
18.18	8.434448
18.2	8.487738
18.22	8.538511
18.24	8.586623
18.26	8.631938
18.28	8.674325
18.3	8.713663
18.32	8.749839
18.34	8.782744
18.36	8.812281
18.38	8.384175
18.4	7.727079
18.42	7.536752
18.44	7.599252
18.46	7.646243
18.48	7.848691
18.5	7.872447
18.52	7.981803
18.54	8.097932
18.56	7.960583
18.58	7.93923
18.6	8.052928
18.62	7.917048
18.64	8.041572
18.66	7.89317
18.68	8.02698
18.7	7.866817
18.72	8.00843
18.74	7.888974
18.76	7.985281
18.78	7.858121
18.8	7.956967
18.82	7.922999
18.84	7.7819
18.86	7.882962
18.88	7.735692
18.9	7.836514
18.92	7.747323
18.94	7.641498
18.96	7.689931
18.98	7.580246
19	7.625974
19.02	7.512771
19.04	7.555368
19.06	7.478108
19.08	7.359093
19.1	7.538855
19.12	7.273076
19.14	7.446546
19.16	7.181214
19.18	7.347284
19.2	7.083839
19.22	7.241381
19.24	6.981394
19.26	7.129251
19.28	7.011423
19.3	6.763684
19.32	6.888556
19.34	6.649967
19.36	6.761451
19.38	6.631075
19.4	6.477082
19.42	6.633353
19.44	6.485961
19.46	6.53114
19.48	6.584617
19.5	6.645796
19.52	6.773473
19.54	6.852039
19.56	6.916273
19.58	7.003159
19.6	7.070596
19.62	7.16401
19.64	7.185698
19.66	7.205533
19.68	7.223444
19.7	7.239369
19.72	7.253247
19.74	7.265025
19.76	7.28209
19.78	7.287294
19.8	7.290232
19.82	6.945
19.84	6.749338
19.86	6.495245
19.88	6.369051
19.9	6.246115
19.92	6.285149
19.94	6.286798
19.96	6.269068
19.98	6.258425
20	6.247375
20.02	6.236009
20.04	6.224309
20.06	6.212309
20.08	6.200005
20.1	6.187374
20.12	6.174426
20.14	6.161176
20.16	6.133738
20.18	6.119545
20.2	6.105049
20.22	6.090237
20.24	6.075119
20.26	6.059684
20.28	6.043942
20.3	6.027889
20.32	6.011528
20.34	5.994853
20.36	6.273653
20.38	6.252317
20.4	6.229188
20.42	6.204278
20.44	6.177606
20.46	6.149199
20.48	6.119089
20.5	6.087315
20.52	6.053923
20.54	6.018968
20.56	5.744322
20.58	5.614017
20.6	5.577427
20.62	5.653146
20.64	5.626578
20.66	5.787744
20.68	5.607927
20.7	5.787518
20.72	5.565958
20.74	5.6888
20.76	5.848632
20.78	6.078993
20.8	6.020001
20.82	5.987295
20.84	6.21253
20.86	6.17436
20.88	6.133822
20.9	6.090941
20.92	6.045747
20.94	5.998277
20.96	5.596031
20.98	5.500833
21	5.185986
21.02	5.167991
21.04	5.143029
21.06	5.116407
21.08	5.089248
21.1	5.061765
21.12	5.034016
21.14	5.006175
21.16	4.978061
21.18	4.949642
21.2	4.920972
21.22	4.892
21.24	4.86262
21.26	4.832942
21.28	4.772865
21.3	4.742482
21.32	4.711805
21.34	4.680937
21.36	4.649779
21.38	4.61847
21.4	4.586876
21.42	4.555316
21.44	4.52347
21.46	4.459048
21.48	4.426823
21.5	4.394339
21.52	4.361628
21.54	4.328674
21.56	4.295503
21.58	4.262094
21.6	4.228471
21.62	4.160283
21.64	4.125786
21.66	4.091292
21.68	4.056579
21.7	4.02167
21.72	3.986547
21.74	3.951235
21.76	3.915713
21.78	3.880013
21.8	3.844113
21.82	3.771778
21.84	3.735352
21.86	3.698743
21.88	3.661983
21.9	3.62505
21.92	3.587976
21.94	3.550741
21.96	3.513378
21.98	3.475867
22	3.43824
22.02	3.362619
22.04	3.32464
22.06	3.286579
22.08	3.248415
22.1	3.210188
22.12	3.171878
22.14	3.095112
22.16	3.056679
22.18	3.018209
22.2	2.979746
22.22	2.941272
22.24	2.902835
22.26	2.864319
22.28	2.787343
22.3	2.749153
22.32	2.711075
22.34	2.673127
22.36	2.635333
22.38	2.560302
22.4	2.523117
22.42	2.486189
22.44	2.449551
22.46	2.413232
22.48	2.377268
22.5	2.341695
22.52	2.306551
22.54	2.271875
22.56	2.237713
22.58	2.204108
22.6	2.138763
22.62	2.107128
22.64	2.076257
22.66	2.046209
22.68	2.017045
22.7	1.988828
22.72	1.935503
22.74	1.910534
22.76	1.886789
22.78	1.864342
22.8	1.843269
22.82	1.823645
22.84	1.789043
22.86	1.774214
22.88	1.76113
22.9	1.749859
22.92	1.740467
22.94	1.733014
22.96	1.727557
22.98	1.722819
23	1.723618
23.02	1.726569
23.04	1.731692
23.06	1.738999
23.08	1.748494
23.1	1.774023
23.12	1.790025
23.14	1.808153
23.16	1.952462
23.18	1.982164
23.2	1.996324
23.22	2.023968
23.24	2.037793
23.26	2.051877
23.28	2.066432
23.3	2.105696
23.32	2.367486
23.34	2.481638
23.36	2.280967
23.38	2.65161
23.4	2.387182
23.42	2.752519
23.44	2.843416
23.46	2.588385
23.48	2.93602
23.5	3.03224
23.52	2.79699
23.54	3.150227
23.56	2.911539
23.58	3.027026
23.6	3.363272
23.62	3.145005
23.64	3.472701
23.66	3.265646
23.68	3.388867
23.7	3.700476
23.72	3.514549
23.74	3.818644
23.76	3.642576
23.78	3.939504
23.8	3.772846
23.82	4.062941
23.84	3.905264
23.86	4.072126
23.88	4.309772
23.9	4.200466
23.92	4.42803
23.94	4.327773
23.96	4.544367
23.98	4.461239
24	4.678335
24.02	4.602852
24.04	4.816315
24.06	4.738243
24.08	4.986177
24.1	5.133258
24.12	5.03587
24.14	5.277269
24.16	5.184851
24.18	5.422155
24.2	5.335311
24.22	5.568658
24.24	5.560218
24.26	5.720412
24.28	5.861403
24.3	5.850235
24.32	6.001048
24.34	5.994267
24.36	6.139969
24.38	6.138458
24.4	6.278852
24.42	6.248896
24.44	6.437464
24.46	6.446505
24.48	6.653055
24.5	6.615373
24.52	6.823905
24.54	6.778643
24.56	6.941641
24.58	7.146948
24.6	7.102441
24.62	7.320241
24.64	7.485086
24.66	7.435009
24.68	7.649189
24.7	7.601938
24.72	7.814168
24.74	7.769917
24.76	7.980219
24.78	7.983187
24.8	8.143711
24.82	8.305821
24.84	8.31304
24.86	8.46691
24.88	8.477324
24.9	8.627398
24.92	8.641724
24.94	8.78776
24.96	8.797214
24.98	8.872333
25	8.868714
25.02	8.860522
25.04	8.855897
25.06	8.850894
25.08	8.845501
25.1	8.839711
25.12	8.833522
25.14	8.826937
25.16	8.819965
25.18	8.812619
25.2	8.804918
25.22	8.788553
25.24	8.779954
25.26	8.771128
25.28	8.762121
25.3	8.752984
25.32	8.743774
25.34	8.734553
25.36	8.725388
25.38	8.716352
25.4	8.707524
25.42	8.69899
25.44	8.690837
25.46	8.699877
25.48	8.711343
25.5	8.720658
25.52	8.73902
25.54	8.748684
25.56	8.758585
25.58	8.768764
25.6	8.772538
25.62	8.772732
25.64	8.772213
25.66	8.771654
25.68	8.77115
25.7	8.77058
25.72	8.769996
25.74	8.768814
25.76	8.768224
25.78	8.767632
25.8	8.767038
25.82	8.766444
25.84	8.76585
25.86	8.765259
25.88	8.764731
25.9	8.764112
25.92	8.763512
25.94	8.762916
25.96	8.761721
25.98	8.761121
26	8.76053
26.02	8.759933
26.04	8.759336
26.06	8.758741
26.08	8.758147
26.1	8.757557
26.12	8.756992
26.14	8.756408
26.16	8.755817
26.18	8.755225
26.2	8.754631
26.22	8.753441
26.24	8.752861
26.26	8.752272
26.28	8.75168
26.3	8.751093
26.32	8.750511
26.34	8.749989
26.36	8.749429
26.38	8.748864
26.4	8.747747
26.42	8.747077
26.44	8.746448
26.46	8.745854
26.48	8.745269
26.5	8.744698
26.52	8.744135
26.54	8.743581
26.56	8.742958
26.58	8.741853
26.6	8.741323
26.62	8.7408
26.64	8.740183
26.66	8.73961
26.68	8.739023
26.7	8.737882
26.72	8.737312
26.74	8.736746
26.76	8.736228
26.78	8.735694
26.8	8.73516
26.82	8.734529
26.84	8.733949
26.86	8.733379
26.88	8.73282
26.9	8.732254
26.92	8.731688
26.94	8.730566
26.96	8.730072
26.98	8.729484
27	8.728918
27.02	8.728357
27.04	8.727798
27.06	8.727237
27.08	8.726686
27.1	8.72613
27.12	8.725023
27.14	8.724477
27.16	8.723997
27.18	8.723481
27.2	8.72296
27.22	8.722445
27.24	8.72194
27.26	8.721354
27.28	8.720712
27.3	8.720147
27.32	8.719598
27.34	8.719054
27.36	8.718511
27.38	8.718049
27.4	8.716996
27.42	8.716403
27.44	8.715855
27.46	8.715315
27.48	8.714786
27.5	8.714253
27.52	8.713722
27.54	8.712729
27.56	8.712175
27.58	8.711644
27.6	8.711119
27.62	8.710594
27.64	8.710078
27.66	8.70956
27.68	8.709043
27.7	8.708526
27.72	8.708017
27.74	8.707578
27.76	8.70663
27.78	8.706163
27.8	8.705627
27.82	8.705038
27.84	8.704519
27.86	8.703513
27.88	8.703014
27.9	8.702577
27.92	8.70212
27.94	8.701665
27.96	8.701102
27.98	8.700601
28	8.699634
28.02	8.699152
28.04	8.698673
28.06	8.698197
28.08	8.697749
28.1	8.697285
28.12	8.696818
28.14	8.696352
28.16	8.695886
28.18	8.695437
28.2	8.694981
28.22	8.694077
28.24	8.693694
28.26	8.693287
28.28	8.692883
28.3	8.69242
28.32	8.691901
28.34	8.691451
28.36	8.69135
28.38	8.690912
28.4	8.690533
28.42	8.690174
28.44	8.689827
28.46	8.689503
28.48	8.688865
28.5	8.68856
28.52	8.688264
28.54	8.688006
28.56	8.687736
28.58	8.68747
28.6	8.687211
28.62	8.686958
28.64	8.686712
28.66	8.686489
28.68	8.686264
28.7	8.685833
28.72	8.685629
28.74	8.685439
28.76	8.685252
28.78	8.685142
28.8	8.684994
28.82	8.684844
28.84	8.684562
28.86	8.684434
28.88	8.684313
28.9	8.684128
28.92	8.68394
28.94	8.683795
28.96	8.683568
28.98	8.683466
29	8.68337
29.02	8.68328
29.04	8.683195
29.06	8.68312
29.08	8.683051
29.1	8.682988
29.12	8.682931
29.14	8.682879
29.16	8.682836
29.18	8.682797
29.2	8.697753
29.22	8.71048
29.24	8.704676
29.26	8.701672
29.28	8.69818
29.3	8.694195
29.32	8.689744
29.34	8.684863
29.36	8.682289
29.38	8.728085
29.4	8.772616
29.42	8.81538
29.44	8.894524
29.46	9.267194
29.48	9.339098
29.5	9.199814
29.52	9.07111
29.54	8.954048
29.56	8.84971
29.58	8.759185
29.6	8.68355
29.62	8.623852
29.64	8.602113
29.66	8.601982
29.68	8.599505
29.7	8.596491
29.72	8.593306
29.74	8.590026
29.76	8.586664
29.78	8.583222
29.8	8.576108
29.82	8.572434
29.84	8.568683
29.86	8.564855
29.88	8.560948
29.9	8.556965
29.92	8.548767
29.94	8.544552
29.96	8.540258
29.98	8.535889
30	8.531442
30.02	8.526917
30.04	8.522317
30.06	8.512886
30.08	8.508056
30.1	8.50315
30.12	8.498165
30.14	8.493103
30.16	8.487967
30.18	8.482753
30.2	8.477462
30.22	8.472096
30.24	8.466654
30.26	8.461137
30.28	8.455544
30.3	8.444127
30.32	8.438303
30.34	8.432405
30.36	8.426432
30.38	8.420383
30.4	8.414256
30.42	8.408055
30.44	8.395428
30.46	8.389002
30.48	8.382501
30.5	8.375925
30.52	8.369274
30.54	8.362549
30.56	8.355748
30.58	8.348873
30.6	8.341924
30.62	8.334899
30.64	8.327801
30.66	8.32063
30.68	8.306063
30.7	8.298667
30.72	8.291199
30.74	8.283655
30.76	8.276038
30.78	8.268349
30.8	8.260585
30.82	8.252748
30.84	8.244839
30.86	8.236856
30.88	8.2288
30.9	8.21247
30.92	8.204195
30.94	8.195848
30.96	8.187429
30.98	8.178938
31	8.170375
31.02	8.161738
31.04	8.153031
31.06	8.144253
31.08	8.126479
31.1	8.117485
31.12	8.10842
31.14	8.099284
31.16	8.090076
31.18	8.071449
31.2	8.06203
31.22	8.05254
31.24	8.04298
31.26	8.03335
31.28	8.023649
31.3	8.013879
31.32	8.004039
31.34	7.99413
31.36	7.984151
31.38	7.974102
31.4	7.963985
31.42	7.953799
31.44	7.933221
31.46	7.922828
31.48	7.912367
31.5	7.901839
31.52	7.891243
31.54	7.880578
31.56	7.869845
31.58	7.84818
31.6	7.837245
31.62	7.826244
31.64	7.815177
31.66	7.804043
31.68	7.792842
31.7	7.781575
31.72	7.770243
31.74	7.758845
31.76	7.747499
31.78	7.736038
31.8	7.7245
31.82	7.712891
31.84	7.701212
31.86	7.677647
31.88	7.665759
31.9	7.653802
31.92	7.641775
31.94	7.629677
31.96	7.617509
31.98	7.60527
32	7.59296
32.02	7.568129
32.04	7.555603
32.06	7.543006
32.08	7.530338
32.1	7.517601
32.12	7.50479
32.14	7.491907
32.16	7.478951
32.18	7.465923
32.2	7.452823
32.22	7.439649
32.24	7.426403
32.26	7.413084
32.28	7.524655
32.3	7.60427
32.32	7.586072
32.34	7.566506
32.36	7.545593
32.38	7.523359
32.4	7.499835
32.42	7.449077
32.44	7.421935
32.46	7.393691
32.48	7.364408
32.5	7.334157
32.52	7.303012
32.54	7.27106
32.56	7.238392
32.58	7.205107
32.6	7.171312
32.62	7.102671
32.64	7.068081
32.66	7.0335
32.68	6.99908
32.7	6.95435
32.72	6.930213
32.74	6.90542
32.76	6.88039
32.78	6.855205
32.8	6.829883
32.82	6.804426
32.84	6.778837
32.86	6.753115
32.88	6.727261
32.9	6.675156
32.92	6.648905
32.94	6.622524
32.96	6.596011
32.98	6.569369
33	6.542638
33.02	6.515883
33.04	6.488913
33.06	6.461809
33.08	6.434605
33.1	6.379827
33.12	6.352245
33.14	6.324533
33.16	6.296696
33.18	6.268729
33.2	6.240636
33.22	6.212414
33.24	6.184068
33.26	6.126994
33.28	6.098268
33.3	6.069417
33.32	6.040441
33.34	6.011341
33.36	5.982116
33.38	5.877371
33.4	5.808093
33.42	5.754625
33.44	5.713562
33.46	5.678792
33.48	5.790374
33.5	5.972133
33.52	5.928405
33.54	5.672238
33.56	5.877222
33.58	5.60442
33.6	5.818774
33.62	5.531084
33.64	5.753372
33.66	5.544788
33.68	5.336563
33.7	5.448614
33.72	5.243841
33.74	5.148392
33.76	5.243831
33.78	5.051247
33.8	5.137058
33.82	4.953663
33.84	5.399793
33.86	4.857152
33.88	5.268793
33.9	4.763501
33.92	5.135918
33.94	4.70007
33.96	5.106217
33.98	4.663202
34	5.073483
34.02	4.624361
34.04	4.693592
34.06	4.61337
34.08	4.648582
34.1	4.567881
34.12	4.600401
34.14	4.519965
34.16	4.549355
34.18	4.475068
34.2	4.458143
34.22	4.426407
34.24	4.411157
34.26	4.396255
34.28	4.381976
34.3	4.367964
34.32	4.354289
34.34	4.340971
34.36	4.315442
34.38	4.303222
34.4	4.291379
34.42	4.2799
34.44	4.268789
34.46	4.25806
34.48	4.237705
34.5	4.228099
34.52	4.218863
34.54	4.210002
34.56	4.201531
34.58	4.193433
34.6	4.185715
34.62	4.178389
34.64	4.17144
34.66	4.158708
34.68	4.152928
34.7	4.147528
34.72	4.14253
34.74	4.137911
34.76	4.133695
34.78	4.129865
34.8	4.126441
34.82	4.123401
34.84	4.120769
34.86	4.118526
34.88	4.115253
34.9	4.114223
34.92	4.113587
34.94	4.113354
34.96	4.113553
34.98	4.114171
35	4.115157
35.02	4.118368
35.04	4.120589
35.06	4.123189
35.08	4.126199
35.1	4.129625
35.12	4.133478
35.14	4.13808
35.16	4.142982
35.18	4.14827
35.2	4.153909
35.22	4.159943
35.24	4.173135
35.26	4.180313
35.28	4.187861
35.3	4.204095
35.32	4.212771
35.34	4.221819
35.36	4.231251
35.38	4.241044
35.4	4.251204
35.42	4.261744
35.44	4.272641
35.46	4.283902
35.48	4.295537
35.5	4.307526
35.52	4.319875
35.54	4.332614
35.56	4.359073
35.58	4.372835
35.6	4.386957
35.62	4.401449
35.64	4.4163
35.66	4.431503
35.68	4.447031
35.7	4.462915
35.72	4.495669
35.74	4.696252
35.76	4.529969
35.78	4.730047
35.8	4.565608
35.82	4.601092
35.84	4.636054
35.86	4.633402
35.88	4.669096
35.9	4.671932
35.92	4.707969
35.94	4.711357
35.96	4.747725
35.98	4.788387
36	4.85607
36.02	4.925395
36.04	4.995765
36.06	5.066628
36.08	5.137468
36.1	5.207813
36.12	5.277225
36.14	5.411673
36.16	5.475998
36.18	5.170929
36.2	4.996298
36.22	5.016409
36.24	5.297252
36.26	5.056502
36.28	5.371476
36.3	5.099471
36.32	5.413278
36.34	5.142685
36.36	5.454906
36.38	5.461692
36.4	5.467644
36.42	5.477291
36.44	5.481134
36.46	5.484434
36.48	5.487286
36.5	5.48979
36.52	5.492059
36.54	5.494212
36.56	5.39285
36.58	5.552839
36.6	5.486799
36.62	5.698133
36.64	5.527655
36.66	5.748999
36.68	5.56627
36.7	5.604317
36.72	5.825956
36.74	5.833619
36.76	5.840869
36.78	5.847817
36.8	5.854576
36.82	5.861269
36.84	5.868027
36.86	5.874985
36.88	5.882289
36.9	5.89009
36.92	6.348806
36.94	6.347315
36.96	6.345673
36.98	6.344026
37	6.342529
37.02	6.341344
37.04	6.340589
37.06	6.341379
37.08	6.343198
37.1	6.346243
37.12	6.350718
37.14	6.35683
37.16	6.364795
37.18	6.37483
37.2	6.387158
37.22	6.417757
37.24	6.455081
37.26	6.485984
37.28	6.515841
37.3	6.545584
37.32	6.575521
37.34	6.605715
37.36	6.666891
37.38	6.697883
37.4	6.72916
37.42	6.760711
37.44	6.792556
37.46	6.824683
37.48	6.857113
37.5	6.890034
37.52	6.923298
37.54	6.990896
37.56	7.025235
37.58	7.05993
37.6	7.094995
37.62	7.130421
37.64	7.166223
37.66	7.202392
37.68	7.238942
37.7	7.275864
37.72	7.313173
37.74	7.350858
37.76	7.388935
37.78	7.427393
37.8	7.505499
37.82	7.545145
37.84	7.585182
37.86	7.625626
37.88	7.666473
37.9	7.707726
37.92	7.749385
37.94	7.791456
37.96	7.833938
37.98	7.876834
38	7.920147
38.02	7.963879
38.04	8.008031
38.06	8.052607
38.08	8.143035
38.1	8.188891
38.12	8.235179
38.14	8.281899
38.16	8.329055
38.18	8.376647
38.2	8.424678
38.22	8.473148
38.24	8.522061
38.26	8.621487
38.28	8.671973
38.3	8.722919
38.32	8.77433
38.34	8.768063
38.36	8.761544
38.38	8.755357
38.4	8.749178
38.42	8.743008
38.44	8.736848
38.46	8.730708
38.48	8.725141
38.5	8.726081
38.52	8.72725
38.54	8.728802
38.56	8.729098
38.58	8.727278
38.6	8.725072
38.62	8.722889
38.64	8.720548
38.66	8.718421
38.68	8.714024
38.7	8.712008
38.72	8.709996
38.74	8.707833
38.76	8.705936
38.78	8.704045
38.8	8.702
38.82	8.700229
38.84	8.698462
38.86	8.696542
38.88	8.694901
38.9	8.691476
38.92	8.690155
38.94	8.688815
38.96	8.687497
38.98	8.686298
39	8.685056
39.02	8.683967
39.04	8.682887
39.06	8.681988
39.08	8.680818
39.1	8.679873
39.12	8.678153
39.14	8.677415
39.16	8.676745
39.18	8.67592
39.2	8.675349
39.22	8.674805
39.24	8.674123
39.26	8.673704
39.28	8.673299
39.3	8.672754
39.32	8.672475
39.34	8.672208
39.36	8.671803
39.38	8.671661
39.4	8.671264
39.42	8.671257
39.44	8.671263
39.46	8.67113
39.48	8.671257
39.5	8.671395
39.52	8.671398
39.54	8.671656
39.56	8.672056
39.58	8.672382
39.6	8.673342
39.62	8.673824
39.64	8.674366
39.66	8.675007
39.68	8.675599
39.7	8.676244
39.72	8.676984
39.74	8.677674
39.76	8.678414
39.78	8.679244
39.8	8.68085
39.82	8.681764
39.84	8.682625
39.86	8.68353
39.88	8.684519
39.9	8.685455
39.92	8.686431
39.94	8.687489
39.96	8.68849
39.98	8.68953
40	8.690588
40.02	8.69173
40.04	8.693008
40.06	8.695103
40.08	8.696433
40.1	8.697422
40.12	8.698554
40.14	8.699071
40.16	8.698597
40.18	8.696978
40.2	8.689725
40.22	8.675312
40.24	8.674438
40.26	8.676347
40.28	8.678957
40.3	8.68187
40.32	8.685005
40.34	8.688199
40.36	8.69158
40.38	8.695148
40.4	8.6989
40.42	8.70405
40.44	8.704857
40.46	8.705244
40.48	8.705552
40.5	8.705815
40.52	8.706063
40.54	8.706193
40.56	8.706135
40.58	8.707978
40.6	8.705893
40.62	8.748602
40.64	8.766184
40.66	8.784112
40.68	8.801904
40.7	8.816415
40.72	8.899259
40.74	8.914635
40.76	9.013343
40.78	8.988373
40.8	9.042712
40.82	9.012855
40.84	9.067655
40.86	9.032664
40.88	9.047343
40.9	9.102365
40.92	9.056511
40.94	9.111384
40.96	9.174324
40.98	9.237814
41	9.301865
41.02	9.431733
41.04	9.497619
41.06	9.5642
41.08	9.631534
41.1	9.699686
41.12	9.768732
41.14	9.392218
41.16	9.079638
41.18	8.731371
41.2	8.677359
41.22	8.721378
41.24	8.736847
41.26	8.744475
41.28	8.745998
41.3	8.746398
41.32	8.746367
41.34	8.746206
41.36	8.74599
41.38	8.745732
41.4	8.74544
41.42	8.745111
41.44	8.744748
41.46	8.743928
41.48	8.743474
41.5	8.742993
41.52	8.742271
41.54	8.74156
41.56	8.740915
41.58	8.740255
41.6	8.739568
41.62	8.738915
41.64	8.737414
41.66	8.736541
41.68	8.735681
41.7	8.734806
41.72	8.733898
41.74	8.732965
41.76	8.732022
41.78	8.731036
41.8	8.730019
41.82	8.728971
41.84	8.727921
41.86	8.726838
41.88	8.72472
41.9	8.72356
41.92	8.722308
41.94	8.721093
41.96	8.738788
41.98	8.757053
42	8.793245
42.02	8.810654
42.04	8.747137
42.06	8.703312
42.08	8.691657
42.1	8.686472
42.12	8.683432
42.14	8.681603
42.16	8.680942
42.18	8.719107
42.2	8.726862
42.22	8.691914
42.24	8.721639
42.26	8.689097
42.28	8.718661
42.3	8.686563
42.32	8.716062
42.34	8.684234
42.36	8.7137
42.38	8.682009
42.4	8.71147
42.42	8.727197
42.44	8.73428
42.46	8.740842
42.48	8.746824
42.5	8.752147
42.52	8.756763
42.54	8.760626
42.56	8.763321
42.58	8.672195
42.6	8.615112
42.62	8.651081
42.64	8.645279
42.66	8.654544
42.68	8.654357
42.7	8.652173
42.72	8.649517
42.74	8.646725
42.76	8.643908
42.78	8.641021
42.8	8.638082
42.82	8.632131
42.84	8.629075
42.86	8.626019
42.88	8.622904
42.9	8.619743
42.92	8.616588
42.94	8.613376
42.96	8.610123
42.98	8.606878
43	8.600247
43.02	8.596928
43.04	8.593558
43.06	8.590158
43.08	8.586795
43.1	8.583462
43.12	8.580044
43.14	8.576649
43.16	8.573164
43.18	8.569674
43.2	8.566165
43.22	8.562717
43.24	8.559193
43.26	8.556023
43.28	8.549206
43.3	8.545746
43.32	8.542261
43.34	8.538765
43.36	8.535245
43.38	8.531713
43.4	8.52816
43.42	8.524596
43.44	8.521009
43.46	8.517413
43.48	8.513795
43.5	8.510168
43.52	8.502931
43.54	8.499228
43.56	8.495596
43.58	8.491891
43.6	8.48818
43.62	8.484447
43.64	8.480709
43.66	8.476952
43.68	8.473186
43.7	8.465612
43.72	8.461804
43.74	8.45799
43.76	8.45449
43.78	8.450773
43.8	8.446973
43.82	8.443129
43.84	8.439236
43.86	8.435303
43.88	8.43132
43.9	8.427296
43.92	8.423221
43.94	8.419101
43.96	8.41071
43.98	8.406436
44	8.402115
44.02	8.397736
44.04	8.393332
44.06	8.388844
44.08	8.384329
44.1	8.3751
44.12	8.370393
44.14	8.365618
44.16	8.360809
44.18	8.355922
44.2	8.350964
44.22	8.34597
44.24	8.340894
44.26	8.335745
44.28	8.330557
44.3	8.325285
44.32	8.320098
44.34	8.314736
44.36	8.309232
44.38	8.297877
44.4	8.292019
44.42	8.286034
44.44	8.279945
44.46	8.273721
44.48	8.267364
44.5	8.260897
44.52	8.25429
44.54	8.247545
44.56	8.240685
44.58	8.23775
44.6	8.234372
44.62	8.23499
44.64	8.234097
44.66	8.232317
44.68	8.229592
44.7	8.204912
44.72	8.200088
44.74	8.180845
44.76	8.179907
44.78	8.164342
44.8	8.187588
44.82	8.243809
44.84	8.276151
44.86	8.310901
44.88	8.347763
44.9	8.386447
44.92	8.426677
44.94	8.468181
44.96	8.5107
44.98	8.302382
45	8.132926
45.02	8.019822
45.04	8.02128
45.06	8.017159
45.08	8.005562
45.1	7.999271
45.12	7.99275
45.14	7.986013
45.16	7.979052
45.18	7.971877
45.2	7.964486
45.22	7.956871
45.24	7.949038
45.26	7.940979
45.28	7.932702
45.3	7.924205
45.32	7.906539
45.34	7.897367
45.36	7.887975
45.38	7.878359
45.4	7.868516
45.42	7.858449
45.44	7.848154
45.46	7.837635
45.48	7.82689
45.5	7.815917
45.52	7.80472
45.54	7.793292
45.56	7.769759
45.58	7.75765
45.6	7.745315
45.62	7.732749
45.64	7.720015
45.66	7.707022
45.68	7.693841
45.7	7.680395
45.72	7.666742
45.74	7.652866
45.76	7.638763
45.78	7.639689
45.8	7.653098
45.82	7.664355
45.84	7.673173
45.86	7.733513
45.88	7.743733
45.9	7.675366
45.92	7.609955
45.94	7.529753
45.96	7.487095
45.98	7.451261
46	7.422554
46.02	7.416499
46.04	7.358785
46.06	7.383765
46.08	7.377321
46.1	7.379775
46.12	7.371595
46.14	7.374372
46.16	7.363971
46.18	7.366583
46.2	7.353522
46.22	7.339415
46.24	7.340436
46.26	7.33475
46.28	7.328516
46.3	7.321708
46.32	7.314311
46.34	7.306312
46.36	7.297709
46.38	7.278708
46.4	7.26834
46.42	7.257422
46.44	7.036509
46.46	6.853942
46.48	6.727137
46.5	6.720377
46.52	6.704772
46.54	6.687383
46.56	6.669705
46.58	6.652046
46.6	6.617
46.62	6.599632
46.64	6.582825
46.66	6.566015
46.68	6.549337
46.7	6.532819
46.72	6.51647
46.74	6.500292
46.76	6.468459
46.78	6.452807
46.8	6.437336
46.82	6.422047
46.84	6.406941
46.86	6.392023
46.88	6.377294
46.9	6.362756
46.92	6.348412
46.94	6.334263
46.96	6.320313
46.98	6.306565
47	6.293019
47.02	6.27968
47.04	6.253629
47.06	6.240922
47.08	6.228432
47.1	6.216161
47.12	6.204112
47.14	6.192286
47.16	6.180687
47.18	6.169318
47.2	6.158862
47.22	6.148365
47.24	6.128075
47.26	6.118327
47.28	6.10885
47.3	6.099647
47.32	6.090716
47.34	6.082061
47.36	6.07368
47.38	6.065577
47.4	6.057749
47.42	6.050201
47.44	6.042931
47.46	6.03594
47.48	6.029551
47.5	6.023047
47.52	6.016959
47.54	6.005684
47.56	6.000473
47.58	5.995717
47.6	6.008395
47.62	6.005738
47.64	6.001867
47.66	5.998187
47.68	6.009609
47.7	6.008135
47.72	6.005236
47.74	6.002232
47.76	5.999132
47.78	6.179393
47.8	6.168234
47.82	6.161041
47.84	6.152802
47.86	6.143551
47.88	6.133327
47.9	6.122175
47.92	6.110151
47.94	6.097316
47.96	6.083739
47.98	6.069499
48	6.039378
48.02	6.023693
48.04	6.007738
48.06	5.991632
48.08	6.163787
48.1	6.138847
48.12	6.113591
48.14	6.088166
48.16	6.062727
48.18	6.037443
48.2	6.01249
48.22	5.988056
48.24	5.976353
48.26	5.989279
48.28	5.999474
48.3	6.019087
48.32	6.032672
48.34	6.045177
48.36	6.056327
48.38	6.065861
48.4	6.07353
48.42	6.079102
48.44	6.08307
48.46	6.087223
48.48	6.089346
48.5	6.0893
48.52	6.146824
48.54	6.144004
48.56	6.202112
48.58	6.196027
48.6	6.254205
48.62	6.244435
48.64	6.302249
48.66	6.180439
48.68	6.078973
48.7	5.999774
48.72	5.985862
48.74	5.988732
48.76	5.990608
48.78	5.991482
48.8	5.991358
48.82	5.990244
48.84	5.989337
48.86	5.989802
48.88	5.990435
48.9	5.990982
48.92	5.991625
48.94	5.991729
48.96	5.991662
48.98	5.991451
49	5.991066
49.02	5.990545
49.04	5.989848
49.06	5.989004
49.08	5.987983
49.1	5.98682
49.12	5.985477
49.14	5.98231
49.16	5.98049
49.18	5.978488
49.2	5.976331
49.22	5.97399
49.24	5.9715
49.26	5.968824
49.28	5.96599
49.3	5.959794
49.32	5.956431
49.34	5.952907
49.36	5.949193
49.38	5.945322
49.4	5.941261
49.42	5.937035
49.44	5.932617
49.46	5.928039
49.48	5.923268
49.5	5.918329
49.52	5.913197
49.54	5.9079
49.56	5.896747
49.58	5.89089
49.6	5.884865
49.62	5.878645
49.64	5.87225
49.66	5.865659
49.68	5.858897
49.7	5.851939
49.72	5.844804
49.74	5.82997
49.76	5.822264
49.78	5.81438
49.8	5.80639
49.82	5.798182
49.84	5.780972
49.86	5.772056
49.88	5.762889
49.9	5.75349
49.92	5.743839
49.94	5.733958
49.96	5.723822
49.98	5.71345
50	5.702823
50.02	5.69196
50.04	5.669481
50.06	5.657863
50.08	5.646005
50.1	5.633889
50.12	5.621529
50.14	5.608908
50.16	5.596044
50.18	5.58292
50.2	5.569547
50.22	5.555914
50.24	5.527891
50.26	5.513497
50.28	5.498843
50.3	5.483937
50.32	5.46877
50.34	5.453349
50.36	5.437666
50.38	5.42173
50.4	5.405531
50.42	5.389078
50.44	5.372365
50.46	5.355392
50.48	5.338161
50.5	5.320671
50.52	5.284912
50.54	5.266644
50.56	5.248116
50.58	5.229331
50.6	5.210285
50.62	5.190981
50.64	5.17142
50.66	5.151597
50.68	5.131519
50.7	5.111183
50.72	5.037412
50.74	4.981743
50.76	4.886312
50.78	4.843876
50.8	4.812695
50.82	4.774504
50.84	4.870619
50.86	4.999872
50.88	5.158711
50.9	5.343475
50.92	5.7767
50.94	6.018774
50.96	5.978714
50.98	6.231027
51	6.185296
51.02	6.13694
51.04	6.085986
51.06	6.032468
51.08	5.976424
51.1	5.14695
51.12	4.484022
51.14	4.44917
51.16	4.188898
51.18	4.701671
51.2	4.482314
51.22	4.619041
51.24	4.435603
51.26	4.567907
51.28	4.383572
51.3	4.510483
51.32	4.326566
51.34	4.44713
51.36	4.265102
51.38	3.92473
51.4	3.98707
51.42	3.990792
51.44	3.980896
51.46	3.968362
51.48	3.955684
51.5	3.943305
51.52	3.9313
51.54	3.919711
51.56	3.908534
51.58	3.897794
51.6	3.877603
51.62	3.868152
51.64	3.859178
51.66	3.850885
51.68	3.842632
51.7	3.835102
51.72	3.829101
51.74	3.823149
51.76	3.817613
51.78	3.812588
51.8	3.80411
51.82	3.800671
51.84	3.797784
51.86	3.795437
51.88	3.793718
51.9	3.792556
51.92	3.791774
51.94	3.791687
51.96	3.792246
51.98	3.794913
52	3.797116
52.02	3.799913
52.04	3.803292
52.06	3.807273
52.08	3.811842
52.1	3.817018
52.12	3.823705
52.14	3.830617
52.16	3.83802
52.18	3.845986
52.2	3.854507
52.22	3.863599
52.24	3.873245
52.26	3.894217
52.28	3.905679
52.3	3.917377
52.32	3.929748
52.34	3.942677
52.36	3.956157
52.38	3.970167
52.4	3.984716
52.42	3.999787
52.44	4.031506
52.46	4.048146
52.48	4.065815
52.5	4.083837
52.52	4.102269
52.54	4.121137
52.56	4.140421
52.58	4.160131
52.6	4.180246
52.62	4.200746
52.64	4.221645
52.66	4.242855
52.68	4.264436
52.7	4.286338
52.72	4.331187
52.74	4.354157
52.76	4.377477
52.78	4.40115
52.8	4.425159
52.82	4.44951
52.84	4.474185
52.86	4.499191
52.88	4.524842
52.9	4.576694
52.92	4.602944
52.94	4.629399
52.96	4.656064
52.98	4.682921
53	4.709977
53.02	4.737214
53.04	4.764637
53.06	4.792233
53.08	4.820003
53.1	4.847935
53.12	4.876033
53.14	4.904284
53.16	4.932692
53.18	4.989945
53.2	5.018783
53.22	5.04776
53.24	5.076868
53.26	5.106109
53.28	5.135474
53.3	5.164966
53.32	5.194704
53.34	5.224498
53.36	5.254236
53.38	5.283994
53.4	5.313766
53.42	5.686071
53.44	5.37324
53.46	5.432847
53.48	5.800176
53.5	5.492494
53.52	5.857409
53.54	5.552153
53.56	5.914659
53.58	5.611812
53.6	5.7081
53.62	5.804702
53.64	5.905162
53.66	6.02352
53.68	6.046688
53.7	6.068861
53.72	6.090096
53.74	6.130004
53.76	6.148818
53.78	6.166979
53.8	6.184573
53.82	6.201693
53.84	6.218438
53.86	6.234915
53.88	6.251236
53.9	6.267519
53.92	6.283887
53.94	6.317409
53.96	6.334841
53.98	6.362075
54	6.390418
54.02	6.417006
54.04	6.443139
54.06	6.46908
54.08	6.494902
54.1	6.520604
54.12	6.571705
54.14	6.597114
54.16	6.622424
54.18	6.647657
54.2	6.672801
54.22	6.69788
54.24	6.722879
54.26	6.747825
54.28	6.772701
54.3	6.797536
54.32	6.847062
54.34	6.871765
54.36	6.896451
54.38	6.921104
54.4	6.945755
54.42	6.970385
54.44	6.995026
54.46	7.019658
54.48	7.044317
54.5	7.068981
54.52	7.093686
54.54	7.118409
54.56	7.143189
54.58	7.192887
54.6	7.21814
54.62	7.243482
54.64	7.26898
54.66	7.294623
54.68	7.320444
54.7	7.346424
54.72	7.372594
54.74	7.398935
54.76	7.452207
54.78	7.479149
54.8	7.506287
54.82	7.533652
54.84	7.561225
54.86	7.589039
54.88	7.617071
54.9	7.645358
54.92	7.673875
54.94	7.702659
54.96	7.731701
54.98	7.761007
55	7.820437
55.02	7.850574
55.04	7.881
55.06	7.91172
55.08	7.942742
55.1	7.974072
55.12	8.005715
55.14	8.037679
55.16	8.102588
55.18	8.135905
55.2	8.169569
55.22	8.203621
55.24	8.238074
55.26	8.272933
55.28	8.343883
55.3	8.37998
55.32	8.416496
55.34	8.453435
55.36	8.4908
55.38	8.528593
55.4	8.566818
55.42	8.605478
55.44	8.644575
55.46	8.684113
55.48	8.764519
55.5	8.805393
55.52	8.846719
55.54	8.888497
55.56	8.930733
55.58	8.920685
55.6	8.906467
55.62	8.896321
55.64	8.886093
55.66	8.875786
55.68	8.865406
55.7	8.853498
55.72	8.848737
55.74	8.844301
55.76	8.840275
55.78	8.836556
55.8	8.832016
55.82	8.82629
55.84	8.820534
55.86	8.814764
55.88	8.803432
55.9	8.797873
55.92	8.792417
55.94	8.787025
55.96	8.781739
55.98	8.776475
56	8.771713
56.02	8.766971
56.04	8.762381
56.06	8.757817
56.08	8.753428
56.1	8.749074
56.12	8.744842
56.14	8.736805
56.16	8.732908
56.18	8.729155
56.2	8.725512
56.22	8.721958
56.24	8.718533
56.26	8.715192
56.28	8.711983
56.3	8.70886
56.32	8.705868
56.34	8.700188
56.36	8.697501
56.38	8.694944
56.4	8.692475
56.42	8.690336
56.44	8.688457
56.46	8.686583
56.48	8.684858
56.5	8.683198
56.52	8.680279
56.54	8.679018
56.56	8.67796
56.58	8.676713
56.6	8.675646
56.62	8.674796
56.64	8.673986
56.66	8.672704
56.68	8.672235
56.7	8.671801
56.72	8.671521
56.74	8.671274
56.76	8.67118
56.78	8.671117
56.8	8.671202
56.82	8.671318
56.84	8.671579
56.86	8.671993
56.88	8.672688
56.9	8.673393
56.92	8.674195
56.94	8.675943
56.96	8.676894
56.98	8.677968
57	8.679054
57.02	8.680257
57.04	8.68147
57.06	8.682794
57.08	8.68574
57.1	8.687022
57.12	8.688603
57.14	8.690072
57.16	8.691674
57.18	8.693487
57.2	8.695382
57.22	8.696818
57.24	8.69857
57.26	8.700373
57.28	8.702207
57.3	8.703995
57.32	8.707902
57.34	8.709898
57.36	8.711856
57.38	8.713847
57.4	8.715843
57.42	8.718115
57.44	8.720432
57.46	8.722625
57.48	8.724948
57.5	8.727055
57.52	8.731431
57.54	8.733508
57.56	8.735579
57.58	8.737806
57.6	8.739851
57.62	8.741883
57.64	8.744047
57.66	8.746044
57.68	8.747999
57.7	8.767312
57.72	8.766517
57.74	8.766484
57.76	8.766168
57.78	8.76408
57.8	8.76231
57.82	8.762518
57.84	8.771274
57.86	8.777473
57.88	8.782615
57.9	8.78687
57.92	8.788046
57.94	8.785891
57.96	8.780231
57.98	8.740648
58	8.700385
58.02	8.684763
58.04	8.679814
58.06	8.663917
58.08	8.666596
58.1	8.653784
58.12	8.651659
58.14	8.643328
58.16	8.644511
58.18	8.640967
58.2	8.636178
58.22	8.630843
58.24	8.625107
58.26	8.618931
58.28	8.612389
58.3	8.605476
58.32	8.590416
58.34	8.582328
58.36	8.595462
58.38	8.609166
58.4	8.589817
58.42	8.603094
58.44	8.589417
58.46	8.574666
58.48	8.558867
58.5	8.524266
58.52	8.505546
58.54	8.485942
58.56	8.46551
58.58	8.444312
58.6	8.422413
58.62	8.399885
58.64	8.38807
58.66	8.362042
58.68	8.341444
58.7	8.390657
58.72	8.450065
58.74	8.633453
58.76	8.72541
58.78	8.873559
58.8	8.98488
58.82	9.161901
58.84	9.288981
58.86	9.49027
58.88	9.337598
58.9	9.042522
58.92	8.901263
58.94	8.765015
58.96	8.634444
58.98	8.510253
59	8.393176
59.02	8.283978
59.04	8.183451
59.06	8.039458
59.08	7.958013
59.1	7.953245
59.12	8.086391
59.14	7.957029
59.16	7.958624
59.18	8.136678
59.2	7.952103
59.22	8.125852
59.24	8.05961
59.26	8.005798
59.28	8.046126
59.3	7.992999
59.32	8.030692
59.34	7.978845
59.36	8.013794
59.38	7.963874
59.4	7.996013
59.42	7.948724
59.44	7.934129
59.46	8.049096
59.48	7.920922
59.5	8.024241
59.52	7.910034
59.54	8.000877
59.56	7.912281
59.58	7.939332
59.6	7.945805
59.62	7.952399
59.64	7.958851
59.66	7.965842
59.68	7.972775
59.7	7.980265
59.72	7.988051
59.74	7.99624
59.76	8.00477
59.78	8.013661
59.8	8.022895
59.82	8.042443
59.84	8.052938
59.86	8.06355
59.88	8.074592
59.9	8.086487
59.92	8.098598
59.94	8.11106
59.96	8.137075
59.98	8.150637
60	8.164581
60.02	8.193583
60.04	8.20864
60.06	8.224085
60.08	8.239896
60.1	8.256094
60.12	8.27266
60.14	8.289616
60.16	8.306882
60.18	8.342613
60.2	8.361086
60.22	8.379862
60.24	8.399098
60.26	8.418706
60.28	8.438679
60.3	8.458975
60.32	8.479739
60.34	8.500877
60.36	8.522961
60.38	8.545179
60.4	8.590628
60.42	8.613897
60.44	8.637522
60.46	8.661517
60.48	8.685863
60.5	8.710578
60.52	8.728684
60.54	8.731168
60.56	8.733789
60.58	8.736611
60.6	8.739423
60.62	8.742367
60.64	8.745174
60.66	8.748105
60.68	8.751102
60.7	8.754127
60.72	8.757215
60.74	8.760441
60.76	8.763537
60.78	8.770029
60.8	8.773331
60.82	8.776694
60.84	8.780195
60.86	8.783565
60.88	8.787295
60.9	8.791034
60.92	8.794694
60.94	8.798415
60.96	8.805826
60.98	8.809573
61	8.81331
61.02	8.817082
61.04	8.820969
61.06	8.824677
61.08	8.828468
61.1	8.836105
61.12	8.83995
61.14	8.843903
61.16	8.847802
61.18	8.851542
61.2	8.855475
61.22	8.859386
61.24	8.863148
61.26	8.867091
61.28	8.874783
61.3	8.878727
61.32	8.882647
61.34	8.886424
61.36	8.890363
61.38	8.894276
61.4	8.89805
61.42	8.901976
61.44	8.905874
61.46	8.913546
61.48	8.917424
61.5	8.921172
61.52	8.92496
61.54	8.928786
61.56	8.932785
61.58	8.936638
61.6	8.940425
61.62	8.944153
61.64	8.975721
61.66	8.977018
61.68	8.978364
61.7	8.979315
61.72	8.979812
61.74	8.979862
61.76	8.9795
61.78	8.978758
61.8	8.971265
61.82	8.967999
61.84	8.996175
61.86	8.97648
61.88	9.005636
61.9	9.012109
61.92	8.988493
61.94	8.993374
61.96	8.996291
61.98	8.998324
62	9.000811
62.02	9.003303
62.04	9.008101
62.06	9.010454
62.08	9.012703
62.1	9.014912
62.12	9.016945
62.14	9.01897
62.16	9.020933
62.18	9.024696
62.2	9.02649
62.22	9.02813
62.24	9.029739
62.26	9.031285
62.28	9.032768
62.3	9.034174
62.32	9.035503
62.34	9.036757
62.36	9.037929
62.38	9.039076
62.4	9.040129
62.42	9.041104
62.44	9.042008
62.46	9.043601
62.48	9.044289
62.5	9.044903
62.52	9.045442
62.54	9.045899
62.56	9.046193
62.58	9.046441
62.6	9.046659
62.62	9.078978
62.64	9.105643
62.66	9.131886
62.68	9.256222
62.7	9.401917
62.72	10.14176
62.74	10.82327
62.76	10.10303
62.78	10.77602
62.8	10.05552
62.82	10.71916
62.84	9.999476
62.86	9.805758
62.88	9.488097
62.9	9.343526
62.92	9.023637
62.94	8.894177
62.96	8.910776
62.98	8.908046
63	8.900045
63.02	8.89062
63.04	8.880576
63.06	8.87008
63.08	8.859163
63.1	8.904524
63.12	8.905177
63.14	8.961047
63.16	9.029297
63.18	9.033919
63.2	9.107005
63.22	9.000855
63.24	9.036687
63.26	8.929533
63.28	8.962415
63.3	8.854635
63.32	8.884981
63.34	8.805285
63.36	8.773468
63.38	8.740767
63.4	8.707268
63.42	8.673059
63.44	8.638238
63.46	8.602909
63.48	8.567184
63.5	8.53118
63.52	8.458849
63.54	8.440037
63.56	8.422999
63.58	8.403003
63.6	8.382158
63.62	8.360904
63.64	8.339324
63.66	8.317443
63.68	8.295265
63.7	8.272799
63.72	8.250044
63.74	8.227009
63.76	8.203693
63.78	8.180106
63.8	8.156248
63.82	8.107745
63.84	8.083108
63.86	8.058221
63.88	8.03309
63.9	8.007717
63.92	7.982112
63.94	7.930546
63.96	7.904617
63.98	7.878502
64	7.852207
64.02	7.825738
64.04	7.799098
64.06	7.772294
64.08	7.745328
64.1	7.718209
64.12	7.663524
64.14	7.635969
64.16	7.608288
64.18	7.580469
64.2	7.552582
64.22	7.524478
64.24	7.496299
64.26	7.468022
64.28	7.439649
64.3	7.38332
64.32	7.355162
64.34	7.326901
64.36	7.298573
64.38	7.270196
64.4	7.241771
64.42	7.213439
64.44	7.184983
64.46	7.156451
64.48	7.127915
64.5	7.099384
64.52	7.070843
64.54	7.042294
64.56	6.985193
64.58	6.956654
64.6	6.928131
64.62	6.900362
64.64	6.872394
64.66	6.84441
64.68	6.816449
64.7	6.788524
64.72	6.760639
64.74	6.7328
64.76	6.705009
64.78	6.649595
64.8	6.622143
64.82	6.595094
64.84	6.567843
64.86	6.540921
64.88	6.513821
64.9	6.486989
64.92	6.434138
64.94	6.407861
64.96	6.381658
64.98	6.355528
65	6.329473
65.02	6.303495
65.04	6.277597
65.06	6.251781
65.08	6.226051
65.1	6.200408
65.12	6.174856
65.14	6.149398
65.16	6.124035
65.18	6.098772
65.2	6.073612
65.22	6.048557
65.24	6.024018
65.26	5.975196
65.28	5.950888
65.3	5.926648
65.32	5.902475
65.34	5.878369
65.36	5.854331
65.38	5.83036
65.4	5.806459
65.42	5.758866
65.44	5.735175
65.46	5.711556
65.48	5.68801
65.5	5.664538
65.52	5.641141
65.54	5.617821
65.56	5.594533
65.58	5.57137
65.6	5.548777
65.62	5.526092
65.64	5.503395
65.66	5.45801
65.68	5.435322
65.7	5.412637
65.72	5.389954
65.74	5.36727
65.76	5.344585
65.78	5.321899
65.8	5.299212
65.82	5.276521
65.84	5.253828
65.86	5.231131
65.88	5.208432
65.9	5.18573
65.92	5.140316
65.94	5.117607
65.96	5.094897
65.98	5.072186
66	5.049478
66.02	5.02677
66.04	5.004066
66.06	4.981627
66.08	4.959059
66.1	4.936334
66.12	4.913559
66.14	4.890684
66.16	4.867708
66.18	4.844631
66.2	4.821452
66.22	4.77479
66.24	4.751308
66.26	4.727726
66.28	4.704047
66.3	4.68027
66.32	4.656399
66.34	4.632433
66.36	4.608378
66.38	4.584233
66.4	4.560004
66.42	4.511303
66.44	4.486838
66.46	4.462304
66.48	4.437703
66.5	4.413043
66.52	4.388327
66.54	4.363561
66.56	4.338753
66.58	4.313908
66.6	4.289034
66.62	4.264138
66.64	4.239228
66.66	4.189401
66.68	4.164503
66.7	4.139627
66.72	4.114784
66.74	4.089986
66.76	4.065244
66.78	4.04057
66.8	4.015977
66.82	3.991478
66.84	3.967088
66.86	3.918691
66.88	3.894716
66.9	3.870912
66.92	3.847296
66.94	3.823885
66.96	3.8007
66.98	3.777759
67	3.755082
67.02	3.732692
67.04	3.688855
67.06	3.667454
67.08	3.646431
67.1	3.62581
67.12	3.39615
67.14	3.216619
67.16	3.040515
67.18	2.863667
67.2	2.685667
67.22	2.541411
67.24	2.924953
67.26	2.960226
67.28	2.528604
67.3	2.948567
67.32	2.503298
67.34	2.928107
67.36	2.480099
67.38	2.908453
67.4	2.460505
67.42	2.891581
67.44	2.444853
67.46	2.877904
67.48	2.433239
67.5	2.4257
67.52	2.860451
67.54	2.422254
67.56	2.856716
67.58	2.422907
67.6	2.856321
67.62	2.427653
67.64	2.859269
67.66	2.436475
67.68	2.44294
67.7	2.870687
67.72	2.457716
67.74	2.881741
67.76	2.479273
67.78	2.50579
67.8	2.520272
67.82	2.535752
67.84	2.552227
67.86	2.569681
67.88	2.588097
67.9	2.607455
67.92	2.648921
67.94	2.67099
67.96	2.693926
67.98	2.717709
68	2.74232
68.02	2.767741
68.04	3.146311
68.06	3.164311
68.08	3.18084
68.1	3.195972
68.12	3.209789
68.14	3.233872
68.16	3.244361
68.18	3.253985
68.2	3.262884
68.22	3.271212
68.24	3.279134
68.26	3.286828
68.28	3.294483
68.3	3.302304
68.32	3.310503
68.34	3.328951
68.36	3.371821
68.38	3.413556
68.4	3.454164
68.42	3.494437
68.44	3.535727
68.46	3.577467
68.48	3.619533
68.5	3.661888
68.52	3.704513
68.54	3.790514
68.56	3.833864
68.58	3.877426
68.6	3.921374
68.62	3.965389
68.64	4.009898
68.66	4.054729
68.68	4.09973
68.7	4.144834
68.72	4.190023
68.74	4.280607
68.76	4.325981
68.78	4.371396
68.8	4.416843
68.82	4.462313
68.84	4.507798
68.86	4.553289
68.88	4.59878
68.9	4.644311
68.92	4.689954
68.94	4.735769
68.96	4.78156
68.98	4.827263
69	4.872859
69.02	4.96369
69.04	5.008911
69.06	5.053993
69.08	5.09893
69.1	5.143717
69.12	5.188347
69.14	5.232815
69.16	5.277115
69.18	5.365195
69.2	5.408957
69.22	5.45254
69.24	5.49648
69.26	5.539979
69.28	5.583169
69.3	5.626074
69.32	5.668695
69.34	5.71103
69.36	5.75307
69.38	5.794815
69.4	5.836259
69.42	5.918229
69.44	5.958749
69.46	5.998952
69.48	6.038837
69.5	6.0784
69.52	6.117638
69.54	6.156547
69.56	6.195126
69.58	6.233521
69.6	6.309105
69.62	6.346251
69.64	6.382969
69.66	6.419261
69.68	6.455119
69.7	6.490546
69.72	6.525534
69.74	6.560085
69.76	6.594193
69.78	6.661077
69.8	6.693851
69.82	6.726171
69.84	6.758042
69.86	6.789457
69.88	6.82042
69.9	6.880969
69.92	6.910553
69.94	6.939679
69.96	6.968338
69.98	6.996537
70	7.024268
70.02	7.051537
70.04	7.078249
70.06	7.130008
70.08	7.155055
70.1	7.17955
70.12	7.203485
70.14	7.22687
70.16	7.249693
70.18	7.271954
70.2	7.293661
70.22	7.314805
70.24	7.335385
70.26	7.355167
70.28	7.405743
70.3	7.395541
70.32	7.445298
70.34	7.454857
70.36	7.463451
70.38	7.484617
70.4	7.491244
70.42	7.510443
70.44	7.51533
70.46	7.532692
70.48	7.53611
70.5	7.551808
70.52	7.554073
70.54	7.61692
70.56	7.584273
70.58	7.597694
70.6	7.608957
70.62	7.619393
70.64	7.629281
70.66	7.638695
70.68	7.647626
70.7	7.664096
70.72	7.671618
70.74	7.678691
70.76	7.685287
70.78	7.691437
70.8	7.697115
70.82	7.702324
70.84	7.707096
70.86	7.711397
70.88	7.715265
70.9	7.718667
70.92	7.721608
70.94	7.726179
70.96	7.727815
70.98	7.728993
71	7.806525
71.02	7.902463
71.04	8.015677
71.06	8.14498
71.08	8.351787
71.1	8.585323
71.12	8.84281
71.14	9.121571
71.16	9.398395
71.18	9.37568
71.2	9.350994
71.22	9.324382
71.24	9.295895
71.26	9.265587
71.28	9.233519
71.3	9.164364
71.32	9.127421
71.34	9.089007
71.36	9.049209
71.38	9.008115
71.4	8.922447
71.42	8.878089
71.44	8.83287
71.46	8.786917
71.48	8.740363
71.5	8.693351
71.52	8.646029
71.54	8.551105
71.56	8.503848
71.58	8.456971
71.6	8.410671
71.62	8.365154
71.64	8.320636
71.66	8.277341
71.68	8.235505
71.7	8.195374
71.72	8.121249
71.74	8.087793
71.76	8.057114
71.78	8.005237
71.8	7.984635
71.82	7.998729
71.84	8.012526
71.86	8.026343
71.88	8.040197
71.9	8.054105
71.92	8.082184
71.94	8.09642
71.96	8.110839
71.98	8.126883
72	8.186179
72.02	8.255814
72.04	8.484273
72.06	8.648677
72.08	8.947883
72.1	8.864142
72.12	8.784001
72.14	8.636189
72.16	8.569393
72.18	8.507946
72.2	8.452312
72.22	8.402966
72.24	8.360388
72.26	8.32505
72.28	8.223838
72.3	8.20473
72.32	8.186296
72.34	8.172598
72.36	8.164579
72.38	8.161839
72.4	8.165183
72.42	8.174384
72.44	8.241439
72.46	8.295107
72.48	8.350233
72.5	8.406677
72.52	8.46431
72.54	8.523006
72.56	8.643147
72.58	8.704388
72.6	8.766286
72.62	8.777864
72.64	8.780102
72.66	8.780065
72.68	8.778633
72.7	8.775767
72.72	8.771434
72.74	8.765602
72.76	8.75825
72.78	8.749358
72.8	8.781445
72.82	8.777955
72.84	8.772249
72.86	8.765926
72.88	8.759375
72.9	8.75273
72.92	8.739534
72.94	8.733154
72.96	8.727038
72.98	8.6583
73	8.662512
73.02	8.664339
73.04	8.665935
73.06	8.667245
73.08	8.671639
73.1	8.674281
73.12	8.677155
73.14	8.680265
73.16	8.68361
73.18	8.687181
73.2	8.694971
73.22	8.699174
73.24	8.703574
73.26	8.708218
73.28	8.712989
73.3	8.717889
73.32	8.722955
73.34	8.73363
73.36	8.739064
73.38	8.74463
73.4	8.750225
73.42	8.755934
73.44	8.761657
73.46	8.767476
73.48	8.773294
73.5	8.77919
73.52	8.791008
73.54	8.796917
73.56	8.80287
73.58	8.808778
73.6	8.814713
73.62	8.820591
73.64	8.826384
73.66	8.83209
73.68	8.837657
73.7	8.843148
73.72	8.853737
73.74	8.858821
73.76	8.863797
73.78	8.868595
73.8	8.873269
73.82	8.877752
73.84	8.882096
73.86	8.886238
73.88	8.890226
73.9	8.894001
73.92	8.900991
73.94	8.904195
73.96	8.907164
73.98	8.910052
74	8.912623
74.02	8.914932
74.04	8.917133
74.06	8.919011
74.08	8.920615
74.1	8.92303
74.12	8.92373
74.14	8.924031
74.16	8.923974
74.18	8.92367
74.2	9.068649
74.22	9.245323
74.24	9.420997
74.26	9.615066
74.28	9.825995
74.3	10.05229
74.32	10.41352
74.34	10.67275
74.36	10.79929
74.38	11.07423
74.4	11.10652
74.42	10.94283
74.44	11.05358
74.46	10.88734
74.48	10.99385
74.5	10.82539
74.52	10.92772
74.54	10.85568
74.56	10.68403
74.58	10.22015
74.6	9.443782
74.62	8.927636
74.64	8.9476
74.66	8.915065
74.68	8.838786
74.7	8.776656
74.72	8.844647
74.74	8.813973
74.76	8.92113
74.78	8.882991
74.8	9.006644
74.82	8.934495
74.84	9.064337
74.86	9.079364
74.88	8.969546
74.9	9.142672
74.92	8.971706
74.94	9.153648
74.96	8.970675
74.98	9.160153
75	8.965967
75.02	9.15764
75.04	8.956506
75.06	9.149887
75.08	8.942629
75.1	9.089575
75.12	8.990672
75.14	9.067373
75.16	8.965199
75.18	9.039407
75.2	8.934323
75.22	9.005634
75.24	8.898043
75.26	8.966083
75.28	8.804489
75.3	8.920852
75.32	8.758444
75.34	8.707701
75.36	8.814128
75.38	8.652572
75.4	8.753221
75.42	8.593457
75.44	8.687811
75.46	8.482372
75.48	8.618411
75.5	8.419867
75.52	8.545625
75.54	8.355582
75.56	8.470163
75.58	8.392846
75.6	8.225062
75.62	8.314612
75.64	8.197041
75.66	8.214259
75.68	8.219706
75.7	8.222816
75.72	8.225323
75.74	8.229624
75.76	8.231486
75.78	8.233058
75.8	8.234504
75.82	8.235663
75.84	8.237456
75.86	8.238094
75.88	8.238454
75.9	8.2387
75.92	8.238672
75.94	8.238536
75.96	8.238129
75.98	8.237619
76	8.236843
76.02	8.235969
76.04	8.234832
76.06	8.233156
76.08	8.231555
76.1	8.227485
76.12	8.225111
76.14	8.222637
76.16	8.219897
76.18	8.217061
76.2	8.21396
76.22	8.210762
76.24	8.207304
76.26	8.203751
76.28	8.199937
76.3	8.191868
76.32	8.187614
76.34	8.183105
76.36	8.178507
76.38	8.173656
76.4	8.168719
76.42	8.163531
76.44	8.15274
76.46	8.146848
76.48	8.140758
76.5	8.134376
76.52	8.127881
76.54	8.12111
76.56	8.114227
76.58	8.10707
76.6	8.092256
76.62	8.084596
76.64	8.076661
76.66	8.068611
76.68	8.060287
76.7	8.043132
76.72	8.0343
76.74	8.025194
76.76	8.01597
76.78	8.006474
76.8	7.996858
76.82	7.98697
76.84	7.976964
76.86	7.966481
76.88	7.955739
76.9	7.944665
76.92	7.921854
76.94	7.910117
76.96	7.89806
76.98	7.885827
77	7.873272
77.02	7.860538
77.04	7.84748
77.06	7.834239
77.08	7.820673
77.1	7.806921
77.12	7.792842
77.14	7.778574
77.16	7.763978
77.18	7.74919
77.2	7.71876
77.22	7.703046
77.24	7.687283
77.26	7.671169
77.28	7.65488
77.3	7.63827
77.32	7.62146
77.34	7.586318
77.36	7.568185
77.38	7.549777
77.4	7.530972
77.42	7.511888
77.44	7.492404
77.46	7.472635
77.48	7.452464
77.5	7.432004
77.52	7.411138
77.54	7.389979
77.56	7.368412
77.58	7.324269
77.6	7.30169
77.62	7.278697
77.64	7.255399
77.66	7.231684
77.68	7.20766
77.7	7.183217
77.72	7.158462
77.74	7.133286
77.76	7.081879
77.78	7.055645
77.8	7.028987
77.82	7.002007
77.84	6.974602
77.86	6.946871
77.88	6.918714
77.9	6.890229
77.92	6.861316
77.94	6.802402
77.96	6.772399
77.98	6.741966
78	6.7112
78.02	6.680003
78.04	6.648471
78.06	6.584209
78.08	6.551478
78.1	6.518411
78.12	6.484911
78.14	6.451074
78.16	6.416804
78.18	6.382197
78.2	6.347157
78.22	6.31178
78.24	6.275971
78.26	6.203246
78.28	6.16633
78.3	6.128984
78.32	6.091302
78.34	6.05319
78.36	6.014743
78.38	5.975868
78.4	5.936659
78.42	5.897025
78.44	5.816668
78.46	5.775947
78.48	5.734805
78.5	5.693289
78.52	5.6514
78.54	5.60914
78.56	5.566512
78.58	5.523516
78.6	5.43643
78.62	5.392345
78.64	5.347902
78.66	5.303102
78.68	5.25795
78.7	5.212448
78.72	5.166599
78.74	5.073942
78.76	5.027075
78.78	4.979875
78.8	4.932348
78.82	4.884497
78.84	4.787847
78.86	4.739058
78.88	4.689967
78.9	4.64058
78.92	4.590904
78.94	4.540946
78.96	4.490715
78.98	4.440216
79	4.389458
79.02	4.380724
79.04	4.398827
79.06	4.429141
79.08	4.372093
79.1	4.313354
79.12	4.252946
79.14	4.1909
79.16	4.127259
79.18	4.062079
79.2	3.995428
79.22	3.927388
79.24	3.85806
79.26	3.71603
79.28	3.643625
79.3	3.570534
79.32	3.496968
79.34	3.448996
79.36	3.387823
79.38	3.327522
79.4	3.268135
79.42	3.174998
79.44	3.251853
79.46	3.07939
79.48	3.160807
79.5	2.98497
79.52	3.071017
79.54	2.892841
79.56	2.983774
79.58	2.803613
79.6	2.788943
79.62	2.775175
79.64	2.76203
79.66	2.749245
79.68	2.72375
79.7	2.710571
79.72	2.696815
79.74	2.682283
79.76	2.666786
79.78	2.572563
79.8	2.480336
79.82	2.390955
79.84	2.336658
79.86	2.293989
79.88	2.272856
79.9	2.253724
79.92	2.236794
79.94	2.261596
79.96	2.219512
79.98	2.267472
80	2.214016
80.02	2.26675
80.04	2.214584
80.06	2.271721
80.08	2.223623
80.1	2.241559
80.12	2.306705
80.14	2.267941
80.16	2.338514
80.18	2.305635
80.2	2.380397
80.22	2.351849
80.24	2.405937
80.26	2.486403
80.28	2.467493
80.3	2.550266
80.32	2.623149
80.34	2.695534
80.36	2.767089
80.38	2.837534
80.4	2.906628
80.42	2.974171
80.44	3.039991
80.46	3.103944
80.48	3.165912
80.5	3.225794
80.52	3.325022
80.54	3.374605
80.56	3.424308
80.58	3.474246
80.6	3.524545
80.62	3.575339
80.64	3.626766
80.66	3.678974
80.68	3.732115
80.7	3.570565
80.72	3.549321
80.74	3.588651
80.76	3.617333
80.78	3.645356
80.8	3.672704
80.82	3.699379
80.84	3.72539
80.86	3.750762
80.88	3.775527
80.9	3.80422
80.92	3.865778
80.94	3.897745
80.96	3.929922
80.98	3.962257
81	3.995066
81.02	4.028231
81.04	4.061827
81.06	4.095758
81.08	4.130098
81.1	4.164757
81.12	4.199804
81.14	4.235154
81.16	4.306882
81.18	4.343243
81.2	4.380121
81.22	4.417498
81.24	4.454735
81.26	4.492291
81.28	4.530279
81.3	4.56872
81.32	4.607075
81.34	4.684597
81.36	4.723753
81.38	4.763131
81.4	4.802677
81.42	4.842412
81.44	4.88231
81.46	4.922417
81.48	4.962684
81.5	5.003149
81.52	5.084569
81.54	5.125518
81.56	5.166645
81.58	5.207911
81.6	5.249344
81.62	5.290914
81.64	5.332642
81.66	5.374501
81.68	5.416513
81.7	5.500937
81.72	5.543346
81.74	5.585895
81.76	5.628567
81.78	5.671373
81.8	5.714301
81.82	5.757358
81.84	5.800535
81.86	5.843839
81.88	5.930807
81.9	5.974472
81.92	6.018255
81.94	6.06216
81.96	6.150323
81.98	6.194581
82	6.238959
82.02	6.283452
82.04	6.328068
82.06	6.372797
82.08	6.41765
82.1	6.462615
82.12	6.55291
82.14	6.598243
82.16	6.643686
82.18	6.689261
82.2	6.734947
82.22	6.780769
82.24	6.872771
82.26	6.918606
82.28	6.964492
82.3	7.01048
82.32	7.05654
82.34	7.148953
82.36	7.195313
82.38	7.241749
82.4	7.288307
82.42	7.334945
82.44	7.381711
82.46	7.428563
82.48	7.475547
82.5	7.522644
82.52	7.569855
82.54	7.617184
82.56	7.712206
82.58	7.760359
82.6	7.808668
82.62	7.857141
82.64	7.90578
82.66	7.954588
82.68	8.052719
82.7	8.102046
82.72	8.151551
82.74	8.201234
82.76	8.251099
82.78	8.301146
82.8	8.351378
82.82	8.401798
82.84	8.452408
82.86	8.554202
82.88	8.605391
82.9	8.656777
82.92	8.708364
82.94	8.760152
82.96	8.812143
82.98	8.807906
83	8.775293
83.02	8.771281
83.04	8.770389
83.06	8.769063
83.08	8.767177
83.1	8.764718
83.12	8.761697
83.14	8.754039
83.16	8.750688
83.18	8.747343
83.2	8.75974
83.22	8.768341
83.24	8.775786
83.26	8.78176
83.28	8.784188
83.3	8.782835
83.32	8.777472
83.34	8.767881
83.36	8.753855
83.38	8.600867
83.4	8.596601
83.42	8.600546
83.44	8.584226
83.46	8.579557
83.48	8.567301
83.5	8.557137
83.52	8.586475
83.54	8.546975
83.56	8.574251
83.58	8.522323
83.6	8.512972
83.62	8.503504
83.64	8.493483
83.66	8.483373
83.68	8.473111
83.7	8.462604
83.72	8.451717
83.74	8.440656
83.76	8.429239
83.78	8.417665
83.8	8.405879
83.82	8.381559
83.84	8.369096
83.86	8.356402
83.88	8.343497
83.9	8.330366
83.92	8.317031
83.94	8.289717
83.96	8.275744
83.98	8.261578
84	8.2472
84.02	8.232635
84.04	8.218402
84.06	8.203796
84.08	8.188978
84.1	8.158758
84.12	8.143365
84.14	8.127802
84.16	8.112047
84.18	8.096126
84.2	8.080017
84.22	8.063804
84.24	8.047458
84.26	8.0307
84.28	8.013783
84.3	7.996795
84.32	7.979576
84.34	7.944877
84.36	7.927229
84.38	7.909359
84.4	7.891465
84.42	7.873411
84.44	7.855218
84.46	7.836793
84.48	7.81831
84.5	7.781366
84.52	7.762798
84.54	7.744075
84.56	7.725185
84.58	7.706161
84.6	7.686977
84.62	7.667661
84.64	7.648187
84.66	7.628583
84.68	7.58881
84.7	7.56877
84.72	7.548604
84.74	7.528287
84.76	7.507848
84.78	7.48726
84.8	7.466553
84.82	7.4457
84.84	7.42473
84.86	7.403618
84.88	7.382392
84.9	7.361026
84.92	7.33955
84.94	7.318078
84.96	7.27503
84.98	7.253447
85	7.231734
85.02	7.209855
85.04	7.187842
85.06	7.165663
85.08	7.143349
85.1	7.120869
85.12	7.098254
85.14	7.075472
85.16	7.052557
85.18	7.006259
85.2	6.982877
85.22	6.959361
85.24	6.93568
85.26	6.911866
85.28	6.887888
85.3	6.863777
85.32	6.839502
85.34	6.815095
85.36	6.790526
85.38	6.765827
85.4	6.740966
85.42	6.715976
85.44	6.665546
85.46	6.64011
85.48	6.614546
85.5	6.58918
85.52	6.537717
85.54	6.511673
85.56	6.48545
85.58	6.432387
85.6	6.405546
85.62	6.351278
85.64	6.32385
85.66	6.268363
85.68	6.240304
85.7	6.212058
85.72	6.183589
85.74	6.154931
85.76	6.096979
85.78	6.067684
85.8	6.038199
85.82	6.008491
85.84	5.978592
85.86	5.948469
85.88	5.918157
85.9	5.856894
85.92	5.825945
85.94	5.794807
85.96	5.763448
85.98	5.7319
86	5.668176
86.02	5.636001
86.04	5.603641
86.06	5.571064
86.08	5.538303
86.1	5.505328
86.12	5.472172
86.14	5.405256
86.16	5.371501
86.18	5.33757
86.2	5.303434
86.22	5.269126
86.24	5.234617
86.26	5.199941
86.28	5.165068
86.3	5.130033
86.32	5.094807
86.34	5.023853
86.36	4.988226
86.38	4.95231
86.4	4.916153
86.42	4.87974
86.44	4.843071
86.46	4.768962
86.48	4.731537
86.5	4.693863
86.52	4.655945
86.54	4.617783
86.56	4.579381
86.58	4.540742
86.6	4.50187
86.62	4.423439
86.64	4.383888
86.66	4.344121
86.68	4.304141
86.7	4.263953
86.72	4.223563
86.74	4.183047
86.76	4.101798
86.78	4.061087
86.8	4.020332
86.82	3.979546
86.84	3.938739
86.86	3.897924
86.88	3.816322
86.9	3.775563
86.92	3.734853
86.94	3.694206
86.96	3.653641
86.98	3.613173
87	3.572824
87.02	3.532611
87.04	3.492555
87.06	3.452678
87.08	3.413004
87.1	3.373555
87.12	3.334357
87.14	3.295438
87.16	3.218544
87.18	3.18063
87.2	3.143114
87.22	3.10603
87.24	3.069413
87.26	3.0333
87.28	2.99773
87.3	2.928385
87.32	3.079608
87.34	2.86214
87.36	3.015554
87.38	2.977376
87.4	2.938078
87.42	2.856402
87.44	2.814214
87.46	2.771289
87.48	2.727779
87.5	2.683861
87.52	2.639743
87.54	2.595665
87.56	2.577834
87.58	2.758663
87.6	2.443068
87.62	2.58826
87.64	2.430551
87.66	2.582209
87.68	2.421661
87.7	2.421028
87.72	2.584086
87.74	2.422706
87.76	2.589128
87.78	2.42928
87.8	2.607524
87.82	2.608909
87.84	2.525114
87.86	2.60736
87.88	2.525827
87.9	2.603458
87.92	2.525523
87.94	2.598062
87.96	2.545323
87.98	2.583181
88	2.608611
88.02	2.632342
88.04	2.656526
88.06	2.707495
88.08	2.734307
88.1	2.761961
88.12	2.821489
88.14	2.852312
88.16	2.883873
88.18	2.949075
88.2	2.982641
88.22	3.016804
88.24	3.05153
88.26	3.086784
88.28	3.158753
88.3	3.195409
88.32	3.232628
88.34	3.307908
88.36	3.346039
88.38	3.384502
88.4	3.423253
88.42	3.462266
88.44	3.501521
88.46	3.540997
88.48	3.580676
88.5	3.62054
88.52	3.700953
88.54	3.741193
88.56	3.782169
88.58	3.823239
88.6	3.864419
88.62	3.905832
88.64	3.946863
88.66	3.987695
88.68	4.028789
88.7	4.069953
88.72	4.152329
88.74	4.19351
88.76	4.234671
88.78	4.2758
88.8	4.316888
88.82	4.357926
88.84	4.439816
88.86	4.48065
88.88	4.521397
88.9	4.562056
88.92	4.602612
88.94	4.643066
88.96	4.683404
88.98	4.723627
89	4.803689
89.02	4.843516
89.04	4.883205
89.06	4.922745
89.08	4.962137
89.1	5.001369
89.12	5.040684
89.14	5.079871
89.16	5.157585
89.18	5.196162
89.2	5.234548
89.22	5.272731
89.24	5.310707
89.26	5.348471
89.28	5.38602
89.3	5.423348
89.32	5.460454
89.34	5.497332
89.36	5.53398
89.38	5.570395
89.4	5.642513
89.42	5.678214
89.44	5.713667
89.46	5.748873
89.48	5.78383
89.5	5.818535
89.52	5.852986
89.54	5.92112
89.56	5.954798
89.58	5.988214
89.6	6.021369
89.62	6.054258
89.64	6.086881
89.66	6.119237
89.68	6.151325
89.7	6.183141
89.72	6.24596
89.74	6.27696
89.76	6.307686
89.78	6.338137
89.8	6.36831
89.82	6.427829
89.84	6.45717
89.86	6.486233
89.88	6.515016
89.9	6.543519
89.92	6.599682
89.94	6.627342
89.96	6.65472
89.98	6.681816
90	6.70863
90.02	6.735161
90.04	6.761409
90.06	6.787376
90.08	6.813058
90.1	6.863576
90.12	6.888412
90.14	6.912963
90.16	6.93723
90.18	6.961217
90.2	6.98492
90.22	7.008342
90.24	7.031482
90.26	7.076905
90.28	7.099144
90.3	7.121112
90.32	7.142811
90.34	7.164232
90.36	7.185372
90.38	7.206235
90.4	7.22682
90.42	7.267159
90.44	7.286914
90.46	7.339113
90.48	7.395978
90.5	7.457168
90.52	7.434202
90.54	7.494707
90.56	7.46801
90.58	7.51761
90.6	7.622456
90.62	7.677348
90.64	7.733666
90.66	7.791258
90.68	7.849983
90.7	7.909709
90.72	7.970315
90.74	8.03169
90.76	7.766081
90.78	7.581229
90.8	7.748115
90.82	7.815756
90.84	7.861937
90.86	7.903237
90.88	7.943502
90.9	7.983541
90.92	8.023495
90.94	8.063416
90.96	8.103292
90.98	8.143148
91	8.222761
91.02	8.262522
91.04	8.302267
91.06	8.34198
91.08	8.381725
91.1	8.421417
91.12	8.461082
91.14	8.50071
91.16	8.540346
91.18	8.57996
91.2	8.576833
91.22	8.573123
91.24	8.568791
91.26	8.563839
91.28	8.55827
91.3	8.556052
91.32	8.555337
91.34	8.554323
91.36	8.553399
91.38	8.552382
91.4	8.55132
91.42	8.550353
91.44	8.549294
91.46	8.548192
91.48	8.546102
91.5	8.544971
91.52	8.54395
91.54	8.54284
91.56	8.541694
91.58	8.540663
91.6	8.539546
91.62	8.538397
91.64	8.537369
91.66	8.536258
91.68	8.535117
91.7	8.534105
91.72	8.531896
91.74	8.530912
91.76	8.529655
91.78	8.528489
91.8	8.527538
91.82	8.526523
91.84	8.525311
91.86	8.524137
91.88	8.523218
91.9	8.521235
91.92	8.520242
91.94	8.519223
91.96	8.518337
91.98	8.517372
92	8.516382
92.02	8.515526
92.04	8.51459
92.06	8.513632
92.08	8.511906
92.1	8.510982
92.12	8.510192
92.14	8.509327
92.16	8.508439
92.18	8.507689
92.2	8.506863
92.22	8.505504
92.24	8.504732
92.26	8.503931
92.28	8.503265
92.3	8.502527
92.32	8.501772
92.34	8.501154
92.36	8.500465
92.38	8.499159
92.4	8.4985
92.42	8.497916
92.44	8.497332
92.46	8.496635
92.48	8.495892
92.5	8.495245
92.52	8.494505
92.54	8.493026
92.56	8.492239
92.58	8.491405
92.6	8.490658
92.62	8.489817
92.64	8.488925
92.66	8.488117
92.68	8.487213
92.7	8.485381
92.72	8.484406
92.74	8.483379
92.76	8.482427
92.78	8.481376
92.8	8.480269
92.82	8.479234
92.84	8.478099
92.86	8.476906
92.88	8.47578
92.9	8.474554
92.92	8.473269
92.94	8.472046
92.96	8.469337
92.98	8.468011
93	8.466596
93.02	8.465096
93.04	8.463435
93.06	8.461664
93.08	8.457976
93.1	8.455949
93.12	8.453913
93.14	8.451731
93.16	8.449432
93.18	8.447119
93.2	8.444654
93.22	8.439466
93.24	8.436707
93.26	8.48628
93.28	8.484912
93.3	8.482746
93.32	8.479776
93.34	8.475997
93.36	8.471411
93.38	8.459846
93.4	8.452898
93.42	8.445199
93.44	8.436778
93.46	8.503563
93.48	8.417714
93.5	8.486869
93.52	8.411162
93.54	8.478288
93.56	8.471477
93.58	8.398098
93.6	8.464116
93.62	8.390144
93.64	8.39265
93.66	8.394633
93.68	8.396007
93.7	8.39669
93.72	8.39661
93.74	8.395696
93.76	8.391113
93.78	8.387331
93.8	8.382488
93.82	8.333095
93.84	8.295173
93.86	8.271476
93.88	8.250929
93.9	8.266776
93.92	8.229403
93.94	8.245493
93.96	8.203912
93.98	8.176531
94	8.20503
94.02	8.156444
94.04	8.188842
94.06	8.132826
94.08	8.168765
94.1	8.105874
94.12	8.145042
94.14	8.075881
94.16	8.043236
94.18	8.07572
94.2	7.992049
94.22	8.017048
94.24	7.939254
94.26	7.956601
94.28	7.885537
94.3	7.895108
94.32	7.849187
94.34	7.850843
94.36	7.844854
94.38	7.83753
94.4	7.829793
94.42	7.814466
94.44	7.80656
94.46	7.798584
94.48	7.790491
94.5	7.83516
94.52	7.894154
94.54	7.966745
94.56	8.102688
94.58	8.262252
94.6	8.44348
94.62	8.791409
94.64	8.938964
94.66	9.174623
94.68	9.329554
94.7	9.297621
94.72	9.263778
94.74	9.228069
94.76	9.151262
94.78	9.110278
94.8	9.067658
94.82	9.023473
94.84	8.977798
94.86	8.930716
94.88	8.882315
94.9	8.832688
94.92	8.78194
94.94	8.730176
94.96	8.677515
94.98	8.624081
95	8.515429
95.02	8.460505
95.04	8.405388
95.06	8.350251
95.08	8.295272
95.1	8.24064
95.12	8.186556
95.14	8.133231
95.16	8.080888
95.18	8.029759
95.2	7.932138
95.22	7.886168
95.24	7.84246
95.26	7.8013
95.28	7.762988
95.3	7.727829
95.32	7.69614
95.34	7.668242
95.36	7.684664
95.38	7.7004
95.4	7.716089
95.42	7.731726
95.44	7.747321
95.46	7.762893
95.48	7.79553
95.5	7.81285
95.52	7.830674
95.54	7.849
95.56	7.867833
95.58	7.887183
95.6	7.907056
95.62	7.927463
95.64	7.948411
95.66	7.96991
95.68	7.992755
95.7	8.016018
95.72	8.039841
95.74	8.089273
95.76	8.1149
95.78	8.141479
95.8	8.168105
95.82	8.195517
95.84	8.223585
95.86	8.252288
95.88	8.352806
95.9	8.454761
95.92	8.460391
95.94	8.567907
95.96	8.595966
95.98	8.624103
96	8.680815
96.02	8.670317
96.04	8.663635
96.06	8.657289
96.08	8.650713
96.1	8.643833
96.12	8.636675
96.14	8.626163
96.16	8.618938
96.18	8.611178
96.2	8.588206
96.22	8.564234
96.24	8.6107
96.26	8.586014
96.28	8.634398
96.3	8.608838
96.32	8.649765
96.34	8.641382
96.36	8.633969
96.38	8.627661
96.4	8.619804
96.42	8.524504
96.44	8.563854
96.46	8.572964
96.48	8.574181
96.5	8.574212
96.52	8.574323
96.54	8.574947
96.56	8.57762
96.58	8.579681
96.6	8.582325
96.62	8.585403
96.64	8.589061
96.66	8.593151
96.68	8.597817
96.7	8.602847
96.72	8.608806
96.74	8.614764
96.76	8.621249
96.78	8.635524
96.8	8.643307
96.82	8.651603
96.84	8.669456
96.86	8.679007
96.88	8.689054
96.9	8.699468
96.92	8.710367
96.94	8.721498
96.96	8.733212
96.98	8.745211
97	8.757586
97.02	8.770247
97.04	8.783316
97.06	8.796673
97.08	8.824453
97.1	8.838864
97.12	8.853544
97.14	8.868593
97.16	8.883901
97.18	8.899566
97.2	8.915481
97.22	8.931741
97.24	8.94824
97.26	8.965074
97.28	8.99931
97.3	9.017051
97.32	9.034628
97.34	9.052445
97.36	9.070414
97.38	9.088612
97.4	9.125503
97.42	9.144186
97.44	9.163074
97.46	9.182082
97.48	9.201282
97.5	9.240082
97.52	9.259676
97.54	9.279437
97.56	9.299294
97.58	9.319308
97.6	9.359658
97.62	9.374143
97.64	9.386067
97.66	9.397586
97.68	9.408835
97.7	9.419863
97.72	9.430763
97.74	9.441495
97.76	9.462532
97.78	9.472795
97.8	9.482901
97.82	9.492838
97.84	9.502601
97.86	9.51228
97.88	9.521632
97.9	9.539931
97.92	9.548808
97.94	9.557506
97.96	9.566113
97.98	9.574478
98	9.58251
98.02	9.590512
98.04	9.598299
98.06	9.605772
98.08	9.620385
98.1	9.627281
98.12	9.634024
98.14	9.744616
98.16	9.909431
98.18	9.913987
98.2	10.10616
98.22	9.916655
98.24	10.10721
98.26	9.916986
98.28	10.10492
98.3	10.12873
98.32	9.910192
98.34	10.12085
98.36	9.904397
98.38	10.11108
98.4	9.897481
98.42	10.09802
98.44	9.886378
98.46	10.08229
98.48	9.874471
98.5	9.799347
98.52	9.738245
98.54	9.739005
98.56	9.735748
98.58	9.733192
98.6	9.730488
98.62	9.727674
98.64	9.724757
98.66	9.721738
98.68	9.715395
98.7	9.712089
98.72	9.708678
98.74	9.705166
98.76	9.701553
98.78	9.697884
98.8	9.694108
98.82	9.690235
98.84	9.682263
98.86	9.678176
98.88	9.673987
98.9	9.669743
98.92	9.87923
98.94	9.770251
98.96	9.866399
98.98	9.758205
99	9.851707
99.02	9.75252
99.04	9.653068
99.06	9.553425
99.08	9.356247
99.1	9.350218
99.12	9.34341
99.14	9.335827
99.16	9.328026
99.18	9.320088
99.2	9.303776
99.22	9.295474
99.24	9.287009
99.26	9.278487
99.28	9.269852
99.3	9.261123
99.32	9.252289
99.34	9.24337
99.36	9.225257
99.38	9.216072
99.4	9.206819
99.42	9.197483
99.44	9.188088
99.46	9.140217
99.48	9.130508
99.5	9.121078
99.52	9.111651
99.54	9.102269
99.56	9.092916
99.58	9.083619
99.6	9.065165
99.62	9.056016
99.64	9.046939
99.66	9.037915
99.68	9.02009
99.7	9.011297
99.72	9.002574
99.74	8.993948
99.76	8.9854
99.78	8.976959
99.8	8.968605
99.82	8.952354
99.84	8.944788
99.86	8.937213
99.88	8.929912
99.9	8.922771
99.92	8.915817
99.94	8.909031
99.96	8.896018
99.98	8.889798
100	8.883756
100.02	8.877918
100.04	8.872264
100.06	8.86682
100.08	8.861566
100.1	8.856527
100.12	8.851684
100.14	8.84264
100.16	8.839009
100.18	8.835473
100.2	8.832174
100.22	8.8273
100.24	8.818913
100.26	8.8102
100.28	8.801628
100.3	8.793219
100.32	8.784956
100.34	8.776853
100.36	8.761104
100.38	8.753459
100.4	8.745974
100.42	8.738636
100.44	8.731458
100.46	8.724426
100.48	8.717447
100.5	8.710774
100.52	8.704568
100.54	8.698473
100.56	8.692533
100.58	8.681115
100.6	8.675643
100.62	8.670331
100.64	8.665184
100.66	8.660195
100.68	8.655366
100.7	8.650689
100.72	8.646169
100.74	8.641797
100.76	8.637574
100.78	8.633496
100.8	8.625771
100.82	8.622119
100.84	8.618603
100.86	8.615221
100.88	8.611971
100.9	8.608913
100.92	8.606009
100.94	8.60324
100.96	8.598295
100.98	8.596118
101	8.594079
101.02	8.592257
101.04	8.590555
101.06	8.588803
101.08	8.58714
101.1	8.585577
101.12	8.584114
101.14	8.582747
101.16	8.580294
101.18	8.579219
101.2	8.578171
101.22	8.577221
101.24	8.576372
101.26	8.575536
101.28	8.574803
101.3	8.574224
101.32	8.573674
101.34	8.573258
101.36	8.572745
101.38	8.57235
101.4	8.571374
101.42	8.571186
101.44	8.571191
101.46	8.570816
101.48	8.570703
101.5	8.570577
101.52	8.570689
101.54	8.570856
101.56	8.571074
101.58	8.571524
101.6	8.571959
101.62	8.57244
101.64	8.573133
101.66	8.573812
101.68	8.575484
101.7	8.576412
101.72	8.576962
101.74	8.577447
101.76	8.577906
101.78	8.578393
101.8	8.578872
101.82	8.579353
101.84	8.579815
101.86	8.580306
101.88	8.581235
101.9	8.581713
101.92	8.619286
101.94	8.647298
101.96	8.671377
101.98	8.699437
102	8.662342
102.02	8.601822
102.04	8.572976
102.06	8.549356
102.08	8.536153
102.1	8.525223
102.12	8.515019
102.14	8.50523
102.16	8.49579
102.18	8.621533
102.2	8.677378
102.22	8.561293
102.24	8.554399
102.26	8.676921
102.28	8.555552
102.3	8.679798
102.32	8.673663
102.34	8.667062
102.36	8.659934
102.38	8.652305
102.4	8.644222
102.42	8.635742
102.44	8.626924
102.46	8.617833
102.48	8.608541
102.5	8.596767
102.52	8.594204
102.54	8.591459
102.56	8.588533
102.58	8.585222
102.6	8.582948
102.62	8.581084
102.64	8.579504
102.66	8.578317
102.68	8.576833
102.7	8.576446
102.72	8.576345
102.74	8.576551
102.76	8.57702
102.78	8.577791
102.8	8.578777
102.82	8.580028
102.84	8.581549
102.86	8.583342
102.88	8.585527
102.9	8.586469
102.92	8.58586
102.94	8.585373
102.96	8.584863
102.98	8.584411
103	8.583951
103.02	8.583513
103.04	8.583022
103.06	8.513227
103.08	8.616241
103.1	8.52716
103.12	8.645583
103.14	8.638733
103.16	8.545584
103.18	8.62945
103.2	8.534508
103.22	8.617971
103.24	8.521202
103.26	8.604605
103.28	8.683528
103.3	8.589227
103.32	8.662779
103.34	8.64055
103.36	8.561767
103.38	8.635123
103.4	8.561893
103.42	8.560938
103.44	8.559345
103.46	8.557848
103.48	8.556637
103.5	8.555824
103.52	8.55515
103.54	8.555349
103.56	8.555786
103.58	8.556729
103.6	8.558326
103.62	8.560184
103.64	8.562434
103.66	8.564891
103.68	8.567785
103.7	8.570988
103.72	8.574579
103.74	8.578539
103.76	8.580829
103.78	8.583517
103.8	8.584761
103.82	8.586152
103.84	8.587449
103.86	8.588878
103.88	8.590412
103.9	8.592189
103.92	8.593677
103.94	8.595472
103.96	8.597201
103.98	8.599092
104	8.601099
104.02	8.605335
104.04	8.607627
104.06	8.609865
104.08	8.61235
104.1	8.614808
104.12	8.617625
104.14	8.620522
104.16	8.623496
104.18	8.626519
104.2	8.629648
104.22	8.632845
104.24	8.636147
104.26	8.639516
104.28	8.642992
104.3	8.64654
104.32	8.653918
104.34	8.657753
104.36	8.661658
104.38	8.665674
104.4	8.669764
104.42	8.673965
104.44	8.67824
104.46	8.687092
104.48	8.69167
104.5	8.696323
104.52	8.701094
104.54	8.705939
104.56	8.710903
104.58	8.715945
104.6	8.721105
104.62	8.726343
104.64	8.732081
104.66	8.737757
104.68	8.743465
104.7	8.755002
104.72	8.760873
104.74	8.766838
104.76	8.772856
104.78	8.778965
104.8	8.785127
104.82	8.791379
104.84	8.797683
104.86	8.804074
104.88	8.810517
104.9	8.823629
104.92	8.830296
104.94	8.837012
104.96	8.843813
104.98	8.850663
105	8.857597
105.02	8.864578
105.04	8.871658
105.06	8.878725
105.08	8.885889
105.1	8.893225
105.12	8.908138
105.14	8.91556
105.16	8.923026
105.18	8.930494
105.2	8.938003
105.22	8.945514
105.24	8.953061
105.26	8.960608
105.28	8.96827
105.3	8.975769
105.32	8.983439
105.34	8.990982
105.36	9.00624
105.38	9.014067
105.4	9.021516
105.42	9.029207
105.44	9.036753
105.46	9.044375
105.48	9.05203
105.5	9.059854
105.52	9.067302
105.54	9.074985
105.56	9.090108
105.58	9.097626
105.6	9.105173
105.62	9.112687
105.64	9.120298
105.66	9.127909
105.68	9.13535
105.7	9.142701
105.72	9.157344
105.74	9.164574
105.76	9.171868
105.78	9.178857
105.8	9.185783
105.82	9.192841
105.84	9.199625
105.86	9.206346
105.88	9.213173
105.9	9.226245
105.92	9.232834
105.94	9.23918
105.96	9.245451
105.98	9.251792
106	9.257904
106.02	9.269964
106.04	9.275896
106.06	9.281635
106.08	9.186115
106.1	9.199634
106.12	9.310528
106.14	9.210826
106.16	9.321269
106.18	9.223028
106.2	9.330235
106.22	9.232297
106.24	9.339778
106.26	9.349205
106.28	9.25162
106.3	9.358214
106.32	9.260401
106.34	9.366759
106.36	9.344802
106.38	9.373255
106.4	9.349674
106.42	9.377977
106.44	9.352342
106.46	9.382916
106.48	9.388344
106.5	9.391186
106.52	9.39401
106.54	9.396554
106.56	9.398958
106.58	9.401257
106.6	9.403369
106.62	9.405435
106.64	9.407334
106.66	9.410645
106.68	9.412061
106.7	9.41332
106.72	9.414415
106.74	9.415351
106.76	9.416123
106.78	9.416732
106.8	9.417178
106.82	9.41746
106.84	9.417739
106.86	9.565367
106.88	9.417332
106.9	9.416398
106.92	9.415648
106.94	9.414806
106.96	9.413821
106.98	9.412685
107	9.411396
107.02	9.409955
107.04	9.406622
107.06	9.404737
107.08	9.402715
107.1	9.400534
107.12	9.398208
107.14	9.395741
107.16	9.393208
107.18	9.390441
107.2	9.384397
107.22	9.381184
107.24	9.377827
107.26	9.374331
107.28	9.370721
107.3	9.366977
107.32	9.363157
107.34	9.35514
107.36	9.351023
107.38	9.34682
107.4	9.230704
107.42	9.350964
107.44	9.24669
107.46	9.303367
107.48	9.210935
107.5	9.268016
107.52	9.233068
107.54	9.146205
107.56	9.198298
107.58	9.114066
107.6	9.163928
107.62	9.117046
107.64	9.161483
107.66	9.108138
107.68	9.152699
107.7	9.098543
107.72	9.088203
107.74	9.083308
107.76	9.078444
107.78	9.073802
107.8	9.069234
107.82	9.06478
107.84	9.060514
107.86	9.056468
107.88	9.052538
107.9	9.04533
107.92	9.042012
107.94	9.038875
107.96	9.036057
107.98	9.033259
108	9.027753
108.02	9.021534
108.04	9.015186
108.06	9.008796
108.08	9.002363
108.1	8.989558
108.12	8.983023
108.14	8.976526
108.16	8.970034
108.18	8.96351
108.2	8.956998
108.22	8.950544
108.24	8.943942
108.26	8.937389
108.28	8.930849
108.3	8.924283
108.32	8.91774
108.34	8.911262
108.36	8.89809
108.38	8.891554
108.4	8.885
108.42	8.878479
108.44	8.872032
108.46	8.865806
108.48	8.859526
108.5	8.853295
108.52	8.847178
108.54	8.840957
108.56	8.834844
108.58	8.828794
108.6	8.816811
108.62	8.810974
108.64	8.805039
108.66	8.799218
108.68	8.793463
108.7	8.787732
108.72	8.776452
108.74	8.770903
108.76	8.765376
108.78	8.759932
108.8	8.754527
108.82	8.74918
108.84	8.738642
108.86	8.733453
108.88	8.728326
108.9	8.7232
108.92	8.718266
108.94	8.713519
108.96	8.708843
108.98	8.704286
109	8.699785
109.02	8.69538
109.04	8.691038
109.06	8.682606
109.08	8.678514
109.1	8.674486
109.12	8.67055
109.14	8.666676
109.16	8.662895
109.18	8.659174
109.2	8.651976
109.22	8.64855
109.24	8.64508
109.26	8.641809
109.28	8.638488
109.3	8.635367
109.32	8.632196
109.34	8.629225
109.36	8.626202
109.38	8.623313
109.4	8.620513
109.42	8.615108
109.44	8.612606
109.46	8.610294
109.48	8.608039
109.5	8.605858
109.52	8.603818
109.54	8.601809
109.56	8.599887
109.58	8.598051
109.6	8.596263
109.62	8.594572
109.64	8.593036
109.66	8.591399
109.68	8.589903
109.7	8.588491
109.72	8.587123
109.74	8.585841
109.76	8.58471
109.78	8.583467
109.8	8.582356
109.82	8.580327
109.84	8.579411
109.86	8.578639
109.88	8.577745
109.9	8.576975
109.92	8.576279
109.94	8.575734
109.96	8.575076
109.98	8.574575
110	8.573627
110.02	8.573142
110.04	8.572948
110.06	8.572452
110.08	8.572066
110.1	8.572162
110.12	8.572171
110.14	8.572276
110.16	8.572363
110.18	8.572341
110.2	8.572506
110.22	8.572675
110.24	8.572896
110.26	8.573121
110.28	8.573342
110.3	8.573605
110.32	8.602777
110.34	8.597679
110.36	8.595495
110.38	8.59092
110.4	8.587966
110.42	8.584543
110.44	8.580678
110.46	8.576401
110.48	8.575094
110.5	8.573707
110.52	8.656568
110.54	8.635843
110.56	8.748806
110.58	8.733459
110.6	8.720666
110.62	8.726272
110.64	8.704829
110.66	8.710863
110.68	8.685955
110.7	8.637429
110.72	8.538697
110.74	8.525915
110.76	8.55137
110.78	8.557185
110.8	8.559655
110.82	8.560678
110.84	8.561953
110.86	8.563507
110.88	8.565276
110.9	8.567335
110.92	8.569674
110.94	8.572294
110.96	8.575192
110.98	8.578368
111	8.581751
111.02	8.585036
111.04	8.585318
111.06	8.585505
111.08	8.585662
111.1	8.5858
111.12	8.585923
111.14	8.586032
111.16	8.586125
111.18	8.586269
111.2	8.586317
111.22	8.58635
111.24	8.623059
111.26	8.586631
111.28	8.623199
111.3	8.586761
111.32	8.623186
111.34	8.586661
111.36	8.586192
111.38	8.586029
111.4	8.585789
111.42	8.585653
111.44	8.585505
111.46	8.585341
111.48	8.584977
111.5	8.584777
111.52	8.584567
111.54	8.584347
111.56	8.584131
111.58	8.583906
111.6	8.583672
111.62	8.583426
111.64	8.583188
111.66	8.582925
111.68	8.582642
111.7	8.582347
111.72	8.58204
111.74	8.581735
111.76	8.581092
111.78	8.580763
111.8	8.580506
111.82	8.580221
111.84	8.579943
111.86	8.579561
111.88	8.578739
111.9	8.578376
111.92	8.578075
111.94	8.577703
111.96	8.577345
111.98	8.576999
112	8.576653
112.02	8.547745
112.04	8.610628
112.06	8.58174
112.08	8.647655
112.1	8.61829
112.12	8.686743
112.14	8.820502
112.16	8.627174
112.18	8.799644
112.2	8.607701
112.22	8.77789
112.24	8.588278
112.26	8.753892
112.28	8.567526
112.3	8.727788
112.32	8.545622
112.34	8.472631
112.36	8.508884
112.38	8.490392
112.4	8.506818
112.42	8.48665
112.44	8.49136
112.46	8.500557
112.48	8.481822
112.5	8.495183
112.52	8.563251
112.54	8.523363
112.56	8.650137
112.58	8.612874
112.6	8.75322
112.62	8.717595
112.64	8.86999
112.66	8.835077
112.68	8.998093
112.7	8.836548
112.72	8.815998
112.74	8.952672
112.76	8.793639
112.78	8.770076
112.8	8.899541
112.82	8.745998
112.84	8.871721
112.86	8.7405
112.88	8.709663
112.9	8.584377
112.92	8.546972
112.94	8.428742
112.96	8.384857
112.98	8.289509
113	8.298036
113.02	8.301753
113.04	8.305109
113.06	8.308878
113.08	8.313087
113.1	8.317477
113.12	8.322023
113.14	8.326765
113.16	8.331638
113.18	8.336659
113.2	8.341876
113.22	8.352725
113.24	8.358422
113.26	8.364245
113.28	8.370268
113.3	8.376417
113.32	8.382736
113.34	8.389215
113.36	8.395864
113.38	8.402671
113.4	8.409651
113.42	8.424293
113.44	8.431856
113.46	8.439534
113.48	8.44735
113.5	8.455295
113.52	8.46338
113.54	8.471594
113.56	8.488424
113.58	8.497042
113.6	8.505784
113.62	8.514664
113.64	8.523666
113.66	8.532804
113.68	8.542067
113.7	8.551462
113.72	8.57063
113.74	8.580401
113.76	8.590303
113.78	8.600325
113.8	8.610476
113.82	8.620746
113.84	8.631144
113.86	8.652215
113.88	8.662947
113.9	8.673813
113.92	8.684937
113.94	8.696093
113.96	8.707271
113.98	8.71855
114	8.729873
114.02	8.741254
114.04	8.752732
114.06	8.764251
114.08	8.775824
114.1	8.799188
114.12	8.810938
114.14	8.822773
114.16	8.834641
114.18	8.846554
114.2	8.858546
114.22	8.870568
114.24	8.89477
114.26	8.906934
114.28	8.919136
114.3	8.931406
114.32	8.9437
114.34	8.956026
114.36	8.968418
114.38	8.980829
114.4	8.993271
114.42	9.01829
114.44	9.179775
114.46	9.13478
114.48	9.129714
114.5	9.131884
114.52	9.137788
114.54	9.140231
114.56	9.142264
114.58	9.143913
114.6	9.145217
114.62	9.146217
114.64	9.149909
114.66	9.213336
114.68	9.218221
114.7	9.27089
114.72	9.149615
114.74	9.139824
114.76	9.261854
114.78	9.139706
114.8	9.262012
114.82	9.139539
114.84	9.088709
114.86	9.09185
114.88	9.094709
114.9	9.097614
114.92	9.100606
114.94	9.103631
114.96	9.106759
114.98	9.11322
115	9.116557
115.02	9.119983
115.04	9.123493
115.06	9.127032
115.08	9.13066
115.1	9.13437
115.12	9.138158
115.14	9.145856
115.16	9.149821
115.18	9.15386
115.2	9.15797
115.22	9.162152
115.24	9.166371
115.26	9.170663
115.28	9.175021
115.3	9.179446
115.32	9.183937
115.34	9.193107
115.36	9.197782
115.38	9.20252
115.4	9.20732
115.42	9.212182
115.44	9.217128
115.46	9.222129
115.48	9.227191
115.5	9.232312
115.52	9.237537
115.54	9.242815
115.56	9.246752
115.58	9.583976
115.6	9.56577
115.62	9.560174
115.64	9.55587
115.66	9.551118
115.68	9.545588
115.7	9.539234
115.72	9.532072
115.74	9.524128
115.76	9.515438
115.78	9.506041
115.8	9.49598
115.82	9.485306
115.84	9.474069
115.86	9.450139
115.88	9.437574
115.9	9.424702
115.92	9.411596
115.94	9.398337
115.96	9.385011
115.98	9.371704
116	9.358512
116.02	9.156589
116.04	9.168286
116.06	9.162819
116.08	9.156517
116.1	9.150148
116.12	9.143859
116.14	9.137691
116.16	9.131651
116.18	9.125726
116.2	9.119935
116.22	9.114276
116.24	9.108739
116.26	9.103338
116.28	9.092924
116.3	9.087928
116.32	9.083057
116.34	9.078331
116.36	9.073733
116.38	9.069284
116.4	9.064971
116.42	9.060809
116.44	9.056781
116.46	9.122234
116.48	9.019405
116.5	9.08153
116.52	9.041936
116.54	9.105529
116.56	9.063303
116.58	9.09859
116.6	9.057294
116.62	9.091954
116.64	9.053807
116.66	9.089757
116.68	9.088559
116.7	8.965209
116.72	9.014857
116.74	9.002907
116.76	8.896315
116.78	8.952474
116.8	8.854363
116.82	8.906933
116.84	8.815626
116.86	8.862921
116.88	8.806839
116.9	8.795064
116.92	8.841901
116.94	8.784655
116.96	8.831622
116.98	8.775092
117	8.822193
117.02	8.766617
117.04	8.803916
117.06	8.783448
117.08	8.821793
117.1	8.800828
117.12	8.839951
117.14	8.818236
117.16	8.835238
117.18	8.875291
117.2	8.851488
117.22	8.667091
117.24	8.693737
117.26	8.70012
117.28	8.701738
117.3	8.702624
117.32	8.703513
117.34	8.704599
117.36	8.707594
117.38	8.709441
117.4	8.711608
117.42	8.713993
117.44	8.716627
117.46	8.719586
117.48	8.718085
117.5	8.714595
117.52	8.710806
117.54	8.707356
117.56	8.703829
117.58	8.696936
117.6	8.693445
117.62	8.690058
117.64	8.686731
117.66	8.68343
117.68	8.680193
117.7	8.677073
117.72	8.673853
117.74	8.670735
117.76	8.66768
117.78	8.664648
117.8	8.661681
117.82	8.658833
117.84	8.655883
117.86	8.65025
117.88	8.647489
117.9	8.644793
117.92	8.642214
117.94	8.639535
117.96	8.636957
117.98	8.634442
118	8.631951
118.02	8.629525
118.04	8.624808
118.06	8.6225
118.08	8.620255
118.1	8.618035
118.12	8.61588
118.14	8.613841
118.16	8.611702
118.18	8.609664
118.2	8.608075
118.22	8.604644
118.24	8.602996
118.26	8.601375
118.28	8.599825
118.3	8.598405
118.32	8.596878
118.34	8.59546
118.36	8.59411
118.38	8.591529
118.4	8.590402
118.42	8.589157
118.44	8.588016
118.46	8.586941
118.48	8.585885
118.5	8.584896
118.52	8.584034
118.54	8.582185
118.56	8.581412
118.58	8.580651
118.6	8.579798
118.62	8.579136
118.64	8.578486
118.66	8.577746
118.68	8.57719
118.7	8.576076
118.72	8.575508
118.74	8.575127
118.76	8.5746
118.78	8.574164
118.8	8.573771
118.82	8.573435
118.84	8.573101
118.86	8.57261
118.88	8.610701
118.9	8.599981
118.92	8.59646
118.94	8.593756
118.96	8.590806
118.98	8.587417
119	8.583569
119.02	8.579284
119.04	8.574593
119.06	8.570979
119.08	8.603036
119.1	8.621085
119.12	8.640248
119.14	8.660357
119.16	8.681252
119.18	8.702778
119.2	8.724791
119.22	8.596513
119.24	8.506464
119.26	8.482328
119.28	8.472226
119.3	8.464134
119.32	8.4581
119.34	8.454127
119.36	8.452209
119.38	8.502162
119.4	8.558202
119.42	8.620164
119.44	8.617564
119.46	8.686331
119.48	8.681159
119.5	8.755969
119.52	8.747629
119.54	8.827788
119.56	8.815741
119.58	8.689526
119.6	8.592563
119.62	8.51993
119.64	8.551463
119.66	8.639889
119.68	8.581173
119.7	8.672757
119.72	8.673445
119.74	8.672937
119.76	8.664094
119.78	8.673862
119.8	8.688851
119.82	8.681898
119.84	8.696355
119.86	8.687357
119.88	8.701224
119.9	8.690005
119.92	8.703263
119.94	8.596692
119.96	8.578599
119.98	8.5882
120	8.588395
120.02	8.586807
120.04	8.585089
120.06	8.582243
120.08	8.581051
120.1	8.580116
120.12	8.579434
120.14	8.578952
120.16	8.578728
120.18	8.578703
120.2	8.578936
120.22	8.579419
120.24	8.581044
120.26	8.582184
120.28	8.58358
120.3	8.585226
120.32	8.587071
120.34	8.589173
120.36	8.591474
120.38	8.594029
120.4	8.596834
120.42	8.599837
120.44	8.603096
120.46	8.606552
120.48	8.610264
120.5	8.618378
120.52	8.622788
120.54	8.627398
120.56	8.631916
120.58	8.633744
120.6	8.635048
120.62	8.636254
120.64	8.637471
120.66	8.638668
120.68	8.639875
120.7	8.641098
120.72	8.642324
120.74	8.644882
120.76	8.646208
120.78	8.647454
120.8	8.648643
120.82	8.649899
120.84	8.651171
120.86	8.652483
120.88	8.655091
120.9	8.656421
120.92	8.657746
120.94	8.659071
120.96	8.6605
120.98	8.663152
121	8.664506
121.02	8.665868
121.04	8.667239
121.06	8.668643
121.08	8.670036
121.1	8.67143
121.12	8.672848
121.14	8.675675
121.16	8.677188
121.18	8.67863
121.2	8.680015
121.22	8.681455
121.24	8.682903
121.26	8.684652
121.28	8.686048
121.3	8.687504
121.32	8.68897
121.34	8.691846
121.36	8.693339
121.38	8.694798
121.4	8.69625
121.42	8.697578
121.44	8.69883
121.46	8.700141
121.48	8.701448
121.5	8.70282
121.52	8.704108
121.54	8.705324
121.56	8.707788
121.58	8.708994
121.6	8.710179
121.62	8.71134
121.64	8.712502
121.66	8.713633
121.68	8.714738
121.7	8.715821
121.72	8.716883
121.74	8.717937
121.76	8.718957
121.78	8.719954
121.8	8.720925
121.82	8.721936
121.84	8.723841
121.86	8.724763
121.88	8.725594
121.9	8.726355
121.92	8.727161
121.94	8.727956
121.96	8.728728
121.98	8.7302
122	8.730896
122.02	8.731619
122.04	8.732294
122.06	8.732939
122.08	8.733495
122.1	8.734067
122.12	8.734625
122.14	8.735161
122.16	8.735672
122.18	8.736629
122.2	8.737068
122.22	8.737482
122.24	8.737869
122.26	8.738232
122.28	8.738567
122.3	8.738876
122.32	8.739159
122.34	8.739643
122.36	8.739846
122.38	8.740022
122.4	8.740171
122.42	8.781877
122.44	8.834973
122.46	9.003332
122.48	8.997584
122.5	8.99226
122.52	8.979312
122.54	8.971471
122.56	8.962741
122.58	8.953158
122.6	8.942769
122.62	8.931622
122.64	8.91977
122.66	8.894198
122.68	8.880611
122.7	8.866586
122.72	8.852204
122.74	8.837548
122.76	8.822709
122.78	8.807782
122.8	8.79287
122.82	8.778076
122.84	8.763515
122.86	8.749303
122.88	8.744081
122.9	8.740968
122.92	8.73752
122.94	8.733741
122.96	8.729639
122.98	8.725728
123	8.722701
123.02	8.719956
123.04	8.717374
123.06	8.71492
123.08	8.712601
123.1	8.710408
123.12	8.708352
123.14	8.706429
123.16	8.704637
123.18	8.702984
123.2	8.700081
123.22	8.698841
123.24	8.697736
123.26	8.696775
123.28	8.695952
123.3	8.695277
123.32	8.694743
123.34	8.69436
123.36	8.694118
123.38	8.691775
123.4	8.728367
123.42	8.768867
123.44	8.739391
123.46	8.783828
123.48	8.75089
123.5	8.797187
123.52	8.76055
123.54	8.808172
123.56	8.973706
123.58	9.020308
123.6	9.179335
123.62	9.233638
123.64	9.419476
123.66	9.479511
123.68	9.688756
123.7	9.752726
123.72	9.982162
123.74	9.737407
123.76	9.67272
123.78	9.554516
123.8	9.492255
123.82	9.378365
123.84	9.318034
123.86	9.278647
123.88	9.238771
123.9	9.157734
123.92	9.116789
123.94	9.07573
123.96	9.034693
123.98	8.993819
124	8.953261
124.02	8.913176
124.04	8.873728
124.06	8.83509
124.08	8.760969
124.1	8.725868
124.12	8.692341
124.14	8.660595
124.16	8.630846
124.18	8.603315
124.2	8.578232
124.22	8.570834
124.24	8.568514
124.26	8.56102
124.28	8.545696
124.3	8.53789
124.32	8.530239
124.34	8.523015
124.36	8.516159
124.38	8.509683
124.4	8.503566
124.42	8.492465
124.44	8.487486
124.46	8.482882
124.48	8.478672
124.5	8.474841
124.52	8.471413
124.54	8.468369
124.56	8.465736
124.58	8.461672
124.6	8.46048
124.62	8.459725
124.64	8.45928
124.66	8.45925
124.68	8.459622
124.7	8.460419
124.72	8.461619
124.74	8.463244
124.76	8.465278
124.78	8.47061
124.8	8.473911
124.82	8.477625
124.84	8.481772
124.86	8.486332
124.88	8.491329
124.9	8.496742
124.92	8.502593
124.94	8.508862
124.96	8.515499
124.98	8.522581
125	8.538567
125.02	8.547108
125.04	8.556067
125.06	8.565423
125.08	8.575198
125.1	8.585371
125.12	8.59596
125.14	8.606945
125.16	8.618342
125.18	8.630134
125.2	8.642336
125.22	8.667932
125.24	8.681321
125.26	8.692418
125.28	8.698844
125.3	8.704358
125.32	8.709718
125.34	8.715154
125.36	8.725874
125.38	8.731781
125.4	8.73746
125.42	8.743112
125.44	8.748776
125.46	8.754508
125.48	8.760261
125.5	8.766082
125.52	8.771932
125.54	8.783783
125.56	8.789783
125.58	8.795806
125.6	8.801887
125.62	8.807988
125.64	8.814147
125.66	8.820322
125.68	8.832795
125.7	8.83909
125.72	8.845399
125.74	8.85183
125.76	8.858122
125.78	8.864594
125.8	8.870955
125.82	8.8774
125.84	8.883878
125.86	8.890359
125.88	8.897035
125.9	8.903752
125.92	8.917019
125.94	8.923476
125.96	8.929982
125.98	8.936474
126	8.942924
126.02	8.949351
126.04	8.955843
126.06	8.962125
126.08	8.968439
126.1	8.980974
126.12	8.987187
126.14	8.993457
126.16	8.999499
126.18	9.005565
126.2	9.011607
126.22	9.01758
126.24	9.023523
126.26	9.029511
126.28	9.035389
126.3	9.046856
126.32	9.052569
126.34	9.05809
126.36	9.063709
126.38	9.069248
126.4	9.074604
126.42	9.079947
126.44	9.085275
126.46	9.090519
126.48	9.095714
126.5	9.100821
126.52	9.088556
126.54	9.29428
126.56	9.297124
126.58	9.299278
126.6	9.300731
126.62	9.3015
126.64	9.301617
126.66	9.301113
126.68	9.300023
126.7	9.298388
126.72	9.296249
126.74	9.293653
126.76	9.287296
126.78	9.283648
126.8	9.279766
126.82	9.275721
126.84	9.271581
126.86	9.267424
126.88	9.263327
126.9	9.259376
126.92	9.259377
126.94	9.260395
126.96	9.260142
126.98	9.259965
127	9.259903
127.02	9.259916
127.04	9.260056
127.06	9.260312
127.08	9.260687
127.1	9.261177
127.12	9.261737
127.14	9.262412
127.16	9.263199
127.18	9.264096
127.2	9.265101
127.22	9.267432
127.24	9.268756
127.26	9.270184
127.28	9.271714
127.3	9.273348
127.32	9.275084
127.34	9.276919
127.36	9.278857
127.38	9.280895
127.4	9.285271
127.42	9.287608
127.44	9.289879
127.46	9.290002
127.48	9.289386
127.5	9.288589
127.52	9.287633
127.54	9.285344
127.56	9.284011
127.58	9.282555
127.6	9.280974
127.62	9.279272
127.64	9.277449
127.66	9.275506
127.68	9.273447
127.7	9.271276
127.72	9.268986
127.74	9.266581
127.76	9.264073
127.78	9.26145
127.8	9.255877
127.82	9.252919
127.84	9.249848
127.86	9.246668
127.88	9.243391
127.9	9.24001
127.92	9.236536
127.94	9.229405
127.96	9.225601
127.98	9.221634
128	9.144698
128.02	9.140952
128.04	9.073544
128.06	9.074364
128.08	9.022541
128.1	9.131561
128.12	9.074095
128.14	9.188714
128.16	9.249967
128.18	9.187774
128.2	9.314508
128.22	9.249509
128.24	9.381085
128.26	9.35503
128.28	9.438411
128.3	9.410018
128.32	9.494611
128.34	9.372724
128.36	9.454564
128.38	9.332128
128.4	9.288711
128.42	9.365269
128.44	9.341344
128.46	9.317023
128.48	9.292379
128.5	9.267502
128.52	9.242492
128.54	9.217448
128.56	9.192483
128.58	9.167707
128.6	9.143243
128.62	9.09575
128.64	9.07299
128.66	9.051076
128.68	9.030154
128.7	9.010379
128.72	8.998909
128.74	8.991302
128.76	8.799076
128.78	8.630105
128.8	8.490507
128.82	8.574711
128.84	8.650445
128.86	8.730474
128.88	8.814513
128.9	8.902288
128.92	8.993543
128.94	8.975228
128.96	9.070569
128.98	9.051136
129	8.945573
129.02	8.845089
129.04	8.661153
129.06	8.578635
129.08	8.50306
129.1	8.440997
129.12	8.458511
129.14	8.459826
129.16	8.457501
129.18	8.454494
129.2	8.451494
129.22	8.445812
129.24	8.443179
129.26	8.4407
129.28	8.438317
129.3	8.436107
129.32	8.434052
129.34	8.432098
129.36	8.430322
129.38	8.429046
129.4	8.427851
129.42	8.426853
129.44	8.42537
129.46	8.424905
129.48	8.424631
129.5	8.424496
129.52	8.42457
129.54	8.424835
129.56	8.425239
129.58	8.425853
129.6	8.42666
129.62	8.427605
129.64	8.428761
129.66	8.43011
129.68	8.431599
129.7	8.433298
129.72	8.437225
129.74	8.439471
129.76	8.441911
129.78	8.444491
129.8	8.447284
129.82	8.450273
129.84	8.453402
129.86	8.456741
129.88	8.460277
129.9	8.467843
129.92	8.471927
129.94	8.476154
129.96	8.481069
129.98	8.485977
130	8.491072
130.02	8.496365
130.04	8.501813
130.06	8.507477
130.08	8.513342
130.1	8.519361
130.12	8.532021
130.14	8.5386
130.16	8.545388
130.18	8.552369
130.2	8.559499
130.22	8.566833
130.24	8.574356
130.26	8.581203
130.28	8.637225
130.3	8.698706
130.32	8.769193
130.34	8.848808
130.36	8.937138
130.38	9.033653
130.4	9.137814
130.42	9.15954
130.44	9.142885
130.46	9.127427
130.48	9.111303
130.5	9.094183
130.52	9.076037
130.54	9.056904
130.56	9.036833
130.58	8.994123
130.6	8.97162
130.62	8.948449
130.64	8.924691
130.66	8.900434
130.68	8.875764
130.7	8.85078
130.72	8.825585
130.74	8.800285
130.76	8.774995
130.78	8.749831
130.8	8.724922
130.82	8.700399
130.84	8.653065
130.86	8.630548
130.88	8.609005
130.9	8.588595
130.92	8.569489
130.94	8.564325
130.96	8.558989
130.98	8.553511
131	8.547883
131.02	8.536167
131.04	8.530504
131.06	8.525311
131.08	8.520449
131.1	8.515882
131.12	8.511605
131.14	8.507616
131.16	8.503915
131.18	8.500503
131.2	8.49738
131.22	8.494548
131.24	8.489753
131.26	8.487816
131.28	8.486182
131.3	8.484753
131.32	8.483671
131.34	8.482896
131.36	8.482422
131.38	8.482246
131.4	8.482535
131.42	8.483025
131.44	8.483794
131.46	8.486231
131.48	8.487906
131.5	8.489873
131.52	8.492146
131.54	8.494725
131.56	8.497607
131.58	8.5008
131.6	8.5043
131.62	8.508109
131.64	8.512231
131.66	8.516661
131.68	8.52647
131.7	8.531848
131.72	8.537541
131.74	8.467989
131.76	8.610348
131.78	8.491544
131.8	8.637992
131.82	8.507743
131.84	8.655509
131.86	8.523321
131.88	8.668876
131.9	8.617713
131.92	8.565114
131.94	8.616558
131.96	8.562671
131.98	8.613683
132	8.558394
132.02	8.608988
132.04	8.55222
132.06	8.544368
132.08	8.584537
132.1	8.548972
132.12	8.585766
132.14	8.551079
132.16	8.587651
132.18	8.553758
132.2	8.590755
132.22	8.557642
132.24	8.595198
132.26	8.562959
132.28	8.642482
132.3	8.640733
132.32	8.640241
132.34	8.639373
132.36	8.638112
132.38	8.636482
132.4	8.634519
132.42	8.632262
132.44	8.631907
132.46	8.63252
132.48	8.633576
132.5	8.634994
132.52	8.636839
132.54	8.641483
132.56	8.644402
132.58	8.647626
132.6	8.651191
132.62	8.655182
132.64	8.659482
132.66	8.664124
132.68	8.669193
132.7	8.674573
132.72	8.678782
132.74	8.68204
132.76	8.685267
132.78	8.69178
132.8	8.695085
132.82	8.698479
132.84	8.702073
132.86	8.705402
132.88	8.709013
132.9	8.712517
132.92	8.719897
132.94	8.723826
132.96	8.727783
132.98	8.73174
133	8.735752
133.02	8.739783
133.04	8.743847
133.06	8.747972
133.08	8.756288
133.1	8.760563
133.12	8.764702
133.14	8.768952
133.16	8.773278
133.18	8.777779
133.2	8.782068
133.22	8.786396
133.24	8.790971
133.26	8.79528
133.28	8.799846
133.3	8.804276
133.32	8.808814
133.34	8.818202
133.36	8.822774
133.38	8.827382
133.4	8.832228
133.42	8.836816
133.44	8.841649
133.46	8.846483
133.48	8.851185
133.5	8.856106
133.52	8.861026
133.54	8.870817
133.56	8.875819
133.58	8.880692
133.6	8.885776
133.62	8.890858
133.64	8.896076
133.66	8.901229
133.68	8.906359
133.7	8.911505
133.72	8.921781
133.74	8.926803
133.76	8.931988
133.78	8.936982
133.8	8.941966
133.82	8.947101
133.84	8.952053
133.86	8.956991
133.88	8.96207
133.9	8.97186
133.92	8.976876
133.94	8.981724
133.96	8.986527
133.98	8.991446
134	