0.02	4.372636
0.04	4.210048
0.06	4.044905
0.08	3.877427
0.1	3.707881
0.12	3.536591
0.14	3.363959
0.16	3.016812
0.18	2.843731
0.2	2.672274
0.22	2.339925
0.24	2.182982
0.26	2.035822
0.28	1.90212
0.3	1.786424
0.32	1.69406
0.34	1.630721
0.36	1.601641
0.38	1.610479
0.4	1.658403
0.42	1.743907
0.44	2.012505
0.46	2.18647
0.48	2.374933
0.5	2.155527
0.52	2.080948
0.54	2.156833
0.56	2.360969
0.58	2.661947
0.6	3.444137
0.62	3.86971
0.64	4.332487
0.66	4.808985
0.68	5.29465
0.7	5.708638
0.72	6.124833
0.74	6.541923
0.76	6.958942
0.78	7.436647
0.8	7.891322
0.82	8.724398
0.84	8.785741
0.86	8.792796
0.88	8.762247
0.9	8.754828
0.92	8.753808
0.94	8.755593
0.96	8.75956
0.98	8.764791
1	8.771097
1.02	8.77849
1.04	8.787023
1.06	8.831522
1.08	8.832351
1.1	8.823664
1.12	8.82178
1.14	8.820886
1.16	8.366076
1.18	8.617311
1.2	8.183022
1.22	8.452728
1.24	8.234706
1.26	8.489756
1.28	8.264048
1.3	8.500859
1.32	8.275544
1.34	8.492355
1.36	8.477263
1.38	8.285252
1.4	8.46067
1.42	8.28972
1.44	8.3685
1.46	8.250595
1.48	8.3154
1.5	8.209067
1.52	8.267019
1.54	8.173509
1.56	8.224888
1.58	8.14423
1.6	8.127201
1.62	8.222621
1.64	8.175765
1.66	8.259752
1.68	8.225602
1.7	8.300002
1.72	8.283652
1.74	8.348653
1.76	8.345386
1.78	8.400461
1.8	8.409027
1.82	8.452811
1.84	8.518676
1.86	8.554894
1.88	8.729825
1.9	8.727185
1.92	8.905956
1.94	8.92944
1.96	9.109217
1.98	9.033037
2	9.039413
2.02	9.043421
2.04	9.047598
2.06	9.052002
2.08	9.056557
2.1	9.06121
2.12	9.065912
2.14	9.07067
2.16	9.075452
2.18	9.080268
2.2	9.08509
2.22	9.089926
2.24	9.094751
2.26	9.099574
2.28	9.109146
2.3	9.113846
2.32	9.118535
2.34	9.123188
2.36	9.127749
2.38	9.132277
2.4	9.200018
2.42	9.272582
2.44	9.357344
2.46	9.442758
2.48	9.542402
2.5	9.638691
2.52	9.751149
2.54	9.856447
2.56	9.946575
2.58	10.02801
2.6	10.1217
2.62	10.20487
2.64	10.3853
2.66	10.48348
2.68	10.56776
2.7	10.66705
2.72	10.75089
2.74	10.87116
2.76	10.99215
2.78	11.11364
2.8	11.23544
2.82	11.35735
2.84	11.47921
2.86	11.60085
2.88	11.72214
2.9	11.50257
2.92	11.61808
2.94	11.09764
2.96	10.62219
2.98	10.19938
3	9.837324
3.02	9.544249
3.04	9.33637
3.06	9.331588
3.08	9.32313
3.1	9.313848
3.12	9.304113
3.14	9.301369
3.16	9.297856
3.18	9.29363
3.2	9.288722
3.22	9.28316
3.24	9.27697
3.26	9.270178
3.28	9.262811
3.3	9.254894
3.32	9.242928
3.34	9.230776
3.36	9.218441
3.38	9.193586
3.4	9.180972
3.42	9.168252
3.44	9.155459
3.46	9.142577
3.48	9.129636
3.5	9.116616
3.52	9.10355
3.54	9.090418
3.56	9.077253
3.58	9.064036
3.6	9.0508
3.62	9.024247
3.64	9.010944
3.66	8.997656
3.68	8.984358
3.7	8.971089
3.72	8.957829
3.74	8.944617
3.76	8.93138
3.78	8.918303
3.8	8.905549
3.82	8.892852
3.84	8.867804
3.86	8.855484
3.88	8.843335
3.9	8.831333
3.92	8.819522
3.94	8.807873
3.96	8.796432
3.98	8.785172
4	8.763307
4.02	8.752721
4.04	8.74221
4.06	8.732145
4.08	8.722612
4.1	8.713366
4.12	8.704407
4.14	8.695791
4.16	8.687487
4.18	8.679523
4.2	8.671906
4.22	8.664647
4.24	8.651231
4.26	8.645091
4.28	8.63934
4.3	8.633849
4.32	8.629023
4.34	8.624743
4.36	8.621004
4.38	8.617737
4.4	8.61493
4.42	8.612587
4.44	8.610713
4.46	8.609313
4.48	8.608392
4.5	8.607955
4.52	8.608007
4.54	8.608556
4.56	8.609474
4.58	8.610753
4.6	8.60731
4.62	8.603137
4.64	8.599091
4.66	8.595298
4.68	8.591784
4.7	8.585616
4.72	8.582952
4.74	8.580572
4.76	8.578464
4.78	8.576638
4.8	8.575249
4.82	8.573833
4.84	8.572778
4.86	8.572023
4.88	8.572129
4.9	8.572264
4.92	8.572656
4.94	8.573398
4.96	8.574343
4.98	8.576948
5	8.578603
5.02	8.580511
5.04	8.582631
5.06	8.584996
5.08	8.587234
5.1	8.5903
5.12	8.593153
5.14	8.596724
5.16	8.60043
5.18	8.604558
5.2	8.608764
5.22	8.613109
5.24	8.617655
5.26	8.622372
5.28	8.632382
5.3	8.63767
5.32	8.643117
5.34	8.648757
5.36	8.654551
5.38	8.660532
5.4	8.666658
5.42	8.672968
5.44	8.679419
5.46	8.686044
5.48	8.692835
5.5	8.706989
5.52	8.714508
5.54	8.722194
5.56	8.730059
5.58	8.737831
5.6	8.745669
5.62	8.75362
5.64	8.761637
5.66	8.769773
5.68	8.777965
5.7	8.786269
5.72	8.794621
5.74	8.803078
5.76	8.811577
5.78	8.820172
5.8	8.828802
5.82	8.846083
5.84	8.854889
5.86	8.863918
5.88	8.873018
5.9	8.89087
5.92	8.899745
5.94	8.908607
5.96	8.917457
5.98	8.926286
6	8.935096
6.02	8.943873
6.04	8.952626
6.06	8.961336
6.08	8.970016
6.1	8.978641
6.12	8.987232
6.14	8.995756
6.16	9.004244
6.18	9.012651
6.2	9.021018
6.22	9.037333
6.24	9.045572
6.26	9.053553
6.28	9.06144
6.3	9.069166
6.32	9.076737
6.34	9.084211
6.36	9.091513
6.38	9.098647
6.4	9.10567
6.42	9.112497
6.44	9.119154
6.46	9.125677
6.48	9.132011
6.5	9.144176
6.52	9.14999
6.54	9.155619
6.56	9.161095
6.58	9.16637
6.6	9.171483
6.62	9.176381
6.64	9.181117
6.66	9.185648
6.68	9.194151
6.7	9.198123
6.72	9.201911
6.74	9.216646
6.76	9.229589
6.78	9.241682
6.8	9.212438
6.82	9.227436
6.84	9.255146
6.86	9.287561
6.88	9.318471
6.9	9.354172
6.92	9.425675
6.94	9.460635
6.96	9.500585
6.98	9.5365
7	9.577512
7.02	9.556314
7.04	9.544838
7.06	9.522401
7.08	9.486369
7.1	9.472848
7.12	9.448897
7.14	9.434892
7.16	9.410745
7.18	9.396659
7.2	9.227059
7.22	9.232837
7.24	9.229799
7.26	9.224684
7.28	9.21909
7.3	9.213345
7.32	9.20752
7.34	9.195714
7.36	9.189715
7.38	9.183689
7.4	9.1776
7.42	9.171452
7.44	9.16528
7.46	9.159049
7.48	9.152802
7.5	9.170526
7.52	9.188645
7.54	9.207107
7.56	9.225858
7.58	9.351036
7.6	9.366669
7.62	9.506937
7.64	9.527667
7.66	9.689251
7.68	9.713471
7.7	9.893831
7.72	9.920053
7.74	10.11679
7.76	10.15895
7.78	10.05736
7.8	10.09469
7.82	9.988018
7.84	10.01741
7.86	9.912069
7.88	9.831762
7.9	9.850615
7.92	9.747454
7.94	9.46208
7.96	9.226438
7.98	9.045578
8	8.929491
8.02	8.944187
8.04	8.938316
8.06	8.914513
8.08	8.901964
8.1	8.889486
8.12	8.87714
8.14	8.864924
8.16	8.852864
8.18	8.840952
8.2	8.829211
8.22	8.817635
8.24	8.806247
8.26	8.795039
8.28	8.773232
8.3	8.76265
8.32	8.752285
8.34	8.742162
8.36	8.732272
8.38	8.72307
8.4	8.714041
8.42	8.705282
8.44	8.696844
8.46	8.688718
8.48	8.680935
8.5	8.673481
8.52	8.666386
8.54	8.659637
8.56	8.653266
8.58	8.647257
8.6	8.641641
8.62	8.631579
8.64	8.627151
8.66	8.623485
8.68	8.620264
8.7	8.617485
8.72	8.615169
8.74	8.613408
8.76	8.611958
8.78	8.610897
8.8	8.610424
8.82	8.610461
8.84	8.610998
8.86	8.608141
8.88	8.603955
8.9	8.59605
8.92	8.592559
8.94	8.589436
8.96	8.58662
8.98	8.584066
9	8.581777
9.02	8.579731
9.04	8.577942
9.06	8.576393
9.08	8.575096
9.1	8.574033
9.12	8.572633
9.14	8.572292
9.16	8.572172
9.18	8.571754
9.2	8.572575
9.22	8.573525
9.24	8.574876
9.26	8.576162
9.28	8.57771
9.3	8.579501
9.32	8.581483
9.34	8.583694
9.36	8.586084
9.38	8.588695
9.4	8.591489
9.42	8.594522
9.44	8.597717
9.46	8.601159
9.48	8.608617
9.5	8.612105
9.52	8.616673
9.54	8.621654
9.56	8.626656
9.58	8.631794
9.6	8.637039
9.62	8.642503
9.64	8.648102
9.66	8.653914
9.68	8.659859
9.7	8.672292
9.72	8.678778
9.74	8.685387
9.76	8.692194
9.78	8.699121
9.8	8.706243
9.82	8.71348
9.84	8.720907
9.86	8.728455
9.88	8.73634
9.9	8.744444
9.92	8.752832
9.94	8.761154
9.96	8.778018
9.98	8.786589
10	8.79527
10.02	8.804029
10.04	8.812893
10.06	8.821829
10.08	8.830862
10.1	8.839962
10.12	8.8584
10.14	8.867734
10.16	8.877122
10.18	8.886586
10.2	8.8961
10.22	8.90578
10.24	8.91559
10.26	8.925414
10.28	8.935192
10.3	8.944963
10.32	8.954752
10.34	8.964516
10.36	8.974299
10.38	8.993815
10.4	9.003542
10.42	9.013272
10.44	9.02296
10.46	9.032644
10.48	9.042278
10.5	9.051904
10.52	9.061474
10.54	9.071027
10.56	9.08052
10.58	9.089989
10.6	9.099397
10.62	9.10874
10.64	9.11801
10.66	9.127378
10.68	9.136609
10.7	9.145687
10.72	9.154673
10.74	9.163558
10.76	9.172322
10.78	9.189509
10.8	9.197902
10.82	9.206162
10.84	9.21437
10.86	9.222299
10.88	9.230145
10.9	9.237859
10.92	9.24542
10.94	9.252839
10.96	9.260196
10.98	9.267247
11	9.274202
11.02	9.28102
11.04	9.294166
11.06	9.300507
11.08	9.306671
11.1	9.312681
11.12	9.318508
11.14	9.324167
11.16	9.327951
11.18	9.33127
11.2	9.335324
11.22	9.340671
11.24	9.343924
11.26	9.346231
11.28	9.349711
11.3	9.351608
11.32	9.352704
11.34	9.484633
11.36	9.627811
11.38	9.640225
11.4	9.800024
11.42	9.816122
11.44	9.990561
11.46	10.00914
11.48	10.19779
11.5	10.29226
11.52	10.3251
11.54	10.26331
11.56	10.29257
11.58	10.23028
11.6	10.21229
11.62	10.19344
11.64	10.17377
11.66	10.15334
11.68	10.13223
11.7	10.11052
11.72	10.06561
11.74	10.04258
11.76	10.01931
11.78	9.995896
11.8	9.972394
11.82	9.948877
11.84	9.925451
11.86	9.902233
11.88	9.879348
11.9	9.856926
11.92	9.835103
11.94	9.81402
11.96	9.793822
11.98	9.774661
12	9.740079
12.02	9.724986
12.04	9.712626
12.06	9.46912
12.08	9.243524
12.1	9.053223
12.12	9.055579
12.14	9.048674
12.16	9.03948
12.18	9.029729
12.2	8.851244
12.22	8.868021
12.24	8.87523
12.26	8.878812
12.28	8.880127
12.3	8.879464
12.32	8.825817
12.34	8.825824
12.36	8.781383
12.38	8.777773
12.4	8.763163
12.42	8.760578
12.44	8.756483
12.46	8.751866
12.48	8.747288
12.5	8.742826
12.52	8.738442
12.54	8.734232
12.56	8.730181
12.58	8.726223
12.6	8.722476
12.62	8.71888
12.64	8.715462
12.66	8.712207
12.68	8.709144
12.7	8.706255
12.72	8.703571
12.74	8.701077
12.76	8.698801
12.78	8.697138
12.8	8.69447
12.82	8.693533
12.84	8.692888
12.86	8.692516
12.88	8.692451
12.9	8.692671
12.92	8.693208
12.94	8.694044
12.96	8.69521
12.98	8.696688
13	8.698508
13.02	8.70065
13.04	8.705985
13.06	8.70919
13.08	8.712743
13.1	8.716784
13.12	8.714249
13.14	8.708922
13.16	8.70321
13.18	8.697584
13.2	8.692085
13.22	8.686707
13.24	8.681447
13.26	8.671302
13.28	8.6664
13.3	8.661596
13.32	8.656891
13.34	8.652243
13.36	8.647707
13.38	8.643238
13.4	8.638886
13.42	8.634607
13.44	8.630449
13.46	8.626369
13.48	8.622417
13.5	8.618547
13.52	8.614811
13.54	8.607853
13.56	8.604835
13.58	8.601943
13.6	8.599096
13.62	8.596383
13.64	8.593778
13.66	8.591331
13.68	8.588992
13.7	8.586821
13.72	8.584759
13.74	8.582864
13.76	8.579472
13.78	8.577976
13.8	8.576654
13.82	8.575564
13.84	8.574542
13.86	8.573558
13.88	8.572965
13.9	8.572181
13.92	8.571675
13.94	8.571307
13.96	8.571239
13.98	8.571672
14	8.572455
14.02	8.573525
14.04	8.574355
14.06	8.575244
14.08	8.57628
14.1	8.577449
14.12	8.578777
14.14	8.581859
14.16	8.583612
14.18	8.585525
14.2	8.587274
14.22	8.58969
14.24	8.592077
14.26	8.594623
14.28	8.5972
14.3	8.600078
14.32	8.606648
14.34	8.610031
14.36	8.613526
14.38	8.617126
14.4	8.620854
14.42	8.624687
14.44	8.628648
14.46	8.636891
14.48	8.641172
14.5	8.645573
14.52	8.650066
14.54	8.654676
14.56	8.659377
14.58	8.66419
14.6	8.66909
14.62	8.674099
14.64	8.679192
14.66	8.684389
14.68	8.689901
14.7	8.69558
14.72	8.701229
14.74	8.71266
14.76	8.718455
14.78	8.724313
14.8	8.730212
14.82	8.736169
14.84	8.742162
14.86	8.748207
14.88	8.754284
14.9	8.760407
14.92	8.76656
14.94	8.772753
14.96	8.778969
14.98	8.785221
15	8.791492
15.02	8.797793
15.04	8.80411
15.06	8.816781
15.08	8.82317
15.1	8.82955
15.12	8.835944
15.14	8.842661
15.16	8.849195
15.18	8.855705
15.2	8.862107
15.22	8.868501
15.24	8.874859
15.26	8.881158
15.28	8.887417
15.3	8.899799
15.32	8.905891
15.34	8.911943
15.36	8.917917
15.38	8.923844
15.4	8.929809
15.42	8.935517
15.44	8.941229
15.46	8.946892
15.48	8.952459
15.5	8.957975
15.52	8.96351
15.54	8.968904
15.56	8.974072
15.58	8.979323
15.6	8.984469
15.62	8.994393
15.64	8.999277
15.66	9.003957
15.68	9.008593
15.7	9.018436
15.72	9.045997
15.74	9.048644
15.76	9.050726
15.78	9.052235
15.8	9.053191
15.82	9.053625
15.84	9.053567
15.86	9.053054
15.88	9.019715
15.9	9.025784
15.92	9.004834
15.94	9.122824
15.96	9.284973
15.98	9.488138
16	9.683153
16.02	9.951988
16.04	10.51672
16.06	10.79646
16.08	11.16098
16.1	10.76155
16.12	10.68532
16.14	10.66271
16.16	10.63812
16.18	10.58339
16.2	10.55336
16.22	10.52161
16.24	10.48818
16.26	10.45314
16.28	10.41653
16.3	10.37842
16.32	10.33887
16.34	9.919058
16.36	9.552258
16.38	9.24593
16.4	9.007325
16.42	8.859222
16.44	8.854026
16.46	8.843041
16.48	8.830623
16.5	8.924356
16.52	9.045533
16.54	9.192442
16.56	9.363259
16.58	9.556101
16.6	9.769076
16.62	10.00033
16.64	10.24807
16.66	10.02851
16.68	10.2183
16.7	10.31208
16.72	10.05505
16.74	10.23958
16.76	9.98105
16.78	10.16078
16.8	9.90128
16.82	10.07611
16.84	9.81625
16.86	9.736497
16.88	9.642139
16.9	9.462011
16.92	9.375708
16.94	9.276518
16.96	9.225821
16.98	9.17463
17	9.123076
17.02	9.0713
17.04	9.019448
17.06	8.96768
17.08	8.91616
17.1	8.865063
17.12	8.814574
17.14	8.764886
17.16	8.716202
17.18	8.622706
17.2	8.578349
17.22	8.535903
17.24	8.49562
17.26	8.457757
17.28	8.422582
17.3	8.411318
17.32	8.407368
17.34	8.396387
17.36	8.384364
17.38	8.35946
17.4	8.347347
17.42	8.335572
17.44	8.32407
17.46	8.31285
17.48	8.30202
17.5	8.291366
17.52	8.281622
17.54	8.272129
17.56	8.26298
17.58	8.254203
17.6	8.245811
17.62	8.230351
17.64	8.222994
17.66	8.216194
17.68	8.209862
17.7	8.203993
17.72	8.19887
17.74	8.193769
17.76	8.18992
17.78	8.186515
17.8	8.183618
17.82	8.18125
17.84	8.179423
17.86	8.17743
17.88	8.177283
17.9	8.177715
17.92	8.178734
17.94	8.180628
17.96	8.182899
17.98	8.18611
18	8.190179
18.02	8.194539
18.04	8.199644
18.06	8.205398
18.08	8.211786
18.1	8.218809
18.12	8.22647
18.14	8.243793
18.16	8.25353
18.18	8.263988
18.2	8.275216
18.22	8.287101
18.24	8.299617
18.26	8.312761
18.28	8.326533
18.3	8.340931
18.32	8.355955
18.34	8.371604
18.36	8.387903
18.38	8.404601
18.4	8.422493
18.42	8.459872
18.44	8.479407
18.46	8.499506
18.48	8.520163
18.5	8.541374
18.52	8.563133
18.54	8.585438
18.56	8.608241
18.58	8.631412
18.6	8.655551
18.62	8.680116
18.64	8.705131
18.66	8.730597
18.68	8.756508
18.7	8.782855
18.72	8.836828
18.74	8.864439
18.76	8.892457
18.78	8.920905
18.8	8.949415
18.82	8.978821
18.84	9.008402
18.86	9.038258
18.88	9.068398
18.9	9.098821
18.92	9.129516
18.94	9.191691
18.96	9.223152
18.98	9.254852
19	9.286783
19.02	9.318934
19.04	9.351511
19.06	9.38413
19.08	9.416857
19.1	9.449697
19.12	9.482641
19.14	9.515685
19.16	9.548819
19.18	9.580515
19.2	9.625583
19.22	9.646458
19.24	9.667065
19.26	9.687407
19.28	9.707591
19.3	9.7275
19.32	9.747369
19.34	9.767102
19.36	9.786821
19.38	9.806096
19.4	9.824934
19.42	9.843471
19.44	9.879521
19.46	9.897033
19.48	9.914248
19.5	9.931154
19.52	9.947887
19.54	9.964407
19.56	9.98075
19.58	9.996877
19.6	10.01282
19.62	10.02854
19.64	10.04407
19.66	10.07406
19.68	10.08891
19.7	10.1031
19.72	10.11705
19.74	10.13062
19.76	10.14393
19.78	10.15686
19.8	10.16941
19.82	10.18169
19.84	10.19357
19.86	10.20506
19.88	10.21625
19.9	10.22702
19.92	10.2374
19.94	10.25711
19.96	10.26636
19.98	10.27528
20	10.28378
20.02	10.29194
20.04	10.29966
20.06	10.30703
20.08	10.31399
20.1	10.32059
20.12	10.32676
20.14	10.33257
20.16	10.33801
20.18	10.34302
20.2	10.35195
20.22	10.49987
20.24	10.44277
20.26	10.58878
20.28	10.37657
20.3	10.57884
20.32	10.36597
20.34	10.57647
20.36	10.36354
20.38	10.36151
20.4	10.45499
20.42	10.3584
20.44	10.4507
20.46	10.35461
20.48	10.44578
20.5	10.35083
20.52	10.44205
20.54	10.34642
20.56	10.54469
20.58	10.34123
20.6	10.53925
20.62	10.33509
20.64	10.53253
20.66	10.32802
20.68	10.32003
20.7	10.51406
20.72	10.30761
20.74	10.37552
20.76	10.37611
20.78	10.36584
20.8	10.35736
20.82	10.3488
20.84	10.33991
20.86	10.33066
20.88	10.31209
20.9	10.27593
20.92	10.25104
20.94	10.1408
20.96	10.11535
20.98	10.00897
21	9.988458
21.02	9.89425
21.04	9.886366
21.06	9.867738
21.08	9.858101
21.1	9.848371
21.12	9.838568
21.14	9.828688
21.16	9.818746
21.18	9.808743
21.2	9.797838
21.22	9.785296
21.24	9.772584
21.26	9.759829
21.28	9.747016
21.3	9.734073
21.32	9.721041
21.34	9.707877
21.36	9.694624
21.38	9.667788
21.4	9.654234
21.42	9.640595
21.44	9.626919
21.46	9.613155
21.48	9.599325
21.5	9.58539
21.52	9.571342
21.54	9.557181
21.56	9.542892
21.58	9.528501
21.6	9.513989
21.62	9.499388
21.64	9.484673
21.66	9.469876
21.68	9.454975
21.7	9.42493
21.72	9.409796
21.74	9.394575
21.76	9.379331
21.78	9.363993
21.8	9.348604
21.82	9.333385
21.84	9.318289
21.86	9.303137
21.88	9.287994
21.9	9.272852
21.92	9.257727
21.94	9.242617
21.96	9.212473
21.98	9.197448
22	9.182455
22.02	9.167505
22.04	9.152596
22.06	9.137739
22.08	9.122931
22.1	9.108171
22.12	9.09353
22.14	9.078968
22.16	9.064775
22.18	9.05079
22.2	9.036857
22.22	9.023023
22.24	8.995707
22.26	8.982236
22.28	8.968906
22.3	8.955704
22.32	8.942648
22.34	8.929728
22.36	8.916961
22.38	8.904334
22.4	8.891869
22.42	8.879549
22.44	8.867329
22.46	8.855635
22.48	8.844263
22.5	8.822225
22.52	8.811363
22.54	8.800709
22.56	8.790244
22.58	8.779996
22.6	8.769941
22.62	8.760106
22.64	8.750468
22.66	8.741054
22.68	8.731838
22.7	8.722893
22.72	8.714115
22.74	8.706023
22.76	8.698103
22.78	8.690392
22.8	8.682928
22.82	8.66869
22.84	8.661913
22.86	8.655385
22.88	8.649075
22.9	8.643012
22.92	8.637164
22.94	8.631563
22.96	8.626178
22.98	8.621038
23	8.616112
23.02	8.61143
23.04	8.607099
23.06	8.599758
23.08	8.596482
23.1	8.593328
23.12	8.590358
23.14	8.587638
23.16	8.585101
23.18	8.582821
23.2	8.580719
23.22	8.578872
23.24	8.577196
23.26	8.575584
23.28	8.574564
23.3	8.573516
23.32	8.57267
23.34	8.57204
23.36	8.572134
23.38	8.572078
23.4	8.572466
23.42	8.5732
23.44	8.574284
23.46	8.575309
23.48	8.57644
23.5	8.577741
23.52	8.579185
23.54	8.5808
23.56	8.582552
23.58	8.584466
23.6	8.586257
23.62	8.590964
23.64	8.593427
23.66	8.596057
23.68	8.598884
23.7	8.602
23.72	8.605156
23.74	8.611709
23.76	8.615108
23.78	8.618604
23.8	8.622164
23.82	8.625808
23.84	8.629511
23.86	8.633287
23.88	8.637115
23.9	8.641008
23.92	8.644943
23.94	8.648936
23.96	8.657042
23.98	8.661146
24	8.665293
24.02	8.669459
24.04	8.673659
24.06	8.677873
24.08	8.682113
24.1	8.68636
24.12	8.690856
24.14	8.695354
24.16	8.699753
24.18	8.708433
24.2	8.712736
24.22	8.716979
24.24	8.721192
24.26	8.725464
24.28	8.729495
24.3	8.733546
24.32	8.737564
24.34	8.741496
24.36	8.745392
24.38	8.749326
24.4	8.753124
24.42	8.756693
24.44	8.760366
24.46	8.767298
24.48	8.770726
24.5	8.774052
24.52	8.777179
24.54	8.783845
24.56	8.761301
24.58	8.783113
24.6	8.761176
24.62	8.782312
24.64	8.793338
24.66	8.945676
24.68	8.986157
24.7	9.182251
24.72	8.981108
24.74	9.173738
24.76	8.973001
24.78	9.161601
24.8	8.962068
24.82	9.098175
24.84	9.052194
24.86	9.00824
24.88	8.966565
24.9	8.927423
24.92	8.891068
24.94	8.85777
24.96	8.827798
24.98	8.808878
25	8.814991
25.02	8.816286
25.04	8.816672
25.06	8.816965
25.08	8.817799
25.1	8.817655
25.12	8.817147
25.14	8.816487
25.16	8.815722
25.18	8.814861
25.2	8.81391
25.22	8.812874
25.24	8.811746
25.26	8.810535
25.28	8.809226
25.3	8.807803
25.32	8.806305
25.34	8.802996
25.36	8.80111
25.38	8.799061
25.4	8.796964
25.42	8.794772
25.44	8.792525
25.46	8.790195
25.48	8.694631
25.5	8.790727
25.52	8.690501
25.54	8.785083
25.56	8.685325
25.58	8.756966
25.6	8.837845
25.62	8.944597
25.64	9.044907
25.66	8.927692
25.68	9.02514
25.7	8.907058
25.72	9.001261
25.74	8.882805
25.76	8.956464
25.78	8.830785
25.8	8.921903
25.82	8.795022
25.84	8.887754
25.86	8.869898
25.88	8.851692
25.9	8.814044
25.92	8.794731
25.94	8.775207
25.96	8.755566
25.98	8.735909
26	8.716339
26.02	8.696972
26.04	8.677922
26.06	8.650359
26.08	8.641248
26.1	8.632024
26.12	8.622691
26.14	8.61326
26.16	8.603745
26.18	8.595151
26.2	8.587152
26.22	8.579547
26.24	8.572345
26.26	8.565508
26.28	8.559079
26.3	8.553029
26.32	8.547404
26.34	8.537349
26.36	8.532892
26.38	8.529326
26.4	8.526094
26.42	8.523284
26.44	8.520956
26.46	8.519082
26.48	8.516798
26.5	8.516401
26.52	8.516483
26.54	8.517092
26.56	8.518189
26.58	8.519826
26.6	8.521965
26.62	8.524655
26.64	8.527861
26.66	8.531652
26.68	8.535825
26.7	8.541107
26.72	8.5468
26.74	8.552995
26.76	8.559768
26.78	8.567081
26.8	8.574985
26.82	8.588735
26.84	8.592178
26.86	8.595397
26.88	8.598778
26.9	8.602299
26.92	8.606022
26.94	8.609914
26.96	8.614015
26.98	8.618557
27	8.623463
27.02	8.628469
27.04	8.633598
27.06	8.638918
27.08	8.650005
27.1	8.65578
27.12	8.661757
27.14	8.66791
27.16	8.674276
27.18	8.68082
27.2	8.687576
27.22	8.694511
27.24	8.701661
27.26	8.716532
27.28	8.724255
27.3	8.73232
27.32	8.740786
27.34	8.749542
27.36	8.758275
27.38	8.776188
27.4	8.785408
27.42	8.794756
27.44	8.804306
27.46	8.813979
27.48	8.823852
27.5	8.833845
27.52	8.844036
27.54	8.854346
27.56	8.86485
27.58	8.87547
27.6	8.886281
27.62	8.897243
27.64	8.90862
27.66	8.920138
27.68	8.931644
27.7	8.943253
27.72	8.954946
27.74	8.966754
27.76	8.99065
27.78	9.002732
27.8	9.014921
27.82	9.027184
27.84	9.039549
27.86	9.051982
27.88	9.064511
27.9	9.077105
27.92	9.08979
27.94	9.115273
27.96	9.128322
27.98	9.141312
28	9.15432
28.02	9.16732
28.04	9.180358
28.06	9.193379
28.08	9.206433
28.1	9.219463
28.12	9.232521
28.14	9.24555
28.16	9.2586
28.18	9.284647
28.2	9.29764
28.22	9.31064
28.24	9.323598
28.26	9.336558
28.28	9.34947
28.3	9.362379
28.32	9.375236
28.34	9.38807
28.36	9.400946
28.38	9.41368
28.4	9.426299
28.42	9.45125
28.44	9.463584
28.46	9.475794
28.48	9.487916
28.5	9.499911
28.52	9.511811
28.54	9.52358
28.56	9.535248
28.58	9.546778
28.6	9.558204
28.62	9.569488
28.64	9.580743
28.66	9.602574
28.68	9.613326
28.7	9.623932
28.72	9.634389
28.74	9.644798
28.76	9.65489
28.78	9.664895
28.8	9.674763
28.82	9.684467
28.84	9.694021
28.86	9.703343
28.88	9.721504
28.9	9.730266
28.92	9.738754
28.94	9.747031
28.96	9.755119
28.98	9.762937
29	9.770538
29.02	9.777898
29.04	9.785038
29.06	9.746559
29.08	9.736381
29.1	9.839516
29.12	9.749482
29.14	9.851852
29.16	9.862664
29.18	9.771092
29.2	9.871126
29.22	9.77931
29.24	9.879227
29.26	9.694519
29.28	9.902347
29.3	9.703411
29.32	9.913715
29.34	9.710659
29.36	9.920771
29.38	9.922229
29.4	9.922971
29.42	9.923068
29.44	9.92144
29.46	9.919767
29.48	9.917557
29.5	9.914844
29.52	9.911662
29.54	9.908051
29.56	9.90405
29.58	9.899709
29.6	9.895077
29.62	9.890208
29.64	9.885162
29.66	9.879999
29.68	9.874787
29.7	9.869597
29.72	9.865446
29.74	9.861872
29.76	9.857594
29.78	9.853125
29.8	9.843985
29.82	9.839344
29.84	9.834657
29.86	9.829928
29.88	9.825163
29.9	9.820352
29.92	9.815507
29.94	9.810629
29.96	9.805714
29.98	9.800771
30	9.795795
30.02	9.790797
30.04	9.785773
30.06	9.744094
30.08	9.680449
30.1	9.736965
30.12	9.670722
30.14	9.727146
30.16	9.660479
30.18	9.716687
30.2	9.666461
30.22	9.624211
30.24	9.63851
30.26	9.593625
30.28	9.584747
30.3	9.58007
30.32	9.575435
30.34	9.568678
30.36	9.559963
30.38	9.550922
30.4	9.541966
30.42	9.532981
30.44	9.523895
30.46	9.514747
30.48	9.505478
30.5	9.486573
30.52	9.476954
30.54	9.467271
30.56	9.457365
30.58	9.44739
30.6	9.437321
30.62	9.427128
30.64	9.416857
30.66	9.406534
30.68	9.396006
30.7	9.385402
30.72	9.374773
30.74	9.364063
30.76	9.353489
30.78	9.332159
30.8	9.321435
30.82	9.310663
30.84	9.29987
30.86	9.289033
30.88	9.278179
30.9	9.267286
30.92	9.256379
30.94	9.245439
30.96	9.234489
30.98	9.212526
31	9.201516
31.02	9.190508
31.04	9.179478
31.06	9.168453
31.08	9.157413
31.1	9.146383
31.12	9.135341
31.14	9.124315
31.16	9.113281
31.18	9.102192
31.2	9.091282
31.22	9.080492
31.24	9.069887
31.26	9.048758
31.28	9.03826
31.3	9.027804
31.32	9.017428
31.34	9.007099
31.36	8.996855
31.38	8.986659
31.4	8.976551
31.42	8.966496
31.44	8.956532
31.46	8.946622
31.48	8.936808
31.5	8.927051
31.52	8.917392
31.54	8.907795
31.56	8.898299
31.58	8.888868
31.6	8.879541
31.62	8.870324
31.64	8.861512
31.66	8.852865
31.68	8.835723
31.7	8.827316
31.72	8.819039
31.74	8.810877
31.76	8.802844
31.78	8.794927
31.8	8.787139
31.82	8.779467
31.84	8.771926
31.86	8.764501
31.88	8.757207
31.9	8.750031
31.92	8.742986
31.94	8.736058
31.96	8.722586
31.98	8.715953
32	8.709832
32.02	8.703949
32.04	8.698112
32.06	8.692412
32.08	8.686838
32.1	8.681423
32.12	8.676125
32.14	8.670987
32.16	8.665965
32.18	8.6611
32.2	8.656349
32.22	8.651755
32.24	8.647271
32.26	8.63872
32.28	8.63465
32.3	8.630687
32.32	8.626873
32.34	8.623164
32.36	8.619601
32.38	8.616141
32.4	8.612826
32.42	8.609722
32.44	8.607018
32.46	8.604383
32.48	8.601811
32.5	8.599361
32.52	8.597022
32.54	8.594809
32.56	8.592704
32.58	8.590719
32.6	8.58884
32.62	8.587076
32.64	8.585411
32.66	8.582401
32.68	8.581051
32.7	8.579792
32.72	8.578636
32.74	8.577567
32.76	8.576599
32.78	8.575773
32.8	8.574989
32.82	8.574405
32.84	8.573641
32.86	8.573074
32.88	8.572364
32.9	8.572344
32.92	8.572171
32.94	8.572185
32.96	8.572256
32.98	8.572365
33	8.572553
33.02	8.572882
33.04	8.573088
33.06	8.573412
33.08	8.573802
33.1	8.574682
33.12	8.575287
33.14	8.575744
33.16	8.576303
33.18	8.576916
33.2	8.577531
33.22	8.578201
33.24	8.578992
33.26	8.579741
33.28	8.580359
33.3	8.581167
33.32	8.581965
33.34	8.582647
33.36	8.583491
33.38	8.58505
33.4	8.585832
33.42	8.651277
33.44	8.644591
33.46	8.642305
33.48	8.640266
33.5	8.637785
33.52	8.634743
33.54	8.631136
33.56	8.622324
33.58	8.617188
33.6	8.61162
33.62	8.605665
33.64	8.599378
33.66	8.59281
33.68	8.59127
33.7	8.590971
33.72	8.586679
33.74	8.585598
33.76	8.584755
33.78	8.584149
33.8	8.583719
33.82	8.583525
33.84	8.583563
33.86	8.58383
33.88	8.584326
33.9	8.585049
33.92	8.585996
33.94	8.58856
33.96	8.590176
33.98	8.592012
34	8.594069
34.02	8.596344
34.04	8.596848
34.06	8.596794
34.08	8.596517
34.1	8.596215
34.12	8.59588
34.14	8.595509
34.16	8.595101
34.18	8.59466
34.2	8.594316
34.22	8.59385
34.24	8.593385
34.26	8.592903
34.28	8.592412
34.3	8.591373
34.32	8.590827
34.34	8.590376
34.36	8.589922
34.38	8.58941
34.4	8.588605
34.42	8.587959
34.44	8.587355
34.46	8.58672
34.48	8.516065
34.5	8.631019
34.52	8.524256
34.54	8.641664
34.56	8.526839
34.58	8.644228
34.6	8.643547
34.62	8.525174
34.64	8.627098
34.66	8.537482
34.68	8.61875
34.7	8.527639
34.72	8.61141
34.74	8.518633
34.76	8.602549
34.78	8.507984
34.8	8.591922
34.82	8.4955
34.84	8.534067
34.86	8.575977
34.88	8.574405
34.9	8.571756
34.92	8.570854
34.94	8.570257
34.96	8.570108
34.98	8.570225
35	8.570657
35.02	8.571551
35.04	8.57204
35.06	8.572276
35.08	8.572283
35.1	8.572288
35.12	8.572612
35.14	8.572924
35.16	8.573537
35.18	8.574016
35.2	8.574614
35.22	8.575964
35.24	8.576746
35.26	8.577785
35.28	8.578496
35.3	8.579433
35.32	8.580332
35.34	8.581607
35.36	8.582825
35.38	8.584188
35.4	8.585445
35.42	8.588385
35.44	8.590168
35.46	8.591649
35.48	8.593451
35.5	8.595193
35.52	8.597145
35.54	8.599133
35.56	8.601244
35.58	8.603429
35.6	8.60573
35.62	8.610602
35.64	8.613029
35.66	8.615795
35.68	8.61858
35.7	8.621889
35.72	8.625111
35.74	8.6284
35.76	8.631706
35.78	8.63864
35.8	8.64226
35.82	8.645954
35.84	8.649765
35.86	8.653651
35.88	8.657655
35.9	8.661736
35.92	8.665935
35.94	8.670213
35.96	8.674609
35.98	8.679086
36	8.683682
36.02	8.688359
36.04	8.693159
36.06	8.69804
36.08	8.703045
36.1	8.70813
36.12	8.713341
36.14	8.724184
36.16	8.729897
36.18	8.73564
36.2	8.741483
36.22	8.747396
36.24	8.753362
36.26	8.759426
36.28	8.765546
36.3	8.771765
36.32	8.778038
36.34	8.784408
36.36	8.790833
36.38	8.803926
36.4	8.810595
36.42	8.817315
36.44	8.824128
36.46	8.830993
36.48	8.837949
36.5	8.844956
36.52	8.852053
36.54	8.8592
36.56	8.866435
36.58	8.87372
36.6	8.881093
36.62	8.888552
36.64	8.896227
36.66	8.903873
36.68	8.911524
36.7	8.919217
36.72	8.934662
36.74	8.942411
36.76	8.950201
36.78	8.957995
36.8	8.965827
36.82	8.973659
36.84	8.981525
36.86	8.989391
36.88	8.997289
36.9	9.005181
36.92	9.013185
36.94	9.029022
36.96	9.036892
36.98	9.044827
37	9.05279
37.02	9.060931
37.04	9.068687
37.06	9.076686
37.08	9.08453
37.1	9.092447
37.12	9.100233
37.14	9.108133
37.16	9.115976
37.18	9.12394
37.2	9.1319
37.22	9.13971
37.24	9.147552
37.26	9.155142
37.28	9.170316
37.3	9.177977
37.32	9.185238
37.34	9.192664
37.36	9.199989
37.38	9.207083
37.4	9.214293
37.42	9.221404
37.44	9.22829
37.46	9.235274
37.48	9.242157
37.5	9.248821
37.52	9.26221
37.54	9.268644
37.56	9.275141
37.58	9.281535
37.6	9.287726
37.62	9.293881
37.64	9.300015
37.66	9.306
37.68	9.31191
37.7	9.308964
37.72	9.3059
37.74	9.290959
37.76	9.321164
37.78	9.304192
37.8	9.334689
37.82	9.227137
37.84	9.357865
37.86	9.242623
37.88	9.373792
37.9	9.388394
37.92	9.2716
37.94	9.402974
37.96	9.285941
37.98	9.415247
38	9.418831
38.02	9.305771
38.04	9.309753
38.06	9.313292
38.08	9.316764
38.1	9.320247
38.12	9.323689
38.14	9.327163
38.16	9.334163
38.18	9.33764
38.2	9.341139
38.22	9.344654
38.24	9.348183
38.26	9.351724
38.28	9.355275
38.3	9.358835
38.32	9.362384
38.34	9.365939
38.36	9.369499
38.38	9.373063
38.4	9.376629
38.42	9.380198
38.44	9.383767
38.46	9.387389
38.48	9.394622
38.5	9.397202
38.52	9.397355
38.54	9.396779
38.56	9.395897
38.58	9.39486
38.6	9.393655
38.62	9.39229
38.64	9.390767
38.66	9.387254
38.68	9.385266
38.7	9.383132
38.72	9.380849
38.74	9.378405
38.76	9.375804
38.78	9.373051
38.8	9.370147
38.82	9.367105
38.84	9.364032
38.86	9.360801
38.88	9.357474
38.9	9.350541
38.92	9.346938
38.94	9.34325
38.96	9.339535
38.98	9.335717
39	9.331722
39.02	9.327576
39.04	9.323397
39.06	9.378041
39.08	9.347094
39.1	9.325757
39.12	9.370864
39.14	9.2803
39.16	9.341667
39.18	9.26044
39.2	9.323975
39.22	9.305044
39.24	9.221313
39.26	9.284601
39.28	9.20188
39.3	9.260497
39.32	9.187614
39.34	9.246117
39.36	9.171597
39.38	9.230492
39.4	9.155763
39.42	9.215084
39.44	9.140443
39.46	9.200214
39.48	9.125721
39.5	9.209626
39.52	9.073228
39.54	9.168232
39.56	9.037072
39.58	9.033175
39.6	9.020735
39.62	9.014426
39.64	9.008181
39.66	9.002387
39.68	8.996603
39.7	8.991184
39.72	8.98594
39.74	8.975988
39.76	8.971422
39.78	8.967046
39.8	8.962891
39.82	8.959049
39.84	8.955401
39.86	8.951983
39.88	8.948886
39.9	8.945988
39.92	8.943323
39.94	8.94099
39.96	8.938861
39.98	8.936972
40	8.933997
40.02	8.932915
40.04	8.932092
40.06	8.930947
40.08	8.925611
40.1	8.919402
40.12	8.913092
40.14	8.906764
40.16	8.900422
40.18	8.894115
40.2	8.881552
40.22	8.875281
40.24	8.869254
40.26	8.863303
40.28	8.857356
40.3	8.851524
40.32	8.845586
40.34	8.839763
40.36	8.834007
40.38	8.82828
40.4	8.82263
40.42	8.817103
40.44	8.811479
40.46	8.805967
40.48	8.795115
40.5	8.789781
40.52	8.784573
40.54	8.779266
40.56	8.774076
40.58	8.768958
40.6	8.763868
40.62	8.758859
40.64	8.753977
40.66	8.748999
40.68	8.744138
40.7	8.739349
40.72	8.734591
40.74	8.729916
40.76	8.725367
40.78	8.720724
40.8	8.716178
40.82	8.707853
40.84	8.703835
40.86	8.699734
40.88	8.695774
40.9	8.691909
40.92	8.688091
40.94	8.684372
40.96	8.680805
40.98	8.677145
41	8.673624
41.02	8.67019
41.04	8.6668
41.06	8.663504
41.08	8.660357
41.1	8.657113
41.12	8.654
41.14	8.650972
41.16	8.647986
41.18	8.642336
41.2	8.63948
41.22	8.636752
41.24	8.634107
41.26	8.631497
41.28	8.628973
41.3	8.626594
41.32	8.624103
41.34	8.621736
41.36	8.619447
41.38	8.617191
41.4	8.615016
41.42	8.610833
41.44	8.609061
41.46	8.607349
41.48	8.605631
41.5	8.603975
41.52	8.602347
41.54	8.600803
41.56	8.599415
41.58	8.598017
41.6	8.596516
41.62	8.595247
41.64	8.594002
41.66	8.592663
41.68	8.59154
41.7	8.590439
41.72	8.588262
41.74	8.587294
41.76	8.586242
41.78	8.585286
41.8	8.584425
41.82	8.583576
41.84	8.582786
41.86	8.582018
41.88	8.581392
41.9	8.570445
41.92	8.576636
41.94	8.576542
41.96	8.574643
41.98	8.572635
42	8.575782
42.02	8.58069
42.04	8.582332
42.06	8.5834
42.08	8.583882
42.1	8.583779
42.12	8.583096
42.14	8.581846
42.16	8.58005
42.18	8.577727
42.2	8.574901
42.22	8.560655
42.24	8.542463
42.26	8.532216
42.28	8.494886
42.3	8.525297
42.32	8.485506
42.34	8.512689
42.36	8.475825
42.38	8.501051
42.4	8.467337
42.42	8.49065
42.44	8.460094
42.46	8.481491
42.48	8.46071
42.5	8.488378
42.52	8.459248
42.54	8.486937
42.56	8.457153
42.58	8.484819
42.6	8.481989
42.62	8.45083
42.64	8.478494
42.66	8.464843
42.68	8.467452
42.7	8.468317
42.72	8.469061
42.74	8.470071
42.76	8.471337
42.78	8.474833
42.8	8.476999
42.82	8.479506
42.84	8.482285
42.86	8.485407
42.88	8.488798
42.9	8.492472
42.92	8.496477
42.94	8.500756
42.96	8.505369
42.98	8.510377
43	8.51557
43.02	8.521089
43.04	8.526896
43.06	8.533006
43.08	8.539583
43.1	8.546379
43.12	8.560779
43.14	8.568386
43.16	8.576237
43.18	8.584343
43.2	8.592712
43.22	8.600681
43.24	8.602512
43.26	8.602932
43.28	8.603374
43.3	8.603663
43.32	8.603909
43.34	8.604133
43.36	8.604511
43.38	8.604669
43.4	8.604807
43.42	8.604921
43.44	8.605017
43.46	8.605089
43.48	8.605142
43.5	8.581379
43.52	8.644015
43.54	8.642108
43.56	8.639632
43.58	8.636567
43.6	8.632926
43.62	8.628736
43.64	8.624027
43.66	8.618837
43.68	8.613206
43.7	8.607178
43.72	8.600803
43.74	8.599473
43.76	8.598311
43.78	8.597116
43.8	8.596133
43.82	8.595408
43.84	8.594954
43.86	8.59477
43.88	8.594855
43.9	8.595215
43.92	8.595848
43.94	8.596757
43.96	8.59782
43.98	8.597657
44	8.597266
44.02	8.596208
44.04	8.595675
44.06	8.595122
44.08	8.594558
44.1	8.594148
44.12	8.593603
44.14	8.593078
44.16	8.592553
44.18	8.592038
44.2	8.591516
44.22	8.590997
44.24	8.59061
44.26	8.590213
44.28	8.589774
44.3	8.588996
44.32	8.588414
44.34	8.587393
44.36	8.58689
44.38	8.586417
44.4	8.585917
44.42	8.58542
44.44	8.584921
44.46	8.584428
44.48	8.584012
44.5	8.583596
44.52	8.583105
44.54	8.582056
44.56	8.581581
44.58	8.581173
44.6	8.5807
44.62	8.580245
44.64	8.579807
44.66	8.529202
44.68	8.631207
44.7	8.578489
44.72	8.668198
44.74	8.58745
44.76	8.678653
44.78	8.594919
44.8	8.686695
44.82	8.599844
44.84	8.691966
44.86	8.6019
44.88	8.694307
44.9	8.600965
44.92	8.607114
44.94	8.532023
44.96	8.563919
44.98	8.525582
45	8.554883
45.02	8.521463
45.04	8.547202
45.06	8.518549
45.08	8.540686
45.1	8.51316
45.12	8.535456
45.14	8.530731
45.16	8.513185
45.18	8.527137
45.2	8.514855
45.22	8.524698
45.24	8.5177
45.26	8.52342
45.28	8.523064
45.3	8.528292
45.32	8.527949
45.34	8.530147
45.36	8.533063
45.38	8.532314
45.4	8.544032
45.42	8.543383
45.44	8.552089
45.46	8.551869
45.48	8.600128
45.5	8.654529
45.52	8.71459
45.54	8.792417
45.56	8.862761
45.58	8.945354
45.6	9.020975
45.62	9.121497
45.64	9.205448
45.66	9.342838
45.68	9.451375
45.7	9.603753
45.72	9.885345
45.74	10.00821
45.76	10.1835
45.78	10.31087
45.8	10.49445
45.82	10.62495
45.84	10.49047
45.86	10.35462
45.88	10.21751
45.9	10.07929
45.92	9.940072
45.94	9.800028
45.96	9.659321
45.98	9.518136
46	9.376676
46.02	9.23516
46.04	8.544426
46.06	8.307348
46.08	8.161663
46.1	8.198947
46.12	8.197515
46.14	8.184015
46.16	8.167765
46.18	8.150797
46.2	8.133513
46.22	8.115997
46.24	8.098276
46.26	8.080344
46.28	8.062307
46.3	8.044026
46.32	8.025517
46.34	8.006782
46.36	7.968631
46.38	7.949215
46.4	7.929572
46.42	7.909703
46.44	7.889603
46.46	7.869276
46.48	7.84872
46.5	7.827934
46.52	7.806919
46.54	7.785674
46.56	7.764198
46.58	7.742492
46.6	7.720555
46.62	7.698387
46.64	7.675986
46.66	7.653355
46.68	7.607394
46.7	7.584063
46.72	7.560501
46.74	7.536704
46.76	7.512675
46.78	7.48841
46.8	7.463912
46.82	7.43918
46.84	7.414213
46.86	7.38901
46.88	7.363574
46.9	7.337901
46.92	7.312048
46.94	7.259762
46.96	7.233231
46.98	7.206488
47	7.179515
47.02	7.152306
47.04	7.12486
47.06	7.097177
47.08	7.069257
47.1	7.041099
47.12	7.012704
47.14	6.955201
47.16	6.926091
47.18	6.896746
47.2	6.86716
47.22	6.837338
47.24	6.807276
47.26	6.776978
47.28	6.746439
47.3	6.684649
47.32	6.653397
47.34	6.621904
47.36	6.590175
47.38	6.558205
47.4	6.525999
47.42	6.493553
47.44	6.46087
47.46	6.427946
47.48	6.394786
47.5	6.361386
47.52	6.32775
47.54	6.293873
47.56	6.225408
47.58	6.190819
47.6	6.15599
47.62	6.120926
47.64	6.085623
47.66	6.050084
47.68	6.014307
47.7	5.978294
47.72	5.942042
47.74	5.905557
47.76	5.868833
47.78	5.831876
47.8	5.79468
47.82	5.757251
47.84	5.719585
47.86	5.681687
47.88	5.643552
47.9	5.605186
47.92	5.566583
47.94	5.52775
47.96	5.488682
47.98	5.449385
48	5.370092
48.02	5.330099
48.04	5.289878
48.06	5.249424
48.08	5.208745
48.1	5.167835
48.12	5.126701
48.14	5.085337
48.16	5.04375
48.18	5.001936
48.2	4.9599
48.22	4.917638
48.24	4.875157
48.26	4.832452
48.28	4.746386
48.3	4.703027
48.32	4.659449
48.34	4.615659
48.36	4.571651
48.38	4.527435
48.4	4.483005
48.42	4.438368
48.44	4.393521
48.46	4.348471
48.48	4.303215
48.5	4.212101
48.52	4.166249
48.54	4.120198
48.56	4.073958
48.58	4.02752
48.6	3.980898
48.62	3.934093
48.64	3.887105
48.66	3.839941
48.68	3.792601
48.7	3.697413
48.72	3.649573
48.74	3.601574
48.76	3.553422
48.78	3.505121
48.8	3.456676
48.82	3.408093
48.84	3.359379
48.86	3.310539
48.88	3.26158
48.9	3.212511
48.92	3.163338
48.94	3.11407
48.96	3.064716
48.98	3.015285
49	2.965789
49.02	2.866645
49.04	2.817021
49.06	2.767382
49.08	2.717742
49.1	2.668117
49.12	2.618524
49.14	2.568983
49.16	2.519515
49.18	2.470141
49.2	2.420885
49.22	2.371774
49.24	2.322837
49.26	2.226168
49.28	2.1785
49.3	2.13121
49.32	2.084359
49.34	2.037999
49.36	1.992185
49.38	1.946978
49.4	1.902441
49.42	1.858644
49.44	1.815664
49.46	1.773582
49.48	1.732488
49.5	1.692478
49.52	1.653656
49.54	1.616134
49.56	1.545468
49.58	1.512585
49.6	1.479257
49.62	1.445464
49.64	1.411426
49.66	1.377177
49.68	1.344376
49.7	1.045293
49.72	0.7354262
49.74	0.3283557
49.76	0.4663696
49.78	0.5614856
49.8	0.1740818
49.82	0.2204743
49.84	0.3032564
49.86	0.3425767
49.88	0.3183961
49.9	0.3250407
49.92	0.313251
49.94	0.3076687
49.96	0.2986515
49.98	0.291626
50	0.273784
50.02	0.2812115
50.04	0.2692637
50.06	0.2689584
50.08	0.2751175
50.1	0.2748019
50.12	0.2680506
50.14	0.2502695
50.16	0.2682084
50.18	0.2584655
50.2	0.2740582
50.22	0.2656916
50.24	0.2719781
50.26	0.249972
50.28	0.2913542
50.3	0.2677978
50.32	0.2654522
50.34	0.269624
50.36	0.2628505
50.38	0.2652963
50.4	0.2552567
50.42	0.2770833
50.44	0.2622917
50.46	0.2649997
50.48	0.2550014
50.5	0.2684755
50.52	0.265429
50.54	0.2607141
50.56	0.2595024
50.58	0.2503327
50.6	0.2691258
50.62	0.26418
50.64	0.2658665
50.66	0.2573625
50.68	0.2727362
50.7	0.2535045
50.72	0.2728305
50.74	0.2672635
50.76	0.2675332
50.78	0.2817823
50.8	0.260066
50.82	0.2729205
50.84	0.2511219
50.86	0.2706717
50.88	0.2633609
50.9	0.2633218
50.92	0.2533818
50.94	0.2682324
50.96	0.2641825
50.98	0.2662729
51	0.2574143
51.02	0.2727705
51.04	0.2529926
51.06	0.2728853
51.08	0.2667851
51.1	0.2674696
51.12	0.2816474
51.14	0.2599568
51.16	0.270838
51.18	0.2601259
51.2	0.2732375
51.22	0.2572562
51.24	0.264525
51.26	0.2606427
51.28	0.2732525
51.3	0.25246
51.32	0.2727425
51.34	0.2516981
51.36	0.272973
51.38	0.2543347
51.4	0.2742086
51.42	0.257887
51.44	0.2716061
51.46	0.2615889
51.48	0.2758054
51.5	0.2534684
51.52	0.2611957
51.54	0.2648516
51.56	0.2540829
51.58	0.2628228
51.6	0.2603784
51.62	0.2737957
51.64	0.2551055
51.66	0.275148
51.68	0.2532484
51.7	0.2780251
51.72	0.2618451
51.74	0.2664657
51.76	0.255113
51.78	0.2644853
51.8	0.2701143
51.82	0.2607277
51.84	0.2613165
51.86	0.2511292
51.88	0.2685265
51.9	0.2621859
51.92	0.265036
51.94	0.2561854
51.96	0.2828313
51.98	0.2645678
52	0.2553849
52.02	0.2660991
52.04	0.263629
52.06	0.265354
52.08	0.254753
52.1	0.2649966
52.12	0.261854
52.14	0.2744168
52.16	0.2486947
52.18	0.268978
52.2	0.2632946
52.22	0.2681996
52.24	0.2591143
52.26	0.2601531
52.28	0.2506746
52.3	0.2774478
52.32	0.26044
52.34	0.2628148
52.36	0.2523899
52.38	0.2643516
52.4	0.2678348
52.42	0.2593298
52.44	0.2616825
52.46	0.251957
52.48	0.2691683
52.5	0.2639163
52.52	0.2658088
52.54	0.2555581
52.56	0.2741279
52.58	0.2574437
52.6	0.2596419
52.62	0.2628226
52.64	0.2524148
52.66	0.2696185
52.68	0.2647213
52.7	0.2679028
52.72	0.2580669
52.74	0.2581472
52.76	0.2500593
52.78	0.2681845
52.8	0.2621176
52.82	0.2661774
52.84	0.2563812
52.86	0.2732075
52.88	0.2736606
52.9	0.2564283
52.92	0.2854366
52.94	0.2681054
52.96	0.2705026
52.98	0.2597858
53	0.2587216
53.02	0.2500336
53.04	0.2682678
53.06	0.2622741
53.08	0.2652803
53.1	0.2554829
53.12	0.2744873
53.14	0.2587564
53.16	0.2628525
53.18	0.2526677
53.2	0.2695532
53.22	0.2658655
53.24	0.2624999
53.26	0.2639723
53.28	0.2537585
53.3	0.268391
53.32	0.2648805
53.34	0.2673882
53.36	0.2591492
53.38	0.2596204
53.4	0.2508175
53.42	0.267876
53.44	0.2640579
53.46	0.2673354
53.48	0.2587479
53.5	0.2504134
53.52	0.2688885
53.54	0.26489
53.56	0.2673274
53.58	0.2595627
53.6	0.2591418
53.62	0.2505698
53.64	0.2748195
53.66	0.2589822
53.68	0.2602195
53.7	0.2512462
53.72	0.2691737
53.74	0.2653201
53.76	0.2620354
53.78	0.2620192
53.8	0.2527298
53.82	0.2691005
53.84	0.2664567
53.86	0.2686425
53.88	0.2600867
53.9	0.2594869
53.92	0.25084
53.94	0.2657154
53.96	0.2675771
53.98	0.2607256
54	0.2594808
54.02	0.2510903
54.04	0.2688506
54.06	0.265745
54.08	0.2672732
54.1	0.2599879
54.12	0.2587446
54.14	0.2505466
54.16	0.2691143
54.18	0.265547
54.2	0.2670346
54.22	0.2585826
54.24	0.2505235
54.26	0.2692278
54.28	0.265842
54.3	0.2671142
54.32	0.2601308
54.34	0.2585962
54.36	0.2505886
54.38	0.2692559
54.4	0.2659848
54.42	0.267087
54.44	0.2601128
54.46	0.2584759
54.48	0.2505413
54.5	0.2692649
54.52	0.2670481
54.54	0.2600718
54.56	0.2583779
54.58	0.2504954
54.6	0.2692785
54.62	0.266083
54.64	0.2670317
54.66	0.2600652
54.68	0.2583477
54.7	0.2692859
54.72	0.2661196
54.74	0.2670188
54.76	0.2600588
54.78	0.2583246
54.8	0.2504787
54.82	0.2692941
54.84	0.2661507
54.86	0.2670102
54.88	0.258308
54.9	0.2504743
54.92	0.2693017
54.94	0.2661771
54.96	0.2670043
54.98	0.2600563
55	0.2582954
55.02	0.2504711
55.04	0.2693073
55.06	0.266198
55.08	0.2669991
55.1	0.2600554
55.12	0.258285
55.14	0.2504686
55.16	0.269312
55.18	0.2662151
55.2	0.2669953
55.22	0.2600544
55.24	0.2504659
55.26	0.2693157
55.28	0.266228
55.3	0.2669918
55.32	0.2600532
55.34	0.2582694
55.36	0.250464
55.38	0.2693182
55.4	0.2662379
55.42	0.2669888
55.44	0.260052
55.46	0.2582639
55.48	0.2504625
55.5	0.2693204
55.52	0.2662463
55.54	0.266987
55.56	0.2600517
55.58	0.2582598
55.6	0.2504613
55.62	0.2693222
55.64	0.2662527
55.66	0.2669854
55.68	0.2600514
55.7	0.2582565
55.72	0.2504605
55.74	0.2662574
55.76	0.2669837
55.78	0.2600506
55.8	0.2582537
55.82	0.2504597
55.84	0.2693245
55.86	0.2662617
55.88	0.2669829
55.9	0.2600505
55.92	0.2582514
55.94	0.250459
55.96	0.2693254
55.98	0.266265
56	0.2669822
56.02	0.2600503
56.04	0.2582499
56.06	0.2504586
56.08	0.2693261
56.1	0.2662675
56.12	0.2600501
56.14	0.2582486
56.16	0.2504581
56.18	0.2693264
56.2	0.2662693
56.22	0.2669807
56.24	0.2600496
56.26	0.258247
56.28	0.2504574
56.3	0.2693267
56.32	0.2662707
56.34	0.2669801
56.36	0.2600492
56.38	0.2582463
56.4	0.2504572
56.42	0.2662724
56.44	0.26698
56.46	0.2600495
56.48	0.2582457
56.5	0.250457
56.52	0.2693272
56.54	0.266273
56.56	0.2669793
56.58	0.2600489
56.6	0.2582448
56.62	0.2693274
56.64	0.2662738
56.66	0.266979
56.68	0.2600487
56.7	0.2582442
56.72	0.2504565
56.74	0.2693278
56.76	0.2662746
56.78	0.2669789
56.8	0.2600489
56.82	0.2582439
56.84	0.2504563
56.86	0.2693272
56.88	0.2662742
56.9	0.2600476
56.92	0.2582427
56.94	0.2504556
56.96	0.2693275
56.98	0.2662749
57	0.2669777
57.02	0.2582424
57.04	0.2504553
57.06	0.2693276
57.08	0.2662752
57.1	0.2669776
57.12	0.2600476
57.14	0.258242
57.16	0.2504552
57.18	0.2662752
57.2	0.2669776
57.22	0.2600476
57.24	0.2582421
57.26	0.2504553
57.28	0.2693274
57.3	0.2662753
57.32	0.266977
57.34	0.2600472
57.36	0.2582415
57.38	0.2504549
57.4	0.2693267
57.42	0.266275
57.44	0.260047
57.46	0.2582413
57.48	0.2504548
57.5	0.2693268
57.52	0.2662752
57.54	0.2669767
57.56	0.2600471
57.58	0.2582412
57.6	0.2504549
57.62	0.2662752
57.64	0.2669764
57.66	0.2600469
57.68	0.2582408
57.7	0.2504546
57.72	0.2693267
57.74	0.2662755
57.76	0.2669764
57.78	0.260047
57.8	0.2582408
57.82	0.2504547
57.84	0.2693263
57.86	0.2662751
57.88	0.266976
57.9	0.2600467
57.92	0.2582404
57.94	0.2504545
57.96	0.2662753
57.98	0.2669759
58	0.2600468
58.02	0.2582403
58.04	0.2504545
58.06	0.2693259
58.08	0.266275
58.1	0.2669755
58.12	0.2600464
58.14	0.25824
58.16	0.2504543
58.18	0.2693259
58.2	0.2662751
58.22	0.2669756
58.24	0.2600465
58.26	0.2582399
58.28	0.2693257
58.3	0.266275
58.32	0.2669753
58.34	0.2600465
58.36	0.2582397
58.38	0.2504542
58.4	0.2693258
58.42	0.2662751
58.44	0.2669755
58.46	0.2600466
58.48	0.2582397
58.5	0.2504541
58.52	0.2693257
58.54	0.2662751
58.56	0.2669752
58.58	0.2600464
58.6	0.2582395
58.62	0.2693256
58.64	0.2662752
58.66	0.2669751
58.68	0.2600464
58.7	0.2582393
58.72	0.2504542
58.74	0.2693256
58.76	0.2669752
58.78	0.2600467
58.8	0.2582396
58.82	0.2504543
58.84	0.2693253
58.86	0.2662751
58.88	0.2669748
58.9	0.2600463
58.92	0.2582394
58.94	0.2504541
58.96	0.2693258
58.98	0.2662756
59	0.2669751
59.02	0.2600467
59.04	0.2582394
59.06	0.2504544
59.08	0.2693251
59.1	0.266275
59.12	0.2600461
59.14	0.2582391
59.16	0.2504542
59.18	0.2693253
59.2	0.2662752
59.22	0.2669748
59.24	0.2600466
59.26	0.2582394
59.28	0.2504544
59.3	0.2693252
59.32	0.2662753
59.34	0.2669749
59.36	0.2600467
59.38	0.2582394
59.4	0.2504545
59.42	0.2693254
59.44	0.2662754
59.46	0.2600468
59.48	0.2582395
59.5	0.2504547
59.52	0.2693257
59.54	0.2662759
59.56	0.2669754
59.58	0.2600473
59.6	0.25824
59.62	0.2504549
59.64	0.2693258
59.66	0.2662759
59.68	0.260047
59.7	0.2582397
59.72	0.2504548
59.74	0.2693258
59.76	0.266276
59.78	0.260047
59.8	0.2582398
59.82	0.2504548
59.84	0.2693256
59.86	0.2662756
59.88	0.2600467
59.9	0.2582396
59.92	0.2504546
59.94	0.269326
59.96	0.2662761
59.98	0.2600471
60	0.25824
60.02	0.250455
60.04	0.2693262
60.06	0.2669758
60.08	0.2600476
60.1	0.2582405
60.12	0.2504555
60.14	0.2693264
60.16	0.2662764
60.18	0.2669763
60.2	0.2600482
60.22	0.2582409
60.24	0.2504556
60.26	0.2693264
60.28	0.266976
60.3	0.2600479
60.32	0.2582407
60.34	0.2693262
60.36	0.2662762
60.38	0.2669762
60.4	0.2600479
60.42	0.258241
60.44	0.2504559
60.46	0.2662764
60.48	0.2669766
60.5	0.2600483
60.52	0.2504561
60.54	0.2693266
60.56	0.2662765
60.58	0.2669767
60.6	0.2600484
60.62	0.2504561
60.64	0.2693274
60.66	0.2662771
60.68	0.2669771
60.7	0.2600488
60.72	0.2504563
60.74	0.2693275
60.76	0.2662771
60.78	0.266977
60.8	0.2600484
60.82	0.2582418
60.84	0.2504564
60.86	0.2693274
60.88	0.266277
60.9	0.2669775
60.92	0.2600487
60.94	0.2504564
60.96	0.2693278
60.98	0.2662772
61	0.2669775
61.02	0.2600487
61.04	0.2582422
61.06	0.2504565
61.08	0.2693276
61.1	0.2662768
61.12	0.2600485
61.14	0.2582423
61.16	0.2504565
61.18	0.2693281
61.2	0.2662774
61.22	0.2669782
61.24	0.2600494
61.26	0.2504568
61.28	0.2693282
61.3	0.2662776
61.32	0.2669784
61.34	0.2600496
61.36	0.2582431
61.38	0.2504569
61.4	0.2693281
61.42	0.2669782
61.44	0.2600492
61.46