0.02	10.52435
0.04	10.78156
0.06	10.58891
0.08	10.16849
0.1	10.3991
0.12	9.99678
0.14	10.21316
0.16	9.999124
0.18	9.612012
0.2	9.754832
0.22	9.40687
0.24	9.529893
0.26	9.226599
0.28	9.329088
0.3	9.155894
0.32	8.954947
0.34	9.013526
0.36	8.871042
0.38	8.854833
0.4	8.827745
0.42	8.770062
0.44	8.742005
0.46	8.688188
0.48	8.637498
0.5	8.613332
0.52	8.58995
0.54	8.567384
0.56	8.524569
0.58	8.504376
0.6	8.484953
0.62	8.466316
0.64	8.43148
0.66	8.415238
0.68	8.399843
0.7	8.385365
0.72	8.358753
0.74	8.346677
0.76	8.335497
0.78	8.330564
0.8	8.32682
0.82	8.33253
0.84	8.339087
0.86	8.339528
0.88	8.337971
0.9	8.334354
0.92	8.328619
0.94	8.320704
0.96	8.298095
0.98	8.279924
1	8.278395
1.02	8.274906
1.04	8.271152
1.06	8.264148
1.08	8.260942
1.1	8.257998
1.12	8.255256
1.14	8.25048
1.16	8.248435
1.18	8.246619
1.2	8.245083
1.22	8.243763
1.24	8.242192
1.26	8.241866
1.28	8.241902
1.3	8.242333
1.32	8.243054
1.34	8.244052
1.36	8.245343
1.38	8.246915
1.4	8.24878
1.42	8.250931
1.44	8.256045
1.46	8.259064
1.48	8.262226
1.5	8.265779
1.52	8.26964
1.54	8.273808
1.56	8.283035
1.58	8.288095
1.6	8.293465
1.62	8.299129
1.64	8.305106
1.66	8.311417
1.68	8.325097
1.7	8.332467
1.72	8.340161
1.74	8.348244
1.76	8.356578
1.78	8.374202
1.8	8.383491
1.82	8.393086
1.84	8.403005
1.86	8.413229
1.88	8.434625
1.9	8.445796
1.92	8.457271
1.94	8.469065
1.96	8.481161
1.98	8.493575
2	8.506291
2.02	8.532656
2.04	8.546302
2.06	8.560248
2.08	8.57188
2.1	8.57242
2.12	8.572679
2.14	8.572941
2.16	8.573643
2.18	8.57478
2.2	8.57525
2.22	8.576049
2.24	8.576786
2.26	8.577733
2.28	8.578346
2.3	8.579858
2.32	8.580935
2.34	8.581917
2.36	8.582998
2.38	8.585025
2.4	8.586179
2.42	8.587229
2.44	8.588376
2.46	8.589573
2.48	8.592033
2.5	8.593394
2.52	8.594627
2.54	8.595945
2.56	8.598671
2.58	8.60008
2.6	8.601593
2.62	8.603082
2.64	8.605995
2.66	8.607535
2.68	8.608964
2.7	8.610562
2.72	8.612153
2.74	8.613636
2.76	8.615188
2.78	8.616799
2.8	8.620435
2.82	8.622151
2.84	8.623845
2.86	8.704895
2.88	8.806254
2.9	8.805023
2.92	8.803388
2.94	8.7979
2.96	8.794013
2.98	8.789393
3	8.784075
3.02	8.778092
3.04	8.771487
3.06	8.764305
3.08	8.756597
3.1	8.73982
3.12	8.730873
3.14	8.721644
3.16	8.712207
3.18	8.702637
3.2	8.693019
3.22	8.68344
3.24	8.672342
3.26	8.670507
3.28	8.668518
3.3	8.666371
3.32	8.664071
3.34	8.660052
3.36	8.659082
3.38	8.658463
3.4	8.658092
3.42	8.65801
3.44	8.658208
3.46	8.658624
3.48	8.659323
3.5	8.661545
3.52	8.663016
3.54	8.664763
3.56	8.66678
3.58	8.669066
3.6	8.674334
3.62	8.677365
3.64	8.680662
3.66	8.68422
3.68	8.688005
3.7	8.692053
3.72	8.69636
3.74	8.705441
3.76	8.706922
3.78	8.708298
3.8	8.708867
3.82	8.709391
3.84	8.709876
3.86	8.710324
3.88	8.711111
3.9	8.711452
3.92	8.711754
3.94	8.71224
3.96	8.712426
3.98	8.712574
4	8.712684
4.02	8.669885
4.04	8.706408
4.06	8.698046
4.08	8.663456
4.1	8.670662
4.12	8.673256
4.14	8.676805
4.16	8.678707
4.18	8.680779
4.2	8.683028
4.22	8.685454
4.24	8.690387
4.26	8.690452
4.28	8.689987
4.3	8.689365
4.32	8.688713
4.34	8.68728
4.36	8.686533
4.38	8.685749
4.4	8.684936
4.42	8.684045
4.44	8.682116
4.46	8.681126
4.48	8.680101
4.5	8.679045
4.52	8.67801
4.54	8.675718
4.56	8.674533
4.58	8.673326
4.6	8.672087
4.62	8.670822
4.64	8.668333
4.66	8.667058
4.68	8.665541
4.7	8.664107
4.72	8.662671
4.74	8.661239
4.76	8.658262
4.78	8.666204
4.8	8.673333
4.82	8.653346
4.84	8.634254
4.86	8.653415
4.88	8.628074
4.9	8.645521
4.92	8.622642
4.94	8.638392
4.96	8.618128
4.98	8.614579
5	8.626962
5.02	8.647366
5.04	8.707005
5.06	8.731336
5.08	8.803966
5.1	8.911965
5.12	8.937619
5.14	9.031759
5.16	9.05791
5.18	9.161096
5.2	9.048599
5.22	8.943666
5.24	8.758891
5.26	8.680273
5.28	8.611652
5.3	8.560325
5.32	8.549273
5.34	8.538485
5.36	8.545972
5.38	8.56457
5.4	8.58473
5.42	8.606253
5.44	8.628945
5.46	8.677113
5.48	8.702239
5.5	8.72784
5.52	8.75376
5.54	8.590006
5.56	8.477782
5.58	8.476922
5.6	8.473433
5.62	8.469791
5.64	8.466228
5.66	8.462613
5.68	8.455783
5.7	8.452398
5.72	8.449142
5.74	8.446038
5.76	8.443003
5.78	8.440131
5.8	8.434569
5.82	8.43195
5.84	8.429379
5.86	8.426877
5.88	8.424501
5.9	8.419917
5.92	8.417786
5.94	8.415704
5.96	8.413691
5.98	8.411804
6	8.409967
6.02	8.406558
6.04	8.404967
6.06	8.403445
6.08	8.402049
6.1	8.400703
6.12	8.399426
6.14	8.397177
6.16	8.396147
6.18	8.395211
6.2	8.394284
6.22	8.393535
6.24	8.392229
6.26	8.391738
6.28	8.391307
6.3	8.390859
6.32	8.390612
6.34	8.390546
6.36	8.390536
6.38	8.390574
6.4	8.390713
6.42	8.390885
6.44	8.404454
6.46	8.410419
6.48	8.41588
6.5	8.42087
6.52	8.425433
6.54	8.391774
6.56	8.380364
6.58	8.37963
6.6	8.386851
6.62	8.426137
6.64	8.457761
6.66	8.428506
6.68	8.471239
6.7	8.430505
6.72	8.435388
6.74	8.439884
6.76	8.44765
6.78	8.450899
6.8	8.453724
6.82	8.456126
6.84	8.458116
6.86	8.460924
6.88	8.602946
6.9	8.429405
6.92	8.545979
6.94	8.39583
6.96	8.485822
6.98	8.450901
7	8.382403
7.02	8.465888
7.04	8.383212
7.06	8.415311
7.08	8.43363
7.1	8.453252
7.12	8.474025
7.14	8.495803
7.16	8.51845
7.18	8.541832
7.2	8.590312
7.22	8.520025
7.24	8.454649
7.26	8.394608
7.28	8.340333
7.3	8.260145
7.32	8.2573
7.34	8.275607
7.36	8.253474
7.38	8.271927
7.4	8.307262
7.42	8.400315
7.44	8.457163
7.46	8.520308
7.48	8.589315
7.5	8.66376
7.52	8.827295
7.54	8.915587
7.56	8.810081
7.58	8.610622
7.6	8.517593
7.62	8.42968
7.64	8.347391
7.66	8.27125
7.68	8.13956
7.7	8.0851
7.72	8.00304
7.74	8.05023
7.76	8.065351
7.78	8.070683
7.8	8.073872
7.82	8.079212
7.84	8.081767
7.86	8.084296
7.88	8.086785
7.9	8.089236
7.92	8.091649
7.94	8.09639
7.96	8.098702
7.98	8.100975
8	8.103209
8.02	8.105405
8.04	8.107575
8.06	8.111796
8.08	8.113849
8.1	8.115862
8.12	8.117836
8.14	8.119771
8.16	8.121682
8.18	8.123554
8.2	8.125386
8.22	8.128935
8.24	8.13065
8.26	8.132326
8.28	8.133964
8.3	8.135561
8.32	8.13712
8.34	8.138641
8.36	8.141575
8.38	8.142988
8.4	8.144363
8.42	8.1457
8.44	8.148267
8.46	8.149446
8.48	8.150543
8.5	8.152499
8.52	8.153358
8.54	8.154138
8.56	8.15484
8.58	8.155464
8.6	8.156012
8.62	8.156482
8.64	8.157182
8.66	8.157413
8.68	8.157749
8.7	8.157932
8.72	8.158059
8.74	8.158149
8.76	8.158234
8.78	8.158214
8.8	8.158165
8.82	8.158086
8.84	8.157978
8.86	8.157823
8.88	8.15764
8.9	8.15719
8.92	8.156923
8.94	8.156613
8.96	8.156278
8.98	8.155915
9	8.155083
9.02	8.154629
9.04	8.154151
9.06	8.153633
9.08	8.153092
9.1	8.151925
9.12	8.1513
9.14	8.150655
9.16	8.149987
9.18	8.149282
9.2	8.147813
9.22	8.14703
9.24	8.14623
9.26	8.145411
9.28	8.143696
9.3	8.142814
9.32	8.141894
9.34	8.140963
9.36	8.140017
9.38	8.138051
9.4	8.137033
9.42	8.136005
9.44	8.134966
9.46	8.133898
9.48	8.132822
9.5	8.130609
9.52	8.129491
9.54	8.128347
9.56	8.127198
9.58	8.126024
9.6	8.124847
9.62	8.12246
9.64	8.121254
9.66	8.120025
9.68	8.118796
9.7	8.117553
9.72	8.115048
9.74	8.113791
9.76	8.112521
9.78	8.111256
9.8	8.109973
9.82	8.107411
9.84	8.106133
9.86	8.104841
9.88	8.157932
9.9	8.228986
9.92	8.445237
9.94	8.592978
9.96	8.758828
9.98	8.747989
10	8.735867
10.02	8.707931
10.04	8.692209
10.06	8.675389
10.08	8.657526
10.1	8.638686
10.12	8.598361
10.14	8.577031
10.16	8.555037
10.18	8.532473
10.2	8.486038
10.22	8.462386
10.24	8.438602
10.26	8.414812
10.28	8.391147
10.3	8.344765
10.32	8.32235
10.34	8.300663
10.36	8.279875
10.38	8.260161
10.4	8.241705
10.42	8.209322
10.44	8.195795
10.46	8.184319
10.48	8.193809
10.5	8.203069
10.52	8.212107
10.54	8.229496
10.56	8.237855
10.58	8.246004
10.6	8.253959
10.62	8.262705
10.64	8.282363
10.66	8.292676
10.68	8.303663
10.7	8.314795
10.72	8.337737
10.74	8.349632
10.76	8.361814
10.78	8.374278
10.8	8.387034
10.82	8.400071
10.84	8.427005
10.86	8.440904
10.88	8.455082
10.9	8.469552
10.92	8.499343
10.94	8.514664
10.96	8.530273
10.98	8.546165
11	8.562346
11.02	8.570997
11.04	8.572396
11.06	8.57241
11.08	8.57242
11.1	8.572288
11.12	8.572281
11.14	8.572185
11.16	8.572187
11.18	8.572127
11.2	8.572458
11.22	8.572745
11.24	8.573102
11.26	8.573473
11.28	8.574461
11.3	8.574896
11.32	8.575414
11.34	8.575963
11.36	8.576545
11.38	8.577849
11.4	8.578528
11.42	8.579237
11.44	8.58001
11.46	8.580782
11.48	8.582418
11.5	8.583261
11.52	8.584151
11.54	8.585144
11.56	8.586114
11.58	8.587922
11.6	8.588935
11.62	8.589946
11.64	8.591001
11.66	8.593157
11.68	8.59425
11.7	8.595381
11.72	8.596515
11.74	8.597755
11.76	8.600053
11.78	8.613045
11.8	8.612601
11.82	8.612083
11.84	8.609746
11.86	8.607886
11.88	8.608202
11.9	8.621968
11.92	8.634696
11.94	8.647233
11.96	8.697645
11.98	8.688568
12	8.752999
12.02	8.813293
12.04	8.800146
12.06	8.876283
12.08	8.860353
12.1	8.940712
12.12	8.921571
12.14	9.04115
12.16	9.133183
12.18	9.2725
12.2	9.533929
12.22	9.650023
12.24	9.820001
12.26	9.944441
12.28	9.752583
12.3	9.6804
12.32	9.64302
12.34	9.604856
12.36	9.566005
12.38	9.526568
12.4	9.486658
12.42	9.405885
12.44	9.365235
12.46	9.324566
12.48	9.284019
12.5	9.243741
12.52	9.203889
12.54	9.164622
12.56	9.126112
12.58	9.088535
12.6	9.052074
12.62	8.983275
12.64	8.951338
12.66	8.921323
12.68	8.893446
12.7	8.867929
12.72	8.824903
12.74	8.807862
12.76	8.805193
12.78	8.650959
12.8	8.515294
12.82	8.467639
12.84	8.521235
12.86	8.567944
12.88	8.570328
12.9	8.57167
12.92	8.572962
12.94	8.576138
12.96	8.578068
12.98	8.580183
13	8.582492
13.02	8.585047
13.04	8.590771
13.06	8.593938
13.08	8.597298
13.1	8.600891
13.12	8.60864
13.14	8.612852
13.16	8.617249
13.18	8.621837
13.2	8.626614
13.22	8.63162
13.24	8.642197
13.26	8.647806
13.28	8.653602
13.3	8.659587
13.32	8.665761
13.34	8.678727
13.36	8.685495
13.38	8.692474
13.4	8.699642
13.42	8.707001
13.44	8.71455
13.46	8.730245
13.48	8.738379
13.5	8.746714
13.52	8.755239
13.54	8.76396
13.56	8.772872
13.58	8.791284
13.6	8.792997
13.62	8.79286
13.64	8.792686
13.66	8.79234
13.68	8.791905
13.7	8.790874
13.72	8.790285
13.74	8.789649
13.76	8.788964
13.78	8.787457
13.8	8.78664
13.82	8.785776
13.84	8.784867
13.86	8.783916
13.88	8.781896
13.9	8.780877
13.92	8.779787
13.94	8.778651
13.96	8.777482
13.98	8.776282
14	8.773513
14.02	8.772127
14.04	8.770713
14.06	8.769324
14.08	8.767886
14.1	8.764714
14.12	8.763099
14.14	8.761451
14.16	8.759768
14.18	8.758103
14.2	8.754539
14.22	8.752711
14.24	8.750868
14.26	8.748984
14.28	8.747118
14.3	8.74324
14.32	8.741154
14.34	8.739089
14.36	8.737007
14.38	8.734924
14.4	8.824993
14.42	8.917107
14.44	8.956146
14.46	9.06656
14.48	9.114799
14.5	9.239865
14.52	9.065979
14.54	8.91858
14.56	8.913825
14.58	8.783381
14.6	8.787012
14.62	8.675722
14.64	8.694803
14.66	8.676374
14.68	8.643969
14.7	8.677443
14.72	8.638353
14.74	8.671852
14.76	8.665668
14.78	8.62654
14.8	8.66019
14.82	8.621947
14.84	8.624794
14.86	8.606781
14.88	8.592489
14.9	8.580227
14.92	8.569654
14.94	8.560704
14.96	8.547667
14.98	8.545378
15	8.544467
15.02	8.577046
15.04	8.613998
15.06	8.699949
15.08	8.748432
15.1	8.800251
15.12	8.855167
15.14	8.943999
15.16	8.973807
15.18	8.781012
15.2	8.634686
15.22	8.554212
15.24	8.619558
15.26	8.616693
15.28	8.613901
15.3	8.610658
15.32	8.606878
15.34	8.597749
15.36	8.592459
15.38	8.586737
15.4	8.580626
15.42	8.574181
15.44	8.573389
15.46	8.570663
15.48	8.569603
15.5	8.568758
15.52	8.56818
15.54	8.567713
15.56	8.56727
15.58	8.567264
15.6	8.567392
15.62	8.568203
15.64	8.568798
15.66	8.569618
15.68	8.571613
15.7	8.572908
15.72	8.574311
15.74	8.575854
15.76	8.577627
15.78	8.580396
15.8	8.581287
15.82	8.582339
15.84	8.583463
15.86	8.585801
15.88	8.587091
15.9	8.588523
15.92	8.589894
15.94	8.59132
15.96	8.594292
15.98	8.595978
16	8.597652
16.02	8.599457
16.04	8.601405
16.06	8.60538
16.08	8.607426
16.1	8.609464
16.12	8.611535
16.14	8.613597
16.16	8.615706
16.18	8.620015
16.2	8.622234
16.22	8.624499
16.24	8.626895
16.26	8.629127
16.28	8.631483
16.3	8.636316
16.32	8.638777
16.34	8.641376
16.36	8.643815
16.38	8.646377
16.4	8.651611
16.42	8.654268
16.44	8.657058
16.46	8.65969
16.48	8.665318
16.5	8.66804
16.52	8.670877
16.54	8.673841
16.56	8.67665
16.58	8.682615
16.6	8.685509
16.62	8.688589
16.64	8.691724
16.66	8.694833
16.68	8.701178
16.7	8.704309
16.72	8.707423
16.74	8.710539
16.76	8.713657
16.78	8.719971
16.8	8.722991
16.82	8.72606
16.84	8.729144
16.86	8.732211
16.88	8.735273
16.9	8.741368
16.92	8.744373
16.94	8.765584
16.96	8.787807
16.98	8.788868
17	8.789296
17.02	8.800097
17.04	8.81048
17.06	8.82048
17.08	8.830134
17.1	8.839487
17.12	8.85749
17.14	8.866255
17.16	8.852904
17.18	8.799954
17.2	8.762854
17.22	8.773283
17.24	8.776939
17.26	8.793799
17.28	8.787318
17.3	8.790698
17.32	8.789135
17.34	8.786427
17.36	8.783506
17.38	8.780501
17.4	8.780051
17.42	8.78252
17.44	8.78473
17.46	8.786653
17.48	8.788264
17.5	8.789551
17.52	8.7905
17.54	8.707248
17.56	8.808272
17.58	8.810503
17.6	8.706127
17.62	8.809303
17.64	8.703931
17.66	8.807222
17.68	8.804736
17.7	8.817552
17.72	8.830083
17.74	8.842227
17.76	8.864983
17.78	8.875421
17.8	8.885124
17.82	8.894023
17.84	8.902048
17.86	8.808862
17.88	8.725262
17.9	8.666422
17.92	8.709429
17.94	8.706728
17.96	8.656809
17.98	8.699948
18	8.648823
18.02	8.725342
18.04	8.716387
18.06	8.706472
18.08	8.695618
18.1	8.683844
18.12	8.67118
18.14	8.657659
18.16	8.628204
18.18	8.612363
18.2	8.595852
18.22	8.57873
18.24	8.561063
18.26	8.533727
18.28	8.516494
18.3	8.502371
18.32	8.489086
18.34	8.476174
18.36	8.468064
18.38	8.547362
18.4	8.598683
18.42	8.657116
18.44	8.722156
18.46	8.793303
18.48	8.870066
18.5	9.038521
18.52	9.129291
18.54	9.048343
18.56	8.966892
18.58	8.885078
18.6	8.803054
18.62	8.679358
18.64	8.597215
18.66	8.554719
18.68	8.473239
18.7	8.18788
18.72	8.104832
18.74	8.093204
18.76	8.074412
18.78	8.053823
18.8	8.032617
18.82	7.988922
18.84	7.966554
18.86	7.943799
18.88	7.920673
18.9	7.897196
18.92	7.873355
18.94	7.824617
18.96	7.799725
18.98	7.774474
19	7.748955
19.02	7.696963
19.04	7.670519
19.06	7.64377
19.08	7.616735
19.1	7.589396
19.12	7.561774
19.14	7.505651
19.16	7.477151
19.18	7.448377
19.2	7.41942
19.22	7.390228
19.24	7.36063
19.26	7.330798
19.28	7.270311
19.3	7.239653
19.32	7.208737
19.34	7.177542
19.36	7.146094
19.38	7.114371
19.4	7.0824
19.42	7.017674
19.44	6.984925
19.46	6.951939
19.48	6.918692
19.5	6.885215
19.52	6.851484
19.54	6.783882
19.56	6.749692
19.58	6.715312
19.6	6.680723
19.62	6.610981
19.64	6.575831
19.66	6.540483
19.68	6.504963
19.7	6.46925
19.72	6.397301
19.74	6.361071
19.76	6.324658
19.78	6.28809
19.8	6.251331
19.82	6.214449
19.84	6.140253
19.86	6.102908
19.88	6.065434
19.9	6.02779
19.92	5.990058
19.94	5.952418
19.96	5.914684
19.98	5.838962
20	5.80081
20.02	5.762625
20.04	5.724427
20.06	5.686148
20.08	5.60912
20.1	5.570591
20.12	5.531884
20.14	5.493164
20.16	5.454204
20.18	5.415277
20.2	5.337197
20.22	5.298028
20.24	5.25879
20.26	5.219465
20.28	5.180068
20.3	5.101058
20.32	5.061448
20.34	5.022163
20.36	4.98288
20.38	4.943377
20.4	4.86435
20.42	4.824775
20.44	4.785158
20.46	4.745501
20.48	4.705807
20.5	4.66608
20.52	4.626322
20.54	4.546729
20.56	4.506901
20.58	4.467059
20.6	4.427205
20.62	4.387344
20.64	4.307623
20.66	4.267772
20.68	4.227935
20.7	4.188118
20.72	4.108566
20.74	4.068844
20.76	4.029168
20.78	3.989544
20.8	3.950362
20.82	3.911178
20.84	3.832918
20.86	3.793856
20.88	3.754848
20.9	3.715901
20.92	3.677019
20.94	3.638211
20.96	3.560846
20.98	3.522303
21	3.483866
21.02	3.445544
21.04	3.369283
21.06	3.331366
21.08	3.293605
21.1	3.256015
21.12	3.218607
21.14	3.181395
21.16	3.10762
21.18	3.071088
21.2	3.034815
21.22	2.998819
21.24	2.963119
21.26	2.892689
21.28	2.858001
21.3	2.823696
21.32	2.789797
21.34	2.75633
21.36	2.723321
21.38	2.6908
21.4	2.658794
21.42	2.596455
21.44	2.566187
21.46	2.536566
21.48	2.507627
21.5	2.479408
21.52	2.452236
21.54	2.399757
21.56	2.374622
21.58	2.350282
21.6	2.326777
21.62	2.282436
21.64	2.261685
21.66	2.241935
21.68	2.223232
21.7	2.20562
21.72	2.189141
21.74	2.159765
21.76	2.146955
21.78	2.135453
21.8	2.125302
21.82	2.10921
21.84	2.103345
21.86	2.098981
21.88	2.096149
21.9	2.09488
21.92	2.097128
21.94	2.073071
21.96	2.058327
21.98	2.049012
22	2.040106
22.02	2.036284
22.04	2.040841
22.06	2.04641
22.08	2.05479
22.1	1.995532
22.12	2.085711
22.14	2.418232
22.16	2.148967
22.18	2.47924
22.2	2.211935
22.22	2.538127
22.24	2.601128
22.26	2.430176
22.28	2.657707
22.3	2.492792
22.32	2.554381
22.34	2.763483
22.36	2.616066
22.38	2.814908
22.4	2.703462
22.42	2.913551
22.44	3.077176
22.46	2.900586
22.48	3.188223
22.5	3.009476
22.52	3.291614
22.54	3.12012
22.56	3.233789
22.58	3.504352
22.6	3.328837
22.62	3.687436
22.64	3.46012
22.66	3.585771
22.68	3.932151
22.7	3.712133
22.72	4.050358
22.74	3.841786
22.76	3.974814
22.78	4.300753
22.8	4.107966
22.82	4.423659
22.84	4.243602
22.86	4.554233
22.88	4.38214
22.9	4.686456
22.92	4.522768
22.94	4.665211
22.96	4.956757
22.98	4.809765
23	4.956353
23.02	5.236816
23.04	5.104854
23.06	5.380151
23.08	5.52628
23.1	5.407447
23.12	5.673221
23.14	5.561212
23.16	5.822958
23.18	5.717096
23.2	5.874894
23.22	6.128434
23.24	6.034363
23.26	6.284214
23.28	6.195406
23.3	6.357975
23.32	6.600926
23.34	6.522019
23.36	6.761964
23.38	6.687477
23.4	6.924132
23.42	7.088061
23.44	7.022716
23.46	7.253553
23.48	7.192391
23.5	7.421455
23.52	7.36222
23.54	7.586857
23.56	7.756353
23.58	7.706494
23.6	7.927303
23.62	7.880697
23.64	8.099496
23.66	8.273022
23.68	8.232878
23.7	8.447785
23.72	8.410669
23.74	8.62375
23.76	8.800794
23.78	8.769369
23.8	8.890609
23.82	8.890415
23.84	8.889835
23.86	8.887434
23.88	8.885584
23.9	8.883292
23.92	8.880555
23.94	8.877379
23.96	8.86975
23.98	8.865331
24	8.860539
24.02	8.855406
24.04	8.844257
24.06	8.838328
24.08	8.832231
24.1	8.826019
24.12	8.819757
24.14	8.80735
24.16	8.801357
24.18	8.795615
24.2	8.790212
24.22	8.785242
24.24	8.780807
24.26	8.807586
24.28	8.82081
24.3	8.833908
24.32	8.846885
24.34	8.859671
24.36	8.873467
24.38	8.887933
24.4	8.917427
24.42	8.924923
24.44	8.930864
24.46	8.936604
24.48	8.942019
24.5	8.952924
24.52	8.958319
24.54	8.963698
24.56	8.969024
24.58	8.974329
24.6	8.979697
24.62	8.99002
24.64	8.995222
24.66	9.000349
24.68	9.005275
24.7	9.010329
24.72	9.015306
24.74	9.020091
24.76	9.029798
24.78	9.034429
24.8	9.039148
24.82	9.043788
24.84	9.048253
24.86	9.057163
24.88	9.061494
24.9	9.04772
24.92	9.084459
24.94	9.057975
24.96	9.092686
24.98	9.091503
25	9.090124
25.02	9.088613
25.04	9.087032
25.06	9.087105
25.08	9.089012
25.1	9.093741
25.12	9.098842
25.14	9.103877
25.16	9.108985
25.18	9.114264
25.2	9.118794
25.22	9.122103
25.24	9.125067
25.26	9.12796
25.28	9.13069
25.3	9.133325
25.32	9.138063
25.34	9.14029
25.36	9.142394
25.38	9.144423
25.4	9.148091
25.42	9.149639
25.44	9.151122
25.46	9.152498
25.48	9.154874
25.5	9.155872
25.52	9.156743
25.54	9.157484
25.56	9.158095
25.58	9.158576
25.6	9.159206
25.62	9.342646
25.64	9.134854
25.66	9.149806
25.68	9.193121
25.7	9.214419
25.72	9.23427
25.74	9.25238
25.76	9.268472
25.78	9.293541
25.8	9.302023
25.82	9.261697
25.84	9.246472
25.86	9.204599
25.88	9.144567
25.9	9.126222
25.92	9.082417
25.94	9.019065
25.96	8.999382
25.98	8.929323
26	8.936172
26.02	8.915557
26.04	8.901966
26.06	8.887753
26.08	8.873122
26.1	8.842286
26.12	8.82629
26.14	8.809906
26.16	8.776106
26.18	8.758615
26.2	8.740826
26.22	8.722625
26.24	8.70404
26.26	8.665887
26.28	8.646224
26.3	8.626287
26.32	8.60594
26.34	8.585215
26.36	8.542809
26.38	8.521057
26.4	8.498945
26.42	8.47651
26.44	8.453718
26.46	8.43061
26.48	8.383377
26.5	8.359257
26.52	8.334833
26.54	8.310067
26.56	8.285004
26.58	8.259603
26.6	8.207891
26.62	8.181586
26.64	8.154958
26.66	8.128056
26.68	8.073416
26.7	8.045713
26.72	8.017795
26.74	7.989612
26.76	7.96122
26.78	7.93257
26.8	7.874614
26.82	7.845314
26.84	7.81577
26.86	7.786038
26.88	7.756069
26.9	7.72592
26.92	7.69554
26.94	7.634218
26.96	7.603283
26.98	7.572134
27	7.540833
27.02	7.477677
27.04	7.445832
27.06	7.414186
27.08	7.382255
27.1	7.317915
27.12	7.285696
27.14	7.25352
27.16	7.220983
27.18	7.155728
27.2	7.122977
27.22	7.090104
27.24	7.057175
27.26	6.990921
27.28	6.957677
27.3	6.924381
27.32	6.891062
27.34	6.824195
27.36	6.791205
27.38	6.757945
27.4	6.72461
27.42	6.691243
27.44	6.624448
27.46	6.59103
27.48	6.557602
27.5	6.524169
27.52	6.490736
27.54	6.424158
27.56	6.390814
27.58	6.357503
27.6	6.324257
27.62	6.291117
27.64	6.224869
27.66	6.192041
27.68	6.159276
27.7	6.126551
27.72	6.093863
27.74	6.028608
27.76	5.996043
27.78	5.963525
27.8	5.931056
27.82	5.898638
27.84	5.866273
27.86	5.801719
27.88	5.769536
27.9	5.705401
27.92	5.673269
27.94	5.641338
27.96	5.452488
27.98	5.358873
28	5.327785
28.02	5.296759
28.04	5.265795
28.06	5.204059
28.08	5.17329
28.1	5.142591
28.12	5.111961
28.14	5.081404
28.16	5.050921
28.18	5.020515
28.2	4.990143
28.22	4.959994
28.24	4.92998
28.26	4.870084
28.28	4.84018
28.3	4.810303
28.32	4.780453
28.34	4.75063
28.36	4.691061
28.38	4.661318
28.4	4.6316
28.42	4.601911
28.44	4.572249
28.46	4.513015
28.48	4.483445
28.5	4.453907
28.52	4.424404
28.54	4.36553
28.56	4.336143
28.58	4.277498
28.6	4.248247
28.62	4.219048
28.64	4.189904
28.66	4.160818
28.68	4.131795
28.7	4.10284
28.72	4.073955
28.74	4.016604
28.76	3.987868
28.78	3.959118
28.8	3.930357
28.82	3.90159
28.84	3.844046
28.86	3.815276
28.88	3.786515
28.9	3.757765
28.92	3.729033
28.94	3.671642
28.96	3.642996
28.98	3.614393
29	3.58584
29.02	3.557345
29.04	3.500565
29.06	3.4723
29.08	3.444131
29.1	3.388128
29.12	3.360319
29.14	3.332656
29.16	3.305153
29.18	3.250687
29.2	3.223757
29.22	3.197051
29.24	3.092855
29.26	3.067566
29.28	3.042625
29.3	2.993888
29.32	2.970142
29.34	2.946847
29.36	2.924032
29.38	2.901726
29.4	2.858761
29.42	2.838167
29.44	2.818208
29.46	2.798919
29.48	2.780335
29.5	2.762492
29.52	2.745426
29.54	2.713774
29.56	2.699265
29.58	2.685685
29.6	2.673074
29.62	2.661469
29.64	2.34254
29.66	2.215513
29.68	2.637048
29.7	2.264378
29.72	2.706534
29.74	2.278629
29.76	2.722932
29.78	2.292389
29.8	2.747254
29.82	2.304622
29.84	2.75943
29.86	2.773719
29.88	2.339066
29.9	2.789311
29.92	2.364176
29.94	2.81187
29.96	2.395027
29.98	2.431231
30	2.450815
30.02	2.47147
30.04	2.493173
30.06	2.515894
30.08	2.539601
30.1	2.564262
30.12	2.616322
30.14	2.64366
30.16	2.67183
30.18	2.700804
30.2	2.730554
30.22	2.792273
30.24	2.824191
30.26	2.856781
30.28	2.89002
30.3	2.923886
30.32	2.959612
30.34	3.032097
30.36	3.069134
30.38	3.106698
30.4	3.144766
30.42	3.183317
30.44	3.222329
30.46	3.261782
30.48	3.301655
30.5	3.341932
30.52	3.382592
30.54	3.465212
30.56	3.506766
30.58	3.548785
30.6	3.591317
30.62	3.634348
30.64	3.721491
30.66	3.76556
30.68	3.809851
30.7	3.854349
30.72	3.898823
30.74	3.987585
30.76	4.032372
30.78	4.077306
30.8	4.122374
30.82	4.167563
30.84	4.212838
30.86	4.303861
30.88	4.349141
30.9	4.440755
30.92	4.533015
30.94	4.579139
30.96	4.625251
30.98	4.671345
31	4.717412
31.02	4.763446
31.04	4.809439
31.06	4.901278
31.08	4.992851
31.1	5.038477
31.12	5.084054
31.14	5.129556
31.16	5.174973
31.18	5.220925
31.2	5.266481
31.22	5.357011
31.24	5.40202
31.26	5.446856
31.28	5.491513
31.3	5.580272
31.32	5.624366
31.34	5.668262
31.36	5.711958
31.38	5.79873
31.4	5.84183
31.42	5.884526
31.44	5.927097
31.46	5.969698
31.48	6.01196
31.5	6.095547
31.52	6.136878
31.54	6.177913
31.56	6.218623
31.58	6.25903
31.6	6.338869
31.62	6.378295
31.64	6.417406
31.66	6.456172
31.68	6.494616
31.7	6.570478
31.72	6.607891
31.74	6.644971
31.76	6.681693
31.78	6.718076
31.8	6.789943
31.82	6.825119
31.84	6.859871
31.86	6.894178
31.88	6.92806
31.9	6.994492
31.92	7.027039
31.94	7.059151
31.96	7.090805
31.98	7.12202
32	7.152773
32.02	7.212929
32.04	7.242328
32.06	7.271258
32.08	7.32775
32.1	7.355308
32.12	7.382392
32.14	7.409021
32.16	7.435175
32.18	7.486089
32.2	7.510846
32.22	7.535125
32.24	7.55894
32.26	7.582201
32.28	7.604897
32.3	7.648559
32.32	7.669584
32.34	7.690036
32.36	7.709925
32.38	7.729282
32.4	7.748068
32.42	7.783974
32.44	7.801088
32.46	7.82699
32.48	7.852265
32.5	7.876861
32.52	7.907979
32.54	7.902894
32.56	7.934863
32.58	7.927161
32.6	7.957811
32.62	7.947837
32.64	7.965345
32.66	7.993505
32.68	7.880761
32.7	8.001723
32.72	8.054253
32.74	7.964765
32.76	8.109984
32.78	7.987703
32.8	8.135822
32.82	8.152901
32.84	8.116333
32.86	8.179822
32.88	8.134672
32.9	8.201493
32.92	8.218128
32.94	8.15736
32.96	8.230027
32.98	8.162303
33	8.221071
33.02	8.207373
33.04	8.134098
33.06	8.19045
33.08	8.118884
33.1	8.170929
33.12	8.149529
33.14	8.083617
33.16	8.127069
33.18	7.968538
33.2	8.08776
33.22	7.987179
33.24	7.992301
33.26	7.994448
33.28	7.995729
33.3	7.996749
33.32	7.998589
33.34	7.999347
33.36	8.000038
33.38	8.00064
33.4	8.00135
33.42	8.001641
33.44	8.001777
33.46	8.001717
33.48	8.001726
33.5	8.001396
33.52	8.001143
33.54	8.000829
33.56	8.000426
33.58	7.999438
33.6	7.99886
33.62	7.998209
33.64	7.997523
33.66	7.996772
33.68	7.995994
33.7	7.995159
33.72	7.993406
33.74	7.992498
33.76	7.991549
33.78	7.990601
33.8	7.9891
33.82	7.988566
33.84	7.988096
33.86	7.987664
33.88	7.987313
33.9	7.986789
33.92	7.986623
33.94	7.98655
33.96	7.986536
33.98	7.986622
34	7.987031
34.02	7.98736
34.04	7.987803
34.06	7.988325
34.08	7.989692
34.1	7.990546
34.12	7.991491
34.14	7.99257
34.16	7.993748
34.18	7.997587
34.2	7.999671
34.22	8.001898
34.24	8.004312
34.26	8.006876
34.28	8.012539
34.3	8.015641
34.32	8.018899
34.34	8.022353
34.36	8.025966
34.38	8.033751
34.4	8.037924
34.42	8.042262
34.44	8.046804
34.46	8.051513
34.48	8.062073
34.5	8.067825
34.52	8.073789
34.54	8.079943
34.56	8.086322
34.58	8.099689
34.6	8.106673
34.62	8.11405
34.64	8.121522
34.66	8.128995
34.68	8.144711
34.7	8.15287
34.72	8.161242
34.74	8.169793
34.76	8.178726
34.78	8.196856
34.8	8.206668
34.82	8.216613
34.84	8.226753
34.86	8.247575
34.88	8.258252
34.9	8.269121
34.92	8.280152
34.94	8.302743
34.96	8.314295
34.98	8.325996
35	8.337872
35.02	8.349891
35.04	8.362077
35.06	8.386887
35.08	8.399505
35.1	8.412277
35.12	8.425318
35.14	8.43839
35.16	8.451945
35.18	8.465505
35.2	8.493094
35.22	8.50706
35.24	8.521121
35.26	8.535293
35.28	8.549553
35.3	8.578361
35.32	8.584157
35.34	8.586252
35.36	8.587692
35.38	8.589023
35.4	8.591699
35.42	8.59309
35.44	8.594472
35.46	8.595846
35.48	8.598722
35.5	8.600139
35.52	8.601602
35.54	8.603065
35.56	8.605986
35.58	8.607459
35.6	8.608923
35.62	8.610392
35.64	8.611824
35.66	8.614713
35.68	8.616029
35.7	8.617367
35.72	8.618619
35.74	8.61993
35.76	8.73686
35.78	9.129778
35.8	9.397442
35.82	9.706454
35.84	9.86583
35.86	10.20237
35.88	10.34071
35.9	10.51906
35.92	10.6595
35.94	10.9847
35.96	11.17283
35.98	11.31376
36	11.31573
36.02	11.26447
36.04	11.20684
36.06	11.20117
36.08	11.14121
36.1	11.13204
36.12	11.06797
36.14	11.05554
36.16	10.45694
36.18	9.972144
36.2	9.538762
36.22	9.169324
36.24	8.872122
36.26	8.535759
36.28	8.57783
36.3	8.584703
36.32	8.579765
36.34	8.563815
36.36	8.555218
36.38	8.546398
36.4	8.537396
36.42	8.528213
36.44	8.518823
36.46	8.509252
36.48	8.48955
36.5	8.479416
36.52	8.469092
36.54	8.458582
36.56	8.517982
36.58	8.680639
36.6	8.782227
36.62	8.896162
36.64	9.021568
36.66	9.157577
36.68	9.046874
36.7	8.998909
36.72	8.972942
36.74	8.945713
36.76	8.917272
36.78	8.887676
36.8	8.825279
36.82	8.79262
36.84	8.75909
36.86	8.724778
36.88	8.689775
36.9	8.654182
36.92	8.581656
36.94	8.544956
36.96	8.508135
36.98	8.471328
37	8.434676
37.02	8.398335
37.04	8.327226
37.06	8.292802
37.08	8.259377
37.1	8.227142
37.12	8.196301
37.14	8.139637
37.16	8.13336
37.18	8.262513
37.2	8.430326
37.22	8.633798
37.24	9.134926
37.26	9.426192
37.28	9.605741
37.3	9.398954
37.32	9.573933
37.34	9.059838
37.36	8.896291
37.38	8.640175
37.4	8.516248
37.42	8.320238
37.44	8.123013
37.46	8.146281
37.48	8.118823
37.5	8.128931
37.52	8.125861
37.54	8.135235
37.56	8.125939
37.58	8.131119
37.6	8.124472
37.62	8.124076
37.64	8.125425
37.66	8.124866
37.68	8.124354
37.7	8.131945
37.72	8.156411
37.74	8.178102
37.76	8.18131
37.78	8.204348
37.8	8.206026
37.82	8.230047
37.84	8.25501
37.86	8.18007
37.88	8.130218
37.9	8.156531
37.92	8.19107
37.94	8.198026
37.96	8.202763
37.98	8.20712
38	8.211741
38.02	8.216554
38.04	8.22125
38.06	8.231169
38.08	8.236156
38.1	8.241435
38.12	8.246751
38.14	8.252215
38.16	8.263425
38.18	8.269202
38.2	8.275105
38.22	8.281045
38.24	8.287143
38.26	8.299637
38.28	8.306064
38.3	8.312623
38.32	8.319224
38.34	8.332889
38.36	8.339832
38.38	8.346944
38.4	8.354194
38.42	8.361488
38.44	8.368955
38.46	8.384486
38.48	8.392266
38.5	8.400241
38.52	8.408541
38.54	8.4168
38.56	8.433906
38.58	8.442678
38.6	8.451616
38.62	8.460618
38.64	8.469662
38.66	8.478922
38.68	8.488318
38.7	8.507357
38.72	8.51708
38.74	8.526847
38.76	8.536766
38.78	8.546812
38.8	8.567142
38.82	8.577505
38.84	8.587914
38.86	8.598472
38.88	8.609152
38.9	8.619876
38.92	8.630748
38.94	8.65264
38.96	8.658091
38.98	8.686856
39	8.688639
39.02	8.689849
39.04	8.690516
39.06	8.69031
39.08	8.689496
39.1	8.688251
39.12	8.686614
39.14	8.704209
39.16	8.694978
39.18	8.710122
39.2	8.69969
39.22	8.70843
39.24	8.705946
39.26	8.703587
39.28	8.714605
39.3	8.7116
39.32	8.722762
39.34	8.731002
39.36	8.728036
39.38	8.772901
39.4	8.828017
39.42	8.892889
39.44	9.049843
39.46	9.140884
39.48	9.18646
39.5	9.287317
39.52	9.331244
39.54	9.440562
39.56	9.159621
39.58	9.041306
39.6	8.939273
39.62	8.854623
39.64	8.788402
39.66	8.804055
39.68	8.779887
39.7	8.835084
39.72	8.852166
39.74	8.846994
39.76	8.863285
39.78	8.872235
39.8	8.863091
39.82	8.878784
39.84	8.867495
39.86	8.882893
39.88	8.885587
39.9	8.900796
39.92	8.915449
39.94	8.929531
39.96	8.955392
39.98	8.966964
40	8.977509
40.02	8.986688
40.04	8.994147
40.06	8.83769
40.08	8.830535
40.1	8.826183
40.12	8.82217
40.14	8.818171
40.16	8.814129
40.18	8.810032
40.2	8.801669
40.22	8.797392
40.24	8.793056
40.26	8.78866
40.28	8.784204
40.3	8.779688
40.32	8.770488
40.34	8.7658
40.36	8.761053
40.38	8.756245
40.4	8.746472
40.42	8.741505
40.44	8.736478
40.46	8.731423
40.48	8.726305
40.5	8.715922
40.52	8.710654
40.54	8.705597
40.56	8.700476
40.58	8.69533
40.6	8.685056
40.62	8.679935
40.64	8.674794
40.66	8.669641
40.68	8.664518
40.7	8.654273
40.72	8.649152
40.74	8.644055
40.76	8.683135
40.78	8.726919
40.8	8.827634
40.82	8.884089
40.84	8.944305
40.86	8.939598
40.88	8.915517
40.9	8.902456
40.92	8.888782
40.94	8.874549
40.96	8.844662
40.98	8.829147
41	8.813354
41.02	8.797369
41.04	8.765184
41.06	8.749184
41.08	8.733386
41.1	8.717905
41.12	8.702862
41.14	8.688382
41.16	8.674599
41.18	8.649681
41.2	8.651528
41.22	8.653183
41.24	8.655942
41.26	8.657054
41.28	8.658002
41.3	8.658659
41.32	8.661057
41.34	8.664252
41.36	8.661635
41.38	8.658599
41.4	8.655602
41.42	8.652646
41.44	8.649748
41.46	8.644084
41.48	8.641324
41.5	8.638599
41.52	8.635882
41.54	8.633218
41.56	8.627988
41.58	8.625415
41.6	8.622893
41.62	8.620388
41.64	8.617945
41.66	8.615608
41.68	8.610848
41.7	8.608578
41.72	8.606331
41.74	8.604153
41.76	8.600005
41.78	8.597815
41.8	8.596236
41.82	8.594255
41.84	8.592543
41.86	8.590908
41.88	8.58941
41.9	8.586555
41.92	8.585209
41.94	8.583924
41.96	8.582749
41.98	8.58052
42	8.579511
42.02	8.578638
42.04	8.577683
42.06	8.576859
42.08	8.576113
42.1	8.575408
42.12	8.574307
42.14	8.573747
42.16	8.573317
42.18	8.572968
42.2	8.57244
42.22	8.572359
42.24	8.572201
42.26	8.572175
42.28	8.57223
42.3	8.572283
42.32	8.572445
42.34	8.573088
42.36	8.573605
42.38	8.574482
42.4	8.575298
42.42	8.57609
42.44	8.576896
42.46	8.5788
42.48	8.579729
42.5	8.580785
42.52	8.581911
42.54	8.583075
42.56	8.585682
42.58	8.586958
42.6	8.589815
42.62	8.591311
42.64	8.592875
42.66	8.59457
42.68	8.596167
42.7	8.597877
42.72	8.599651
42.74	8.603323
42.76	8.605319
42.78	8.60721
42.8	8.609212
42.82	8.613361
42.84	8.61551
42.86	8.617871
42.88	8.620321
42.9	8.622733
42.92	8.625244
42.94	8.630066
42.96	8.632563
42.98	8.635058
43	8.637592
43.02	8.640229
43.04	8.642718
43.06	8.645287
43.08	8.647889
43.1	8.653106
43.12	8.65583
43.14	8.658517
43.16	8.661054
43.18	8.663775
43.2	8.666474
43.22	8.669034
43.24	8.671765
43.26	8.677047
43.28	8.679779
43.3	8.682487
43.32	8.685067
43.34	8.687696
43.36	8.690372
43.38	8.693019
43.4	8.695678
43.42	8.701037
43.44	8.703691
43.46	8.706223
43.48	8.747647
43.5	8.745572
43.52	8.745716
43.54	8.745836
43.56	8.74552
43.58	8.743412
43.6	8.741661
43.62	8.73949
43.64	8.736938
43.66	8.718297
43.68	8.804662
43.7	8.788362
43.72	8.887202
43.74	8.87081
43.76	8.9809
43.78	9.157239
43.8	9.208039
43.82	9.359542
43.84	9.417014
43.86	9.582272
43.88	9.821769
43.9	9.886758
43.92	9.768955
43.94	9.551244
43.96	9.353437
43.98	9.025443
44	8.899166
44.02	8.800509
44.04	8.735751
44.06	8.768938
44.08	8.777719
44.1	8.780117
44.12	8.782467
44.14	8.78374
44.16	8.785193
44.18	8.786839
44.2	8.788632
44.22	8.792793
44.24	8.795156
44.26	8.797708
44.28	8.800443
44.3	8.803365
44.32	8.806471
44.34	8.809761
44.36	8.816826
44.38	8.81881
44.4	8.81941
44.42	8.819692
44.44	8.819932
44.46	8.820098
44.48	8.828286
44.5	8.813028
44.52	8.808096
44.54	8.806723
44.56	8.80486
44.58	8.802455
44.6	8.799487
44.62	8.795856
44.64	8.791594
44.66	8.786733
44.68	8.768785
44.7	8.760518
44.72	8.752573
44.74	8.744944
44.76	8.737628
44.78	8.730628
44.8	8.717564
44.82	8.711506
44.84	8.705755
44.86	8.700324
44.88	8.695212
44.9	8.690421
44.92	8.681773
44.94	8.677936
44.96	8.674402
44.98	8.671196
45	8.668318
45.02	8.665769
45.04	8.663524
45.06	8.660015
45.08	8.658753
45.1	8.657828
45.12	8.657216
45.14	8.656949
45.16	8.656996
45.18	8.657391
45.2	8.658131
45.22	8.659188
45.24	8.662331
45.26	8.664421
45.28	8.647565
45.3	8.630235
45.32	8.612331
45.34	8.663695
45.36	8.725433
45.38	8.796854
45.4	8.965965
45.42	9.062276
45.44	9.165526
45.46	9.275065
45.48	9.390265
45.5	9.206556
45.52	9.08284
45.54	8.971183
45.56	8.872532
45.58	8.787826
45.6	8.663865
45.62	8.632292
45.64	8.654913
45.66	8.6538
45.68	8.6467
45.7	8.651779
45.72	8.650728
45.74	8.638558
45.76	8.640002
45.78	8.631121
45.8	8.63287
45.82	8.624907
45.84	8.626971
45.86	8.619934
45.88	8.640461
45.9	8.651254
45.92	8.662251
45.94	8.67335
45.96	8.684454
45.98	8.695469
46	8.706253
46.02	8.715429
46.04	8.723857
46.06	8.673706
46.08	8.649336
46.1	8.625588
46.12	8.602587
46.14	8.58786
46.16	8.570784
46.18	8.564371
46.2	8.558348
46.22	8.604748
46.24	8.640011
46.26	8.635414
46.28	8.627433
46.3	8.622813
46.32	8.617691
46.34	8.612087
46.36	8.606032
46.38	8.599566
46.4	8.592733
46.42	8.585582
46.44	8.579961
46.46	8.576864
46.48	8.574016
46.5	8.571743
46.52	8.569737
46.54	8.567999
46.56	8.566615
46.58	8.565454
46.6	8.56455
46.62	8.563606
46.64	8.563508
46.66	8.563833
46.68	8.564291
46.7	8.565148
46.72	8.566239
46.74	8.56759
46.76	8.56912
46.78	8.572039
46.8	8.572221
46.82	8.572213
46.84	8.572358
46.86	8.572438
46.88	8.572224
46.9	8.572232
46.92	8.572417
46.94	8.572568
46.96	8.572711
46.98	8.572937
47	8.573121
47.02	8.573342
47.04	8.609217
47.06	8.604652
47.08	8.60252
47.1	8.60039
47.12	8.597844
47.14	8.594814
47.16	8.591313
47.18	8.587365
47.2	8.583005
47.22	8.57605
47.24	8.557484
47.26	8.579734
47.28	8.549016
47.3	8.659239
47.32	8.630447
47.34	8.732185
47.36	8.879644
47.38	8.851095
47.4	9.014274
47.42	8.984189
47.44	9.159724
47.46	9.024978
47.48	8.902501
47.5	8.79328
47.52	8.698294
47.54	8.618506
47.56	8.547309
47.58	8.541351
47.6	8.537948
47.62	8.547713
47.64	8.550798
47.66	8.552715
47.68	8.556451
47.7	8.558686
47.72	8.561171
47.74	8.563731
47.76	8.566537
47.78	8.569665
47.8	8.576629
47.82	8.580455
47.84	8.584293
47.86	8.588364
47.88	8.59266
47.9	8.597263
47.92	8.603658
47.94	8.604457
47.96	8.605112
47.98	8.605753
48	8.606964
48.02	8.607463
48.04	8.607996
48.06	8.608522
48.08	8.609035
48.1	8.609529
48.12	8.610066
48.14	8.610566
48.16	8.611043
48.18	8.611815
48.2	8.612214
48.22	8.612602
48.24	8.61297
48.26	8.613317
48.28	8.613646
48.3	8.614246
48.32	8.614516
48.34	8.614769
48.36	8.615062
48.38	8.615499
48.4	8.615683
48.42	8.615848
48.44	8.615993
48.46	8.616119
48.48	8.616225
48.5	8.75042
48.52	8.717452
48.54	8.936126
48.56	8.930622
48.58	8.925038
48.6	8.918606
48.62	8.91119
48.64	8.893428
48.66	8.883142
48.68	8.871972
48.7	8.859965
48.72	8.847168
48.74	8.833637
48.76	8.819431
48.78	8.789249
48.8	8.773417
48.82	8.757192
48.84	8.740658
48.86	8.723903
48.88	8.554566
48.9	8.561866
48.92	8.555701
48.94	8.551537
48.96	8.547542
48.98	8.543781
49	8.540262
49.02	8.536997
49.04	8.533986
49.06	8.531221
49.08	8.52646
49.1	8.524465
49.12	8.522717
49.14	8.521232
49.16	8.519997
49.18	8.518315
49.2	8.517859
49.22	8.51767
49.24	8.517738
49.26	8.518117
49.28	8.519529
49.3	8.520667
49.32	8.522235
49.34	8.524023
49.36	8.526083
49.38	8.528414
49.4	8.531026
49.42	8.537136
49.44	8.540623
49.46	8.54437
49.48	8.548407
49.5	8.552725
49.52	8.557336
49.54	8.599659
49.56	8.560626
49.58	8.562134
49.6	8.563892
49.62	8.565928
49.64	8.568279
49.66	8.598571
49.68	8.556712
49.7	8.568248
49.72	8.54776
49.74	8.570451
49.76	8.548842
49.78	8.550674
49.8	8.574218
49.82	8.553556
49.84	8.577536
49.86	8.557555
49.88	8.64924
49.9	8.672274
49.92	8.837815
49.94	8.994057
49.96	9.044627
49.98	9.225536
50	9.286526
50.02	9.488687
50.04	9.558016
50.06	9.501318
50.08	9.547936
50.1	9.464617
50.12	9.423286
50.14	9.46362
50.16	9.377793
50.18	9.415113
50.2	9.328685
50.22	9.359507
50.24	9.329502
50.26	9.298752
50.28	9.267202
50.3	9.234916
50.32	9.201965
50.34	9.16844
50.36	9.100086
50.38	9.065488
50.4	9.03077
50.42	8.996063
50.44	8.961504
50.46	8.927237
50.48	8.893407
50.5	8.860174
50.52	8.827703
50.54	8.796162
50.56	8.765728
50.58	8.736587
50.6	8.708926
50.62	8.658845
50.64	8.636835
50.66	8.617129
50.68	8.61343
50.7	8.609632
50.72	8.605784
50.74	8.597902
50.76	8.593862
50.78	8.589759
50.8	8.585301
50.82	8.582018
50.84	8.579226
50.86	8.576811
50.88	8.574797
50.9	8.573114
50.92	8.57178
50.94	8.570844
50.96	8.569981
50.98	8.570124
51	8.5706
51.02	8.571426
51.04	8.572655
51.06	8.576134
51.08	8.578453
51.1	8.581107
51.12	8.584117
51.14	8.587531
51.16	8.591283
51.18	8.595391
51.2	8.599905
51.22	8.610318
51.24	8.61592
51.26	8.621842
51.28	8.628135
51.3	8.634732
51.32	8.641651
51.34	8.64894
51.36	8.664444
51.38	8.672721
51.4	8.681298
51.42	8.690193
51.44	8.69945
51.46	8.718877
51.48	8.729107
51.5	8.739631
51.52	8.750469
51.54	8.761662
51.56	8.773139
51.58	8.784969
51.6	8.809546
51.62	8.822292
51.64	8.835386
51.66	8.848761
51.68	8.862453
51.7	8.876502
51.72	8.890838
51.74	8.906665
51.76	8.912333
51.78	8.917824
51.8	8.923247
51.82	8.928661
51.84	8.93408
51.86	8.939466
51.88	8.950339
51.9	8.955748
51.92	8.960997
51.94	8.966401
51.96	8.971768
51.98	8.982343
52	8.987663
52.02	8.992837
52.04	8.998143
52.06	9.003412
52.08	9.008537
52.1	9.013786
52.12	9.018996
52.14	9.024066
52.16	9.029161
52.18	9.034279
52.2	9.044419
52.22	9.04944
52.24	9.054536
52.26	9.05954
52.28	9.064408
52.3	9.057203
52.32	9.064837
52.34	9.058711
52.36	9.080457
52.38	9.109775
52.4	9.01868
52.42	9.124025
52.44	9.028599
52.46	9.133657
52.48	9.037268
52.5	9.142226
52.52	9.045527
52.54	9.15037
52.56	9.023105
52.58	9.156008
52.6	9.0278
52.62	9.030287
52.64	9.161624
52.66	9.03492
52.68	9.167643
52.7	9.040653
52.72	9.173489
52.74	9.054196
52.76	9.058598
52.78	9.065445
52.8	9.068892
52.82	9.072373
52.84	9.075972
52.86	9.079679
52.88	9.083494
52.9	9.087341
52.92	9.091295
52.94	9.095355
52.96	9.099514
52.98	9.108088
53	9.112504
53.02	9.117014
53.04	9.121618
53.06	9.126315
53.08	9.131102
53.1	9.13596
53.12	9.145938
53.14	9.151057
53.16	9.156262
53.18	9.161572
53.2	9.171701
53.22	9.173207
53.24	9.173808
53.26	9.174356
53.28	9.430183
53.3	9.017447
53.32	9.397596
53.34	8.985112
53.36	9.390726
53.38	8.977756
53.4	8.977418
53.42	8.977163
53.44	8.976999
53.46	8.976942
53.48	8.977051
53.5	8.977252
53.52	8.977547
53.54	8.977933
53.56	8.978414
53.58	8.97899
53.6	8.979661
53.62	8.980428
53.64	8.982255
53.66	8.983317
53.68	8.984479
53.7	8.985743
53.72	8.987107
53.74	8.988577
53.76	8.990149
53.78	8.99183
53.8	8.993617
53.82	8.995513
53.84	8.999637
53.86	9.001868
53.88	9.004213
53.9	9.006676
53.92	9.011956
53.94	9.014962
53.96	9.111072
53.98	9.111071
54	9.082339
54.02	9.098433
54.04	9.0682
54.06	9.086822
54.08	9.073884
54.1	9.039912
54.12	9.014753
54.14	9.003411
54.16	8.956895
54.18	8.949407
54.2	8.907016
54.22	8.899574
54.24	8.860679
54.26	8.853142
54.28	8.822371
54.3	8.818547
54.32	8.824719
54.34	8.8769
54.36	8.88706
54.38	8.959291
54.4	9.024122
54.42	9.039556
54.44	9.109296
54.46	9.126131
54.48	9.194562
54.5	8.986131
54.52	8.746822
54.54	8.747113
54.56	8.701637
54.58	8.689835
54.6	8.696405
54.62	8.653345
54.64	8.641726
54.66	8.650612
54.68	8.649887
54.7	8.647374
54.72	8.644684
54.74	8.642176
54.76	8.638033
54.78	8.636363
54.8	8.635032
54.82	8.633962
54.84	8.633181
54.86	8.632746
54.88	8.631839
54.9	8.629422
54.92	8.626785
54.94	8.621642
54.96	8.619165
54.98	8.61672
55	8.614285
55.02	8.611897
55.04	8.607711
55.06	8.605614
55.08	8.603617
55.1	8.59971
55.12	8.597851
55.14	8.596016
55.16	8.59426
55.18	8.59264
55.2	8.589317
55.22	8.587794
55.24	8.586308
55.26	8.584904
55.28	8.583641
55.3	8.582282
55.32	8.581126
55.34	8.579907
55.36	8.578886
55.38	8.576873
55.4	8.576022
55.42	8.575351
55.44	8.574478
55.46	8.573806
55.48	8.573214
55.5	8.572706
55.52	8.572272
55.54	8.572082
55.56	8.572157
55.58	8.572279
55.6	8.572453
55.62	8.572709
55.64	8.573037
55.66	8.573453
55.68	8.573944
55.7	8.575175
55.72	8.575916
55.74	8.576734
55.76	8.577639
55.78	8.578618
55.8	8.579689
55.82	8.580832
55.84	8.583377
55.86	8.584776
55.88	8.585997
55.9	8.587775
55.92	8.589537
55.94	8.591123
55.96	8.592611
55.98	8.594668
56	8.596695
56.02	8.601113
56.04	8.603419
56.06	8.605738
56.08	8.608183
56.1	8.610673
56.12	8.613228
56.14	8.615836
56.16	8.618512
56.18	8.621223
56.2	8.624027
56.22	8.626861
56.24	8.629765
56.26	8.63574
56.28	8.638795
56.3	8.641915
56.32	8.648279
56.34	8.651634
56.36	8.654862
56.38	8.658211
56.4	8.661621
56.42	8.665053
56.44	8.668548
56.46	8.672174
56.48	8.67567
56.5	8.67928
56.52	8.686632
56.54	8.690672
56.56	8.694646
56.58	8.698566
56.6	8.702499
56.62	8.706416
56.64	8.710357
56.66	8.718268
56.68	8.722212
56.7	8.72618
56.72	8.730124
56.74	8.734092
56.76	8.738155
56.78	8.742027
56.8	8.745966
56.82	8.753845
56.84	8.757786
56.86	8.761814
56.88	8.765772
56.9	8.769558
56.92	8.777425
56.94	8.781179
56.96	8.785083
56.98	8.788946
57	8.792656
57.02	8.796498
57.04	8.800299
57.06	8.807634
57.08	8.81134
57.1	8.81499
57.12	8.818612
57.14	8.822231
57.16	8.830644
57.18	8.882196
57.2	8.884783
57.22	8.8852
57.24	8.885049
57.26	8.884358
57.28	8.883161
57.3	8.881492
57.32	8.879392
57.34	8.876903
57.36	8.874075
57.38	8.870958
57.4	8.871083
57.42	8.826396
57.44	8.809216
57.46	8.819507
57.48	8.822018
57.5	8.82302
57.52	8.823862
57.54	8.824821
57.56	8.825871
57.58	8.827109
57.6	8.828469
57.62	8.82999
57.64	8.831697
57.66	8.835631
57.68	8.837857
57.7	8.840193
57.72	8.842702
57.74	8.845378
57.76	8.84822
57.78	8.851226
57.8	8.854394
57.82	8.857724
57.84	8.861623
57.86	8.86259
57.88	8.863437
57.9	8.864909
57.92	8.865547
57.94	8.866119
57.96	8.866626
57.98	8.867066
58	8.867447
58.02	8.867757
58.04	8.867999
58.06	8.868175
58.08	9.083176
58.1	9.273911
58.12	9.269297
58.14	9.263511
58.16	9.256567
58.18	9.248487
58.2	9.2393
58.22	9.217736
58.24	9.205437
58.26	9.192183
58.28	9.178024
58.3	9.163016
58.32	9.147217
58.34	9.130689
58.36	9.1135
58.38	9.077435
58.4	9.058721
58.42	9.039667
58.44	9.020367
58.46	8.981428
58.48	8.962003
58.5	8.942758
58.52	8.923815
58.54	8.905298
58.56	8.794954
58.58	8.819558
58.6	8.815374
58.62	8.808457
58.64	8.801355
58.66	8.794307
58.68	8.787342
58.7	8.780493
58.72	8.810143
58.74	8.843209
58.76	8.830999
58.78	8.853629
58.8	8.893705
58.82	8.877113
58.84	8.920012
58.86	8.900626
58.88	9.046285
58.9	9.221119
58.92	9.313243
58.94	9.290857
58.96	9.267673
58.98	9.243762
59	9.219202
59.02	9.194075
59.04	9.168468
59.06	9.116203
59.08	9.089751
59.1	9.063234
59.12	9.036773
59.14	9.010491
59.16	8.982536
59.18	8.872252
59.2	8.780883
59.22	8.721903
59.24	8.718574
59.26	8.715068
59.28	8.711388
59.3	8.700969
59.32	8.695491
59.34	8.690621
59.36	8.68593
59.38	8.681215
59.4	8.676682
59.42	8.672475
59.44	8.668264
59.46	8.664207
59.48	8.660145
59.5	8.652411
59.52	8.648738
59.54	8.645064
59.56	8.641582
59.58	8.634805
59.6	8.631493
59.62	8.628383
59.64	8.625245
59.66	8.622244
59.68	8.61928
59.7	8.616401
59.72	8.610817
59.74	8.608114
59.76	8.605498
59.78	8.602934
59.8	8.597926
59.82	8.595722
59.84	8.593662
59.86	8.591736
59.88	8.589869
59.9	8.588088
59.92	8.58487
59.94	8.583393
59.96	8.581945
59.98	8.580631
60	8.579446
60.02	8.578339
60.04	8.577296
60.06	8.576365
60.08	8.575509
60.1	8.574099
60.12	8.573546
60.14	8.573071
60.16	8.572713
60.18	8.572432
60.2	8.572269
60.22	8.572222
60.24	8.572067
60.26	8.572501
60.28	8.573032
60.3	8.573952
60.32	8.57446
60.34	8.575212
60.36	8.57737
60.38	8.578331
60.4	8.579501
60.42	8.580832
60.44	8.582236
60.46	8.583704
60.48	8.586925
60.5	8.588678
60.52	8.59243
60.54	8.594428
60.56	8.596532
60.58	8.598702
60.6	8.603317
60.62	8.605762
60.64	8.608271
60.66	8.610883
60.68	8.613367
60.7	8.616242
60.72	8.619087
60.74	8.625693
60.76	8.628952
60.78	8.632209
60.8	8.635549
60.82	8.642374
60.84	8.64586
60.86	8.649416
60.88	8.653007
60.9	8.656663
60.92	8.664099
60.94	8.66786
60.96	8.67176
60.98	8.675569
61	8.679474
61.02	8.687613
61.04	8.69145
61.06	8.695545
61.08	8.699537
61.1	8.703634
61.12	8.707789
61.14	8.716147
61.16	8.720409
61.18	8.724556
61.2	8.733519
61.22	8.737881
61.24	8.74215
61.26	8.746572
61.28	8.755318
61.3	8.759523
61.32	8.763781
61.34	8.768052
61.36	8.77244
61.38	8.776489
61.4	8.780732
61.42	8.784786
61.44	8.788883
61.46	8.792991
61.48	8.80113
61.5	8.80505
61.52	8.809098
61.54	8.812942
61.56	8.81675
61.58	8.824389
61.6	8.828048
61.62	8.831795
61.64	8.835453
61.66	8.881227
61.68	8.837242
61.7	8.903196
61.72	8.903731
61.74	8.903605
61.76	8.902963
61.78	8.901814
61.8	8.900189
61.82	8.898129
61.84	8.89287
61.86	8.889771
61.88	8.889916
61.9	8.884189
61.92	8.883948
61.94	8.883494
61.96	8.881973
61.98	8.880936
62	8.882146
62.02	8.883102
62.04	8.884137
62.06	8.885312
62.08	8.886638
62.1	8.888115
62.12	8.889683
62.14	8.891401
62.16	8.895276
62.18	8.897429
62.2	8.899724
62.22	8.902159
62.24	8.904732
62.26	8.907443
62.28	8.911832
62.3	8.912171
62.32	8.912077
62.34	8.998704
62.36	9.613133
62.38	9.608878
62.4	9.596393
62.42	9.588155
62.44	9.57861
62.46	9.567785
62.48	9.542415
62.5	9.527939
62.52	9.512324
62.54	9.495614
62.56	9.477859
62.58	9.45911
62.6	9.439429
62.62	9.397519
62.64	9.375429
62.66	9.352682
62.68	9.32936
62.7	9.305549
62.72	9.281341
62.74	9.256832
62.76	8.988366
62.78	8.781948
62.8	8.786266
62.82	8.780537
62.84	8.772613
62.86	8.7643
62.88	8.74769
62.9	8.739485
62.92	8.731346
62.94	8.723292
62.96	8.71531
62.98	8.707416
63	8.699593
63.02	8.69186
63.04	8.684206
63.06	8.810902
63.08	8.965235
63.1	9.145213
63.12	9.573853
63.14	9.32198
63.16	9.543148
63.18	9.291527
63.2	9.508286
63.22	9.372099
63.24	9.242394
63.26	9.119781
63.28	9.004889
63.3	8.898368
63.32	8.88166
63.34	8.847835
63.36	8.830894
63.38	8.814063
63.4	8.797441
63.42	8.781139
63.44	8.76527
63.46	8.749955
63.48	8.73532
63.5	8.721498
63.52	8.708629
63.54	8.708245
63.56	8.443066
63.58	8.495098
63.6	8.5