0.02	8.378446
0.04	8.255385
0.06	8.085552
0.08	8.047023
0.1	8.039068
0.12	8.031054
0.14	8.023072
0.16	8.007198
0.18	7.999369
0.2	7.991666
0.22	7.984128
0.24	7.97679
0.26	7.969693
0.28	7.962876
0.3	7.956381
0.32	7.929365
0.34	7.91695
0.36	7.904404
0.38	7.891669
0.4	7.772835
0.42	7.74758
0.44	7.725632
0.46	7.7058
0.48	7.688109
0.5	7.672868
0.52	7.660466
0.54	7.651341
0.56	7.647027
0.58	7.654745
0.6	7.978547
0.62	7.764675
0.64	8.094642
0.66	7.846308
0.68	8.177841
0.7	7.934429
0.72	8.035788
0.74	8.367056
0.76	8.151374
0.78	8.481581
0.8	8.609542
0.82	8.423864
0.84	8.750374
0.86	8.57944
0.88	8.903372
0.9	8.746832
0.92	9.067745
0.94	8.925155
0.96	9.113475
0.98	9.427166
1	9.310832
1.02	9.620393
1.04	9.516249
1.06	9.821381
1.08	9.645972
1.1	9.951545
1.12	9.759358
1.14	9.871161
1.16	10.17331
1.18	9.984204
1.2	10.2843
1.22	10.09894
1.24	10.39692
1.26	10.21537
1.28	10.51679
1.3	10.63268
1.32	10.45287
1.34	10.75001
1.36	10.57372
1.38	10.86868
1.4	10.69582
1.42	10.98859
1.44	10.81908
1.46	11.08669
1.48	11.20892
1.5	11.0687
1.52	11.33212
1.54	11.19488
1.56	11.39339
1.58	11.38944
1.6	11.38363
1.62	11.37596
1.64	11.36641
1.66	11.35497
1.68	11.32647
1.7	11.3094
1.72	11.29046
1.74	11.26966
1.76	11.24703
1.78	11.19631
1.8	11.16827
1.82	11.13848
1.84	11.10698
1.86	11.07379
1.88	11.06673
1.9	11.06052
1.92	11.0525
1.94	11.04331
1.96	11.03708
1.98	11.03134
2	11.02559
2.02	11.01976
2.04	11.00771
2.06	11.00154
2.08	10.99523
2.1	10.9888
2.12	10.98227
2.14	10.97561
2.16	10.96886
2.18	10.96198
2.2	10.94504
2.22	10.93224
2.24	10.92014
2.26	10.89585
2.28	10.88353
2.3	10.87107
2.32	10.94502
2.34	10.85537
2.36	10.92789
2.38	10.83272
2.4	10.90357
2.42	10.80322
2.44	10.87219
2.46	10.76703
2.48	10.72435
2.5	10.70877
2.52	10.69117
2.54	10.67156
2.56	10.62672
2.58	10.63135
2.6	10.64499
2.62	10.63648
2.64	10.63
2.66	10.62344
2.68	10.61039
2.7	10.60396
2.72	10.59756
2.74	10.59124
2.76	10.58499
2.78	10.57878
2.8	10.57266
2.82	10.56658
2.84	10.5606
2.86	10.55466
2.88	10.54883
2.9	10.5374
2.92	10.53181
2.94	10.52631
2.96	10.52089
2.98	10.51556
3	10.51033
3.02	10.50519
3.04	10.50015
3.06	10.49038
3.08	10.48565
3.1	10.48103
3.12	10.47653
3.14	10.47213
3.16	10.4637
3.18	10.45968
3.2	10.45577
3.22	10.452
3.24	10.44836
3.26	10.44486
3.28	10.43827
3.3	10.43519
3.32	10.43227
3.34	10.42948
3.36	10.42686
3.38	10.4244
3.4	10.42219
3.42	10.418
3.44	10.41619
3.46	10.41457
3.48	10.41312
3.5	10.40942
3.52	10.39745
3.54	10.39135
3.56	10.38544
3.58	10.37953
3.6	10.37361
3.62	10.36169
3.64	10.35587
3.66	10.34965
3.68	10.34359
3.7	10.33752
3.72	10.33148
3.74	10.31928
3.76	10.31314
3.78	10.30699
3.8	10.3009
3.82	10.29504
3.84	10.28858
3.86	10.28237
3.88	10.27617
3.9	10.26414
3.92	10.25761
3.94	10.25136
3.96	10.2451
3.98	10.23892
4	10.22642
4.02	10.22013
4.04	10.21384
4.06	10.20762
4.08	10.20168
4.1	10.19505
4.12	10.18873
4.14	10.17616
4.16	10.1702
4.18	10.16354
4.2	10.15718
4.22	10.15084
4.24	10.13859
4.26	10.1319
4.28	10.12552
4.3	10.11916
4.32	10.11287
4.34	10.10688
4.36	10.09378
4.38	10.0874
4.4	10.0811
4.42	10.07511
4.44	10.06838
4.46	10.06198
4.48	10.05558
4.5	10.04928
4.52	10.04328
4.54	10.03654
4.56	10.03013
4.58	10.01743
4.6	10.01144
4.62	10.00469
4.64	9.998278
4.66	9.991881
4.68	9.985572
4.7	9.979589
4.72	9.972836
4.74	9.96643
4.76	9.960036
4.78	9.947762
4.8	9.941009
4.82	9.934608
4.84	9.928223
4.86	9.921928
4.88	9.915973
4.9	9.909225
4.92	9.902835
4.94	9.890179
4.96	9.884241
4.98	9.877501
5	9.871124
5.02	9.864764
5.04	9.8585
5.06	9.845855
5.08	9.839496
5.1	9.833154
5.12	9.826908
5.14	9.821015
5.16	9.814302
5.18	9.807963
5.2	9.801642
5.22	9.789553
5.24	9.782859
5.26	9.776543
5.28	9.770246
5.3	9.764047
5.32	9.75821
5.34	9.751536
5.36	9.738976
5.38	9.732804
5.4	9.726999
5.42	9.720349
5.44	9.714087
5.46	9.701704
5.48	9.695933
5.5	9.68931
5.52	9.683079
5.54	9.676867
5.56	9.670758
5.58	9.665023
5.6	9.65223
5.62	9.646052
5.64	9.640182
5.66	9.633668
5.68	9.627463
5.7	9.615348
5.72	9.608832
5.74	9.602606
5.76	9.596387
5.78	9.590437
5.8	9.57765
5.82	9.571408
5.84	9.565438
5.86	9.558875
5.88	9.552605
5.9	9.546343
5.92	9.533772
5.94	9.527485
5.96	9.521206
5.98	9.515214
6	9.508605
6.02	9.502304
6.04	9.490017
6.06	9.483391
6.08	9.47708
6.1	9.470781
6.12	9.464785
6.14	9.458145
6.16	9.451829
6.18	9.445526
6.2	9.439531
6.22	9.426565
6.24	9.420214
6.26	9.414226
6.28	9.407587
6.3	9.401206
6.32	9.394931
6.34	9.388967
6.36	9.382305
6.38	9.375917
6.4	9.369644
6.42	9.357019
6.44	9.350633
6.46	9.344363
6.48	9.338422
6.5	9.331749
6.52	9.325368
6.54	9.31318
6.56	9.306511
6.58	9.300138
6.6	9.293889
6.62	9.287981
6.64	9.274959
6.66	9.268724
6.68	9.262838
6.7	9.256186
6.72	9.249842
6.74	9.243627
6.76	9.231128
6.78	9.224804
6.8	9.21861
6.82	9.212777
6.84	9.206156
6.86	9.199855
6.88	9.193686
6.9	9.181284
6.92	9.175009
6.94	9.168869
6.96	9.163101
6.98	9.156525
7	9.150278
7.02	9.14417
7.04	9.138439
7.06	9.131888
7.08	9.125674
7.1	9.119599
7.12	9.107388
7.14	9.10121
7.16	9.095171
7.18	9.089523
7.2	9.083035
7.22	9.076893
7.24	9.065291
7.26	9.05884
7.28	9.052738
7.3	9.046782
7.32	9.041226
7.34	9.034812
7.36	9.022842
7.38	9.017336
7.4	9.010964
7.42	9.004951
7.44	8.993632
7.46	8.987304
7.48	8.981338
7.5	8.975524
7.52	8.970124
7.54	8.963841
7.56	8.952165
7.58	8.94682
7.6	8.940587
7.62	8.934724
7.64	8.929016
7.66	8.917548
7.68	8.911741
7.7	8.906089
7.72	8.900865
7.74	8.894735
7.76	8.883391
7.78	8.878229
7.8	8.872155
7.82	8.866464
7.84	8.860931
7.86	8.855833
7.88	8.844186
7.9	8.838716
7.92	8.833685
7.94	8.827728
7.96	8.82216
7.98	8.816754
8	8.805896
8.02	8.800393
8.04	8.795053
8.06	8.790161
8.08	8.784328
8.1	8.778893
8.12	8.768799
8.14	8.763032
8.16	8.757664
8.18	8.752462
8.2	8.747714
8.22	8.736717
8.24	8.731586
8.26	8.726912
8.28	8.721281
8.3	8.716056
8.32	8.710998
8.34	8.70084
8.36	8.695687
8.38	8.690704
8.4	8.686184
8.42	8.680696
8.44	8.670711
8.46	8.666269
8.48	8.660855
8.5	8.655854
8.52	8.651024
8.54	8.646663
8.56	8.636401
8.58	8.63165
8.6	8.62737
8.62	8.622108
8.64	8.612592
8.66	8.608397
8.68	8.603212
8.7	8.598449
8.72	8.593859
8.74	8.589746
8.76	8.584641
8.78	8.575453
8.8	8.571425
8.82	8.566401
8.84	8.561803
8.86	8.55738
8.88	8.553438
8.9	8.543983
8.92	8.539644
8.94	8.53579
8.96	8.530932
8.98	8.526505
9	8.522251
9.02	8.518486
9.04	8.509372
9.06	8.505205
9.08	8.501531
9.1	8.496842
9.12	8.488511
9.14	8.484926
9.16	8.480326
9.18	8.476161
9.2	8.472173
9.22	8.468679
9.24	8.464167
9.26	8.456193
9.28	8.452792
9.3	8.448368
9.32	8.444384
9.34	8.440577
9.36	8.43727
9.38	8.429044
9.4	8.425328
9.42	8.422116
9.44	8.417872
9.46	8.414073
9.48	8.410451
9.5	8.403182
9.52	8.399476
9.54	8.395948
9.56	8.392926
9.58	8.385256
9.6	8.381823
9.62	8.378898
9.64	8.374933
9.66	8.371417
9.68	8.368079
9.7	8.361382
9.72	8.357962
9.74	8.35472
9.76	8.35199
9.78	8.348215
9.8	8.344893
9.82	8.339117
9.84	8.335439
9.86	8.332213
9.88	8.329167
9.9	8.326635
9.92	8.323054
9.94	8.319926
9.96	8.314548
9.98	8.311064
10	8.308036
10.02	8.305187
10.04	8.302856
10.06	8.29947
10.08	8.296542
10.1	8.293794
10.12	8.288277
10.14	8.285449
10.16	8.282802
10.18	8.280673
10.2	8.277487
10.22	8.272212
10.24	8.270187
10.26	8.267101
10.28	8.264477
10.3	8.26203
10.32	8.260108
10.34	8.254599
10.36	8.252255
10.38	8.250437
10.4	8.247553
10.42	8.245132
10.44	8.242891
10.46	8.241177
10.48	8.238395
10.5	8.233939
10.52	8.232328
10.54	8.22965
10.56	8.227437
10.58	8.225402
10.6	8.22132
10.62	8.219212
10.64	8.21728
10.66	8.215879
10.68	8.213408
10.7	8.211403
10.72	8.208282
10.74	8.205914
10.76	8.204015
10.78	8.202293
10.8	8.201104
10.82	8.198841
10.84	8.197046
10.86	8.194347
10.88	8.192189
10.9	8.190501
10.92	8.188991
10.94	8.188014
10.96	8.185961
10.98	8.184379
11	8.182105
11.02	8.180158
11.04	8.178682
11.06	8.177384
11.08	8.176621
11.1	8.174781
11.12	8.173411
11.14	8.17222
11.16	8.171564
11.18	8.168568
11.2	8.167483
11.22	8.166936
11.24	8.165308
11.26	8.164154
11.28	8.162736
11.3	8.161215
11.32	8.160168
11.34	8.159298
11.36	8.158966
11.38	8.156613
11.4	8.15585
11.42	8.155626
11.44	8.154321
11.46	8.15349
11.48	8.152835
11.5	8.152719
11.52	8.150798
11.54	8.15025
11.56	8.150244
11.58	8.149154
11.6	8.148539
11.62	8.1481
11.64	8.14722
11.66	8.146714
11.68	8.146382
11.7	8.146592
11.72	8.145719
11.74	8.145322
11.76	8.145098
11.78	8.144651
11.8	8.144362
11.82	8.144248
11.84	8.144675
11.86	8.144018
11.88	8.143832
11.9	8.144368
11.92	8.143821
11.94	8.143749
11.96	8.143851
11.98	8.144496
12	8.144094
12.02	8.144305
12.04	8.145059
12.06	8.144729
12.08	8.144876
12.1	8.146056
12.12	8.145835
12.14	8.146091
12.16	8.146518
12.18	8.147489
12.2	8.147375
12.22	8.14774
12.24	8.149356
12.26	8.149351
12.28	8.149825
12.3	8.150469
12.32	8.151657
12.34	8.152344
12.36	8.153095
12.38	8.154392
12.4	8.154605
12.42	8.155296
12.44	8.157561
12.46	8.157883
12.48	8.158683
12.5	8.159652
12.52	8.161163
12.54	8.162502
12.56	8.163579
12.58	8.165199
12.6	8.165738
12.62	8.166755
12.64	8.169667
12.66	8.170314
12.68	8.171439
12.7	8.172731
12.72	8.174567
12.74	8.176556
12.76	8.177955
12.78	8.179898
12.8	8.18076
12.82	8.182101
12.84	8.183608
12.86	8.185658
12.88	8.186629
12.9	8.188078
12.92	8.189691
12.94	8.192927
12.96	8.194483
12.98	8.196203
13	8.198467
13.02	8.199653
13.04	8.201316
13.06	8.203142
13.08	8.205512
13.1	8.206805
13.12	8.210508
13.14	8.212984
13.16	8.214385
13.18	8.216261
13.2	8.2183
13.22	8.220881
13.24	8.222388
13.26	8.226516
13.28	8.229203
13.3	8.230817
13.32	8.232905
13.34	8.235155
13.36	8.237947
13.38	8.241861
13.4	8.244216
13.42	8.247112
13.44	8.248939
13.46	8.251238
13.48	8.253697
13.5	8.256699
13.52	8.261034
13.54	8.263598
13.56	8.266703
13.58	8.268739
13.6	8.271249
13.62	8.273916
13.64	8.279264
13.66	8.281878
13.68	8.28465
13.7	8.287961
13.72	8.290206
13.74	8.292924
13.76	8.295798
13.78	8.299212
13.8	8.304382
13.82	8.30736
13.84	8.310875
13.86	8.313328
13.88	8.316253
13.9	8.322948
13.92	8.325505
13.94	8.328533
13.96	8.331714
13.98	8.335432
14	8.338091
14.02	8.344503
14.04	8.348322
14.06	8.351083
14.08	8.354314
14.1	8.357697
14.12	8.361617
14.14	8.367812
14.16	8.371296
14.18	8.375316
14.2	8.37828
14.22	8.381713
14.24	8.385297
14.26	8.392481
14.28	8.396014
14.3	8.399697
14.32	8.403913
14.34	8.40708
14.36	8.410712
14.38	8.414495
14.4	8.422075
14.42	8.425808
14.44	8.429688
14.46	8.4341
14.48	8.437466
14.5	8.441298
14.52	8.449784
14.54	8.45325
14.56	8.457178
14.58	8.461254
14.6	8.465859
14.62	8.469422
14.64	8.477621
14.66	8.482324
14.68	8.485984
14.7	8.490108
14.72	8.494376
14.74	8.499173
14.76	8.507151
14.78	8.511515
14.8	8.516406
14.82	8.520261
14.84	8.524577
14.86	8.529037
14.88	8.534021
14.9	8.542384
14.92	8.546937
14.94	8.556064
14.96	8.56057
14.98	8.565217
15	8.570389
15.02	8.574531
15.04	8.579131
15.06	8.589135
15.08	8.593371
15.1	8.598065
15.12	8.602898
15.14	8.608253
15.16	8.612584
15.18	8.617371
15.2	8.622295
15.22	8.632166
15.24	8.637045
15.26	8.642061
15.28	8.647597
15.3	8.652114
15.32	8.657084
15.34	8.66219
15.36	8.667817
15.38	8.677486
15.4	8.682684
15.42	8.688399
15.44	8.693099
15.46	8.69825
15.48	8.703537
15.5	8.70934
15.52	8.714131
15.54	8.724748
15.56	8.730639
15.58	8.735519
15.6	8.740849
15.62	8.746313
15.64	8.752292
15.66	8.757261
15.68	8.76268
15.7	8.774296
15.72	8.779355
15.74	8.784862
15.76	8.790499
15.78	8.796649
15.8	8.80739
15.82	8.813114
15.84	8.819349
15.86	8.824584
15.88	8.830264
15.9	8.842393
15.92	8.847715
15.94	8.85348
15.96	8.859375
15.98	8.865778
16	8.871186
16.02	8.877037
16.04	8.883016
16.06	8.889501
16.08	8.900929
16.1	8.906991
16.12	8.913559
16.14	8.919138
16.16	8.925157
16.18	8.937951
16.2	8.943614
16.22	8.949717
16.24	8.962673
16.26	8.96842
16.28	8.974605
16.3	8.980913
16.32	8.993553
16.34	8.999819
16.36	9.006207
16.38	9.013098
16.4	9.019009
16.42	9.025356
16.44	9.031825
16.46	9.038794
16.48	9.044786
16.5	9.057763
16.52	9.06481
16.54	9.070884
16.56	9.084018
16.58	9.091143
16.6	9.097297
16.62	9.103883
16.64	9.110588
16.66	9.124022
16.68	9.130687
16.7	9.137469
16.72	9.151059
16.74	9.157801
16.76	9.16466
16.78	9.172012
16.8	9.178403
16.82	9.185222
16.84	9.199583
16.86	9.206052
16.88	9.212947
16.9	9.219957
16.92	9.227457
16.94	9.234002
16.96	9.240973
16.98	9.255631
17	9.262253
17.02	9.269298
17.04	9.276457
17.06	9.284103
17.08	9.297919
17.1	9.305152
17.12	9.312869
17.14	9.319641
17.16	9.326834
17.18	9.334139
17.2	9.341928
17.22	9.356039
17.24	9.363416
17.26	9.371275
17.28	9.378195
17.3	9.385532
17.32	9.400909
17.34	9.407901
17.36	9.41531
17.38	9.422829
17.4	9.430826
17.42	9.437891
17.44	9.445371
17.46	9.461025
17.48	9.468161
17.5	9.475711
17.52	9.483368
17.54	9.491503
17.56	9.498709
17.58	9.514054
17.6	9.529532
17.62	9.53722
17.64	9.553282
17.66	9.560628
17.68	9.568384
17.7	9.576244
17.72	9.584579
17.74	9.591993
17.76	9.607744
17.78	9.616144
17.8	9.623626
17.82	9.631516
17.84	9.63951
17.86	9.647973
17.88	9.663479
17.9	9.671538
17.92	9.680064
17.94	9.687682
17.96	9.695704
17.98	9.712418
18	9.720099
18.02	9.728187
18.04	9.736374
18.06	9.745027
18.08	9.752774
18.1	9.769176
18.12	9.77789
18.14	9.785704
18.16	9.793919
18.18	9.802232
18.2	9.811007
18.22	9.827163
18.24	9.835537
18.26	9.844373
18.28	9.852314
18.3	9.860654
18.32	9.869091
18.34	9.885991
18.36	9.894392
18.38	9.902889
18.4	9.911844
18.42	9.91991
18.44	9.928372
18.46	9.945944
18.48	9.954073
18.5	9.962595
18.52	9.971211
18.54	9.980284
18.56	9.988473
18.58	9.997056
18.6	10.01486
18.62	10.02311
18.64	10.03175
18.66	10.04049
18.68	10.04967
18.7	10.06668
18.72	10.07547
18.74	10.08472
18.76	10.09309
18.78	10.10184
18.8	10.11069
18.82	10.12842
18.84	10.13723
18.86	10.14614
18.88	10.15549
18.9	10.16398
18.92	10.18181
18.94	10.19122
18.96	10.19976
18.98	10.20869
19	10.21771
19.02	10.22717
19.04	10.24475
19.06	10.25382
19.08	10.26334
19.1	10.27199
19.12	10.28092
19.14	10.29015
19.16	10.30785
19.18	10.31671
19.2	10.32563
19.22	10.33512
19.24	10.34377
19.26	10.36191
19.28	10.37145
19.3	10.38017
19.32	10.38913
19.34	10.39841
19.36	10.41621
19.38	10.42514
19.4	10.4341
19.42	10.44363
19.44	10.45235
19.46	10.46144
19.48	10.4802
19.5	10.48898
19.52	10.49813
19.54	10.50725
19.56	10.51671
19.58	10.5256
19.6	10.54406
19.62	10.55371
19.64	10.56263
19.66	10.57188
19.68	10.59093
19.7	10.59973
19.72	10.60892
19.74	10.61817
19.76	10.62791
19.78	10.63691
19.8	10.64625
19.82	10.65566
19.84	10.67493
19.86	10.68448
19.88	10.69397
19.9	10.70399
19.92	10.71256
19.94	10.72189
19.96	10.7408
19.98	10.74957
20	10.75876
20.02	10.76804
20.04	10.77776
20.06	10.79592
20.08	10.80527
20.1	10.81501
20.12	10.824
20.14	10.83334
20.16	10.84275
20.18	10.86162
20.2	10.87101
20.22	10.88049
20.24	10.89036
20.26	10.89949
20.28	10.90895
20.3	10.92842
20.32	10.93761
20.34	10.94714
20.36	10.95674
20.38	10.96673
20.4	10.97598
20.42	10.98557
20.44	10.99523
20.46	11.00529
20.48	11.0146
20.5	11.02425
20.52	11.03397
20.54	11.05346
20.56	11.06316
20.58	11.07295
20.6	11.08312
20.62	11.09255
20.64	11.10231
20.66	11.11215
20.68	11.12238
20.7	11.13187
20.72	11.14169
20.74	11.16187
20.76	11.17141
20.78	11.18129
20.8	11.19124
20.82	11.20158
20.84	11.21118
20.86	11.22112
20.88	11.23112
20.9	11.25117
20.92	11.26116
20.94	11.27121
20.96	11.28166
20.98	11.29137
21	11.30141
21.02	11.31152
21.04	11.33177
21.06	11.34187
21.08	11.35203
21.1	11.36258
21.12	11.37239
21.14	11.38253
21.16	11.40334
21.18	11.41321
21.2	11.4234
21.22	11.43366
21.24	11.44431
21.26	11.45422
21.28	11.47477
21.3	11.48547
21.32	11.49543
21.34	11.50572
21.36	11.51608
21.38	11.53683
21.4	11.54717
21.42	11.55757
21.44	11.56836
21.46	11.57842
21.48	11.58881
21.5	11.59926
21.52	11.62019
21.54	11.63062
21.56	11.64112
21.58	11.652
21.6	11.66215
21.62	11.67262
21.64	11.68317
21.66	11.70428
21.68	11.7148
21.7	11.72539
21.72	11.73635
21.74	11.74659
21.76	11.76778
21.78	11.77879
21.8	11.78907
21.82	11.79968
21.84	11.81035
21.86	11.83172
21.88	11.84237
21.9	11.85308
21.92	11.86417
21.94	11.87454
21.96	11.88499
21.98	11.8999
22	11.88855
22.02	11.87767
22.04	11.86586
22.06	11.86734
22.08	11.865
22.1	11.85934
22.12	11.85681
22.14	11.85455
22.16	11.85255
22.18	11.85083
22.2	11.84819
22.22	11.84685
22.24	11.84554
22.26	11.84432
22.28	11.84322
22.3	11.84223
22.32	11.84137
22.34	11.83998
22.36	11.83946
22.38	11.83905
22.4	11.83876
22.42	11.83455
22.44	11.85266
22.46	11.78485
22.48	11.74368
22.5	11.70401
22.52	11.66624
22.54	11.69439
22.56	11.70525
22.58	11.66223
22.6	11.70399
22.62	11.66845
22.64	11.63285
22.66	11.59588
22.68	11.56124
22.7	11.54822
22.72	11.52709
22.74	11.50465
22.76	11.46187
22.78	11.44704
22.8	11.43634
22.82	11.41939
22.84	11.41098
22.86	11.40294
22.88	11.394
22.9	11.38549
22.92	11.37703
22.94	11.36891
22.96	11.36014
22.98	11.34327
23	11.33513
23.02	11.32642
23.04	11.318
23.06	11.3096
23.08	11.30147
23.1	11.29279
23.12	11.28439
23.14	11.26789
23.16	11.25923
23.18	11.25085
23.2	11.24249
23.22	11.23438
23.24	11.22574
23.26	11.21737
23.28	11.20903
23.3	11.19231
23.32	11.18396
23.34	11.17563
23.36	11.16756
23.38	11.15895
23.4	11.14231
23.42	11.13426
23.44	11.12567
23.46	11.11735
23.48	11.10906
23.5	11.10103
23.52	11.08416
23.54	11.07589
23.56	11.06788
23.58	11.05932
23.6	11.05105
23.62	11.0428
23.64	11.03481
23.66	11.02627
23.68	11.00979
23.7	11.00182
23.72	10.99331
23.74	10.98507
23.76	10.97686
23.78	10.96892
23.8	10.96043
23.82	10.95222
23.84	10.94403
23.86	10.93611
23.88	10.92764
23.9	10.91945
23.92	10.90339
23.94	10.89494
23.96	10.88678
23.98	10.87864
24	10.87077
24.02	10.86234
24.04	10.84608
24.06	10.83824
24.08	10.82984
24.1	10.82172
24.12	10.81363
24.14	10.80581
24.16	10.79743
24.18	10.78934
24.2	10.77349
24.22	10.76513
24.24	10.75707
24.26	10.74903
24.28	10.74127
24.3	10.73294
24.32	10.7249
24.34	10.71689
24.36	10.70916
24.38	10.70086
24.4	10.6846
24.42	10.67686
24.44	10.66874
24.46	10.66083
24.48	10.65291
24.5	10.63708
24.52	10.62919
24.54	10.62132
24.56	10.61372
24.58	10.60554
24.6	10.59767
24.62	10.58982
24.64	10.58224
24.66	10.56626
24.68	10.55843
24.7	10.55089
24.72	10.54277
24.74	10.53495
24.76	10.52715
24.78	10.51154
24.8	10.50375
24.82	10.49598
24.84	10.48849
24.86	10.48043
24.88	10.47266
24.9	10.46492
24.92	10.45747
24.94	10.4417
24.96	10.43399
24.98	10.42657
25	10.41856
25.02	10.41085
25.04	10.40318
25.06	10.39578
25.08	10.38025
25.1	10.37286
25.12	10.36559
25.14	10.3578
25.16	10.35047
25.18	10.34333
25.2	10.33641
25.22	10.32834
25.24	10.31324
25.26	10.30616
25.28	10.29842
25.3	10.29102
25.32	10.28365
25.34	10.27686
25.36	10.26926
25.38	10.26209
25.4	10.25511
25.42	10.24842
25.44	10.23334
25.46	10.22613
25.48	10.21931
25.5	10.21175
25.52	10.20455
25.54	10.19739
25.56	10.19054
25.58	10.17592
25.6	10.16879
25.62	10.16194
25.64	10.15452
25.66	10.14739
25.68	10.14029
25.7	10.13346
25.72	10.11896
25.74	10.11187
25.76	10.10507
25.78	10.09769
25.8	10.09061
25.82	10.08355
25.84	10.07677
25.86	10.06236
25.88	10.05533
25.9	10.04857
25.92	10.04124
25.94	10.03421
25.96	10.0272
25.98	10.02047
26	10.00616
26.02	9.999176
26.04	9.992475
26.06	9.985194
26.08	9.978215
26.1	9.971257
26.12	9.964584
26.14	9.957331
26.16	9.950378
26.18	9.936806
26.2	9.929578
26.22	9.922656
26.24	9.915754
26.26	9.909142
26.28	9.901942
26.3	9.888178
26.32	9.881598
26.34	9.874426
26.36	9.867563
26.38	9.860723
26.4	9.847034
26.42	9.840202
26.44	9.833394
26.46	9.82688
26.48	9.819769
26.5	9.81297
26.52	9.799714
26.54	9.792634
26.56	9.785869
26.58	9.779126
26.6	9.772682
26.62	9.758904
26.64	9.752194
26.66	9.745787
26.68	9.738771
26.7	9.732076
26.72	9.725402
26.74	9.71205
26.76	9.705389
26.78	9.698751
26.8	9.692419
26.82	9.685472
26.84	9.678848
26.86	9.672248
26.88	9.659041
26.9	9.652455
26.92	9.645892
26.94	9.639637
26.96	9.632763
26.98	9.626214
27	9.619689
27.02	9.613474
27.04	9.606636
27.06	9.600127
27.08	9.587466
27.1	9.580667
27.12	9.574198
27.14	9.567752
27.16	9.561618
27.18	9.554857
27.2	9.548429
27.22	9.542023
27.24	9.529209
27.26	9.522821
27.28	9.516458
27.3	9.510408
27.32	9.503728
27.34	9.491059
27.36	9.485053
27.38	9.478414
27.4	9.47211
27.42	9.465829
27.44	9.45327
27.46	9.44701
27.48	9.440773
27.5	9.434855
27.52	9.4283
27.54	9.422083
27.56	9.415891
27.58	9.403506
27.6	9.397334
27.62	9.391186
27.64	9.38536
27.66	9.378892
27.68	9.372765
27.7	9.360882
27.72	9.354458
27.74	9.348376
27.76	9.34232
27.78	9.336588
27.8	9.330209
27.82	9.318163
27.84	9.312479
27.86	9.306146
27.88	9.300158
27.9	9.294194
27.92	9.282271
27.94	9.276331
27.96	9.270415
27.98	9.264829
28	9.258589
28.02	9.252696
28.04	9.241292
28.06	9.235099
28.08	9.229256
28.1	9.223437
28.12	9.211805
28.14	9.206012
28.16	9.200243
28.18	9.194807
28.2	9.18871
28.22	9.177248
28.24	9.171864
28.26	9.165816
28.28	9.160123
28.3	9.154454
28.32	9.149122
28.34	9.143125
28.36	9.131866
28.38	9.126586
28.4	9.120639
28.42	9.115048
28.44	9.104257
28.46	9.098361
28.48	9.092823
28.5	9.08731
28.52	9.082136
28.54	9.076291
28.56	9.070807
28.58	9.060227
28.6	9.054435
28.62	9.049004
28.64	9.043596
28.66	9.038531
28.68	9.027415
28.7	9.022061
28.72	9.017052
28.74	9.011365
28.76	9.006042
28.78	9.000744
28.8	8.990157
28.82	8.984889
28.84	8.979645
28.86	8.974747
28.88	8.963956
28.9	8.958767
28.92	8.953925
28.94	8.948402
28.96	8.943246
28.98	8.938113
29	8.92786
29.02	8.922761
29.04	8.917685
29.06	8.912957
29.08	8.907545
29.1	8.902502
29.12	8.897483
29.14	8.892814
29.16	8.882472
29.18	8.877511
29.2	8.872901
29.22	8.867601
29.24	8.862673
29.26	8.85777
29.28	8.853218
29.3	8.847977
29.32	8.838263
29.34	8.83377
29.36	8.828586
29.38	8.823776
29.4	8.81899
29.42	8.809432
29.44	8.804681
29.46	8.799953
29.48	8.795582
29.5	8.790515
29.52	8.785824
29.54	8.781108
29.56	8.77181
29.58	8.767179
29.6	8.762522
29.62	8.758262
29.64	8.753337
29.66	8.748698
29.68	8.74
29.7	8.735108
29.72	8.73052
29.74	8.726056
29.76	8.721942
29.78	8.717099
29.8	8.712566
29.82	8.708159
29.84	8.704107
29.86	8.694844
29.88	8.690496
29.9	8.686505
29.92	8.681774
29.94	8.677358
29.96	8.673069
29.98	8.664467
30	8.66011
30.02	8.655882
30.04	8.652015
30.06	8.647401
30.08	8.643105
30.1	8.635133
30.12	8.630579
30.14	8.626345
30.16	8.622239
30.18	8.618498
30.2	8.609833
30.22	8.605789
30.24	8.602113
30.26	8.597681
30.28	8.593572
30.3	8.589592
30.32	8.585979
30.34	8.577564
30.36	8.573648
30.38	8.570101
30.4	8.565794
30.42	8.561812
30.44	8.55448
30.46	8.550237
30.48	8.54632
30.5	8.542534
30.52	8.53494
30.54	8.531089
30.56	8.527369
30.58	8.524021
30.6	8.519907
30.62	8.512467
30.64	8.509188
30.66	8.505139
30.68	8.50142
30.7	8.497833
30.72	8.494622
30.74	8.49064
30.76	8.483469
30.78	8.480326
30.8	8.476411
30.82	8.472827
30.84	8.469376
30.86	8.462454
30.88	8.458939
30.9	8.455556
30.92	8.452552
30.94	8.448772
30.96	8.445327
30.98	8.442012
31	8.435368
31.02	8.431992
31.04	8.428747
31.06	8.425885
31.08	8.422242
31.1	8.415762
31.12	8.412971
31.14	8.409398
31.16	8.406161
31.18	8.403058
31.2	8.40034
31.22	8.396836
31.24	8.39064
31.26	8.387994
31.28	8.384562
31.3	8.381468
31.32	8.378508
31.34	8.375934
31.36	8.372572
31.38	8.369551
31.4	8.364162
31.42	8.360873
31.44	8.357924
31.46	8.355108
31.48	8.352681
31.5	8.349464
31.52	8.346588
31.54	8.343845
31.56	8.341493
31.58	8.335546
31.6	8.332876
31.62	8.330598
31.64	8.327525
31.66	8.324797
31.68	8.322201
31.7	8.319998
31.72	8.316998
31.74	8.314344
31.76	8.311824
31.78	8.309695
31.8	8.304191
31.82	8.301744
31.84	8.299691
31.86	8.296841
31.88	8.294335
31.9	8.291965
31.92	8.289988
31.94	8.287211
31.96	8.284781
31.98	8.280585
32	8.277884
32.02	8.275531
32.04	8.273311
32.06	8.271486
32.08	8.268861
32.1	8.266583
32.12	8.262691
32.14	8.260142
32.16	8.25794
32.18	8.255873
32.2	8.254204
32.22	8.25173
32.24	8.249605
32.26	8.247614
32.28	8.246022
32.3	8.241577
32.32	8.239664
32.34	8.23815
32.36	8.235828
32.38	8.233858
32.4	8.232022
32.42	8.230586
32.44	8.228342
32.46	8.226449
32.48	8.223333
32.5	8.221167
32.52	8.219352
32.54	8.217671
32.56	8.216392
32.58	8.214303
32.6	8.212567
32.62	8.209764
32.64	8.207753
32.66	8.206096
32.68	8.204572
32.7	8.20345
32.72	8.201517
32.74	8.198493
32.76	8.197451
32.78	8.195597
32.8	8.194097
32.82	8.19273
32.84	8.191768
32.86	8.189992
32.88	8.187284
32.9	8.186401
32.92	8.184705
32.94	8.183363
32.96	8.181352
32.98	8.179735
33	8.178473
33.02	8.177344
33.04	8.176621
33.06	8.175083
33.08	8.173903
33.1	8.172853
33.12	8.170752
33.14	8.16965
33.16	8.168681
33.18	8.168118
33.2	8.166739
33.22	8.164828
33.24	8.164347
33.26	8.163049
33.28	8.162107
33.3	8.161298
33.32	8.160895
33.34	8.158817
33.36	8.158088
33.38	8.157768
33.4	8.15663
33.42	8.155849
33.44	8.155201
33.46	8.154961
33.48	8.153204
33.5	8.152637
33.52	8.152477
33.54	8.1515
33.56	8.150881
33.58	8.150393
33.6	8.14942
33.62	8.148882
33.64	8.148476
33.66	8.148479
33.68	8.147662
33.7	8.147206
33.72	8.146964
33.74	8.14623
33.76	8.145854
33.78	8.14561
33.8	8.145774
33.82	8.145121
33.84	8.144662
33.86	8.144909
33.88	8.144336
33.9	8.144123
33.92	8.14404
33.94	8.143876
33.96	8.143744
33.98	8.143743
34	8.144152
34.02	8.143741
34.04	8.14369
34.06	8.144259
34.08	8.143929
34.1	8.143961
34.12	8.144121
34.14	8.144692
34.16	8.144444
34.18	8.144556
34.2	8.144798
34.22	8.145451
34.24	8.145284
34.26	8.145476
34.28	8.146533
34.3	8.146447
34.32	8.146722
34.34	8.147125
34.36	8.147941
34.38	8.148293
34.4	8.148776
34.42	8.149673
34.44	8.149749
34.46	8.150187
34.48	8.150752
34.5	8.151887
34.52	8.152406
34.54	8.153052
34.56	8.15411
34.58	8.154949
34.6	8.155676
34.62	8.156815
34.64	8.157136
34.66	8.157816
34.68	8.158625
34.7	8.160246
34.72	8.161008
34.74	8.161896
34.76	8.163197
34.78	8.163679
34.8	8.164522
34.82	8.165491
34.84	8.167436
34.86	8.16836
34.88	8.169409
34.9	8.170871
34.92	8.171515
34.94	8.17252
34.96	8.17365
34.98	8.175192
35	8.177002
35.02	8.178212
35.04	8.179834
35.06	8.18064
35.08	8.181806
35.1	8.183097
35.12	8.184799
35.14	8.185685
35.16	8.188301
35.18	8.190084
35.2	8.191051
35.22	8.192376
35.24	8.193827
35.26	8.196736
35.28	8.198142
35.3	8.199672
35.32	8.201613
35.34	8.202741
35.36	8.204227
35.38	8.207857
35.4	8.209064
35.42	8.21063
35.44	8.212319
35.46	8.214419
35.48	8.215706
35.5	8.21912
35.52	8.221298
35.54	8.222666
35.56	8.22439
35.58	8.226237
35.6	8.228495
35.62	8.229941
35.64	8.233671
35.66	8.236007
35.68	8.237533
35.7	8.239415
35.72	8.24142
35.74	8.243834
35.76	8.245439
35.78	8.2474
35.8	8.249484
35.82	8.253659
35.84	8.255699
35.86	8.25786
35.88	8.26043
35.9	8.262193
35.92	8.26655
35.94	8.269198
35.96	8.271038
35.98	8.273235
36	8.278276
36.02	8.280195
36.04	8.28247
36.06	8.284863
36.08	8.287666
36.1	8.289662
36.12	8.294485
36.14	8.297363
36.16	8.299438
36.18	8.301867
36.2	8.304416
36.22	8.30737
36.24	8.312029
36.26	8.314653
36.28	8.317684
36.3	8.319913
36.32	8.322496
36.34	8.325197
36.36	8.328305
36.38	8.33061
36.4	8.33327
36.42	8.33923
36.44	8.341612
36.46	8.344348
36.48	8.3472
36.5	8.350459
36.52	8.355728
36.54	8.358656
36.56	8.361989
36.58	8.364524
36.6	8.367412
36.62	8.370414
36.64	8.376431
36.66	8.379394
36.68	8.382472
36.7	8.385954
36.72	8.388639
36.74	8.391677
36.76	8.394829
36.78	8.401145
36.8	8.404258
36.82	8.407483
36.84	8.411113
36.86	8.413948
36.88	8.417135
36.9	8.420435
36.92	8.427048
36.94	8.430307
36.96	8.433681
36.98	8.437456
37	8.44044
37.02	8.443774
37.04	8.451069
37.06	8.454126
37.08	8.457533
37.1	8.461052
37.12	8.464973
37.14	8.468103
37.16	8.471583
37.18	8.479168
37.2	8.482371
37.22	8.485924
37.24	8.489587
37.26	8.49365
37.28	8.496927
37.3	8.504287
37.32	8.508421
37.34	8.51177
37.36	8.515467
37.38	8.519273
37.4	8.523479
37.42	8.526899
37.44	8.534545
37.46	8.538819
37.48	8.542313
37.5	8.546151
37.52	8.554443
37.54	8.558007
37.56	8.561917
37.58	8.565935
37.6	8.57035
37.62	8.573985
37.64	8.577964
37.66	8.586535
37.68	8.59024
37.7	8.594291
37.72	8.598447
37.74	8.602999
37.76	8.606774
37.78	8.610893
37.8	8.61974
37.82	8.623585
37.84	8.627772
37.86	8.632067
37.88	8.636755
37.9	8.64067
37.92	8.644927
37.94	8.649289
37.96	8.658029
37.98	8.662354
38	8.666783
38.02	8.671606
38.04	8.675657
38.06	8.684548
38.08	8.689437
38.1	8.693557
38.12	8.698017
38.14	8.702581
38.16	8.711724
38.18	8.716251
38.2	8.720881
38.22	8.725903
38.24	8.730158
38.26	8.739449
38.28	8.744535
38.3	8.748857
38.32	8.753517
38.34	8.758279
38.36	8.763431
38.38	8.767818
38.4	8.772544
38.42	8.777371
38.44	8.787042
38.46	8.791832
38.48	8.796724
38.5	8.802004
38.52	8.806524
38.54	8.811379
38.56	8.816337
38.58	8.826264
38.6	8.831185
38.62	8.836205
38.64	8.841611
38.66	8.846261
38.68	8.85633
38.7	8.861798
38.72	8.866513
38.74	8.871561
38.76	8.876707
38.78	8.882238
38.8	8.892128
38.82	8.897338
38.84	8.90293
38.86	8.907772
38.88	8.918218
38.9	8.923871
38.92	8.928777
38.94	8.934012
38.96	8.939346
38.98	8.945061
39	8.950028
39.02	8.955326
39.04	8.966496
39.06	8.971526
39.08	8.976886
39.1	8.982341
39.12	8.988176
39.14	8.993268
39.16	8.998688
39.18	9.010098
39.2	9.015252
39.22	9.020732
39.24	9.026309
39.26	9.032263
39.28	9.043017
39.3	9.048653
39.32	9.054665
39.34	9.059939
39.36	9.065539
39.38	9.071235
39.4	9.077305
39.42	9.088299
39.44	9.094051
39.46	9.10018
39.48	9.111293
39.5	9.117104
39.52	9.123289
39.54	9.128742
39.56	9.13452
39.58	9.14663
39.6	9.152143
39.62	9.157977
39.64	9.163903
39.66	9.170202
39.68	9.175773
39.7	9.181664
39.72	9.187648
39.74	9.199631
39.76	9.20558
39.78	9.211619
39.8	9.21803
39.82	9.223715
39.84	9.22972
39.86	9.242281
39.88	9.248023
39.9	9.254085
39.92	9.260236
39.94	9.266756
39.96	9.272554
39.98	9.284878
40	9.291452
40.02	9.297307
40.04	9.30348
40.06	9.30974
40.08	9.316367
40.1	9.322278
40.12	9.334821
40.14	9.341502
40.16	9.347467
40.18	9.353749
40.2	9.360119
40.22	9.366853
40.24	9.372873
40.26	9.379209
40.28	9.385631
40.3	9.398492
40.32	9.404881
40.34	9.411357
40.36	9.418195
40.38	9.424324
40.4	9.430765
40.42	9.444183
40.44	9.450365
40.46	9.456861
40.48	9.46344
40.5	9.470381
40.52	9.483163
40.54	9.489795
40.56	9.496786
40.58	9.503074
40.6	9.509672
40.62	9.523396
40.64	9.529737
40.66	9.536386
40.68	9.543119
40.7	9.550211
40.72	9.556602
40.74	9.563304
40.76	9.570087
40.78	9.583672
40.8	9.590423
40.82	9.597256
40.84	9.604445
40.86	9.61094
40.88	9.617741
40.9	9.624624
40.92	9.638407
40.94	9.645257
40.96	9.652189
40.98	9.659476
41	9.666071
41.02	9.679951
41.04	9.687285
41.06	9.693929
41.08	9.700878
41.1	9.707907
41.12	9.721982
41.14	9.728978
41.16	9.736054
41.18	9.743484
41.2	9.750226
41.22	9.757271
41.24	9.764394
41.26	9.771869
41.28	9.785752
41.3	9.792923
41.32	9.800444
41.34	9.814422
41.36	9.821638
41.38	9.829205
41.4	9.836091
41.42	9.843277
41.44	9.850541
41.46	9.858152
41.48	9.872317
41.5	9.879626
41.52	9.887283
41.54	9.894263
41.56	9.901541
41.58	9.908896
41.6	9.923623
41.62	9.930946
41.64	9.938346
41.66	9.946091
41.68	9.953163
41.7	9.960532
41.72	9.967976
41.74	9.975763
41.76	9.990295
41.78	9.997784
41.8	10.00561
41.82	10.01278
41.84	10.02024
41.86	10.02777
41.88	10.03564
41.9	10.05035
41.92	10.05793
41.94	10.06584
41.96	10.0731
41.98	10.08064
42	10.08826
42.02	10.09622
42.04	10.1111
42.06	10.11876
42.08	10.12676
42.1	10.1341
42.12	10.14173
42.14	10.14944
42.16	10.16486
42.18	10.17253
42.2	10.18028
42.22	10.18836
42.24	10.19579
42.26	10.21129
42.28	10.21941
42.3	10.22688
42.32	10.23463
42.34	10.25062
42.36	10.25813
42.38	10.26593
42.4	10.2738
42.42	10.282
42.44	10.29739
42.46	10.3053
42.48	10.31354
42.5	10.32114
42.52	10.32902
42.54	10.34524
42.56	10.35288
42.58	10.3608
42.6	10.36879
42.62	10.3771
42.64	10.38478
42.66	10.39274
42.68	10.40912
42.7	10.41684
42.72	10.42484
42.74	10.4329
42.76	10.4413
42.78	10.45709
42.8	10.46519
42.82	10.47363
42.84	10.48142
42.86	10.49764
42.88	10.50611
42.9	10.51394
42.92	10.52206
42.94	10.53024
42.96	10.53874
42.98	10.55477
43	10.56299
43.02	10.57153
43.04	10.57944
43.06	10.58763
43.08	10.59589
43.1	10.60447
43.12	10.62047
43.14	10.62869
43.16	10.63728
43.18	10.64526
43.2	10.65351
43.22	10.66182
43.24	10.67046
43.26	10.67847
43.28	10.69496
43.3	10.70321
43.32	10.71131
43.34	10.71957
43.36	10.73666
43.38	10.74458
43.4	10.75288
43.42	10.7615
43.44	10.77011
43.46	10.78635
43.48	10.79497
43.5	10.80367
43.52	10.81161
43.54	10.81999
43.56	10.83741
43.58	10.84539
43.6	10.85381
43.62	10.89656
43.64	10.91345
43.66	10.92196
43.68	10.93964
43.7	10.94774
43.72	10.95628
43.74	10.96513
43.76	10.98218
43.78	10.99077
43.8	10.99966
43.82	11.00861
43.84	11.01679
43.86	11.02542
43.88	11.04334
43.9	11.05156
43.92	11.06023
43.94	11.06919
43.96	11.07822
43.98	11.08648
44	11.1042
44.02	11.11327
44.04	11.12157
44.06	11.13031
44.08	11.13935
44.1	11.1568
44.12	11.16559
44.14	11.17467
44.16	11.18381
44.18	11.19219
44.2	11.21013
44.22	11.21931
44.24	11.22773
44.26	11.23659
44.28	11.24574
44.3	11.25496
44.32	11.26342
44.34	11.27231
44.36	11.2815
44.38	11.29076
44.4	11.29925
44.42	11.30818
44.44	11.3174
44.46	11.3267
44.48	11.33522
44.5	11.34419
44.52	11.36278
44.54	11.37134
44.56	11.38035
44.58	11.38964
44.6	11.399
44.62	11.40761
44.64	11.41664
44.66	11.42597
44.68	11.44401
44.7	11.45308
44.72	11.46244
44.74	11.47187
44.76	11.48054
44.78	11.48965
44.8	11.49905
44.82	11.50851
44.84	11.51722
44.86	11.53579
44.88	11.54528
44.9	11.55403
44.92	11.5632
44.94	11.57266
44.96	11.59097
44.98	11.60017
45	11.60967
45.02	11.61923
45.04	11.62804
45.06	11.66524
45.08	11.67451
45.1	11.68407
45.12	11.70257
45.14	11.71187
45.16	11.73111
45.18	11.74002
45.2	11.74936
45.22	11.76866
45.24	11.7776
45.26	11.78697
45.28	11.79662
45.3	11.80633
45.32	11.81319
45.34	11.8121
45.36	11.80911
45.38	11.80604
45.4	11.80302
45.42	11.79731
45.44	11.79464
45.46	11.79209
45.48	11.78966
45.5	11.78735
45.52	11.78516
45.54	11.78317
45.56	11.78124
45.58	11.77941
45.6	11.7777
45.62	11.77463
45.64	11.77316
45.66	11.77188
45.68	11.77072
45.7	11.76969
45.72	11.76877
45.74	11.76727
45.76	11.76669
45.78	11.76623
45.8	11.76588
45.82	11.67062
45.84	11.66813
45.86	11.71157
45.88	11.6494
45.9	11.58857
45.92	11.55487
45.94	11.64816
45.96	11.54222
45.98	11.53677
46	11.68722
46.02	11.53549
46.04	11.14331
46.06	10.78444
46.08	10.66733
46.1	10.70903
46.12	10.72225
46.14	10.72997
46.16	10.73683
46.18	10.74377
46.2	10.75097
46.22	10.75848
46.24	10.77441
46.26	10.78285
46.28	10.79159
46.3	10.80065
46.32	10.81002
46.34	10.82969
46.36	10.83999
46.38	10.85061
46.4	10.85907
46.42	10.86172
46.44	10.86289
46.46	10.86524
46.48	10.86639
46.5	10.86757
46.52	10.86877
46.54	10.87001
46.56	10.87259
46.58	10.87392
46.6	10.8753
46.62	10.87814
46.64	10.87959
46.66	10.88107
46.68	10.88257
46.7	10.88419
46.72	10.8858
46.74	10.88736
46.76	10.88898
46.78	10.89065
46.8	10.89408
46.82	10.89586
46.84	10.89766
46.86	10.89948
46.88	10.90132
46.9	10.90319
46.92	10.9052
46.94	10.90712
46.96	10.90909
46.98	10.91313
47	10.9152
47.02	10.91732
47.04	10.91946
47.06	10.92161
47.08	10.92379
47.1	10.92598
47.12	10.92828
47.14	10.93057
47.16	10.93287
47.18	10.93521
47.2	10.93757
47.22	10.94001
47.24	10.94489
47.26	10.94737
47.28	10.94999
47.3	10.95259
47.32	10.95521
47.34	10.95788
47.36	10.96052
47.38	10.96313
47.4	10.96583
47.42	10.97144
47.44	10.97431
47.46	10.97717
47.48	10.98001
47.5	10.98292
47.52	10.98589
47.54	10.98888
47.56	10.99503
47.58	10.99811
47.6	11.00123
47.62	11.00438
47.64	11.00759
47.66	11.01081
47.68	11.01405
47.7	11.01739
47.72	11.02408
47.74	11.02746
47.76	11.03092
47.78	11.03437
47.8	11.03785
47.82	11.04146
47.84	11.04508
47.86	11.05234
47.88	11.05592
47.9	11.05959
47.92	11.06329
47.94	11.06716
47.96	11.07098
47.98	11.07476
48	11.07861
48.02	11.08253
48.04	11.09051
48.06	11.0945
48.08	11.09854
48.1	11.10263
48.12	11.10674
48.14	11.11087
48.16	11.11512
48.18	11.11934
48.2	11.12358
48.22	11.13223
48.24	11.13657
48.26	11.14107
48.28	11.14557
48.3	11.15005
48.32	11.15448
48.34	11.16366
48.36	11.16831
48.38	11.16409
48.4	11.1849
48.42	11.19714
48.44	11.20861
48.46	11.21853
48.48	11.23324
48.5	11.23799
48.52	11.24165
48.54	11.24705
48.56	11.25309
48.58	11.25954
48.6	11.26633
48.62	11.27336
48.64	11.28072
48.66	11.2884
48.68	11.29632
48.7	11.31313
48.72	11.32193
48.74	11.33107
48.76	11.34051
48.78	11.35019
48.8	11.36021
48.82	11.37053
48.84	11.3811
48.86	11.39199
48.88	11.41463
48.9	11.4264
48.92	11.43847
48.94	11.44788
48.96	11.4252
48.98	11.47779
49	11.48921
49.02	11.49944
49.04	11.50747
49.06	11.51545
49.08	11.52349
49.1	11.53191
49.12	11.54069
49.14	11.55915
49.16	11.56884
49.18	11.57884
49.2	11.58908
49.22	11.59965
49.24	11.61054
49.26	11.62167
49.28	11.63314
49.3	11.64491
49.32	11.66928
49.34	11.68195
49.36	11.69485
49.38	11.70809
49.4	11.72163
49.42	11.74954
49.44	11.76397
49.46	11.77864
49.48	11.79224
49.5	11.80356
49.52	11.81258
49.54	11.8009
49.56	11.79366
49.58	11.80496
49.6	11.78673
49.62	11.78438
49.64	11.78093
49.66	11.77641
49.68	11.77903
49.7	11.7839
49.72	11.78946
49.74	11.79539
49.76	11.80163
49.78	11.81215
49.8	11.8133
49.82	11.81418
49.84	11.81469
49.86	11.81478
49.88	11.83472
49.9	11.82284
49.92	11.78655
49.94	11.59283
49.96	11.55836
49.98	11.53414
50	11.51161
50.02	11.48909
50.04	11.46097
50.06	11.56147
50.08	11.46573
50.1	11.45966
50.12	11.44151
50.14	11.43318
50.16	11.4263
50.18	11.4218
50.2	11.41772
50.22	11.414
50.24	11.40771
50.26	11.40514
50.28	11.40295
50.3	11.40111
50.32	11.6479
50.34	11.69426
50.36	11.66602
50.38	11.68475
50.4	11.67602
50.42	11.66101
50.44	11.65563
50.46	11.66083
50.48	11.64812
50.5	11.66734
50.52	11.64714
50.54	11.67601
50.56	11.64814
50.58	11.68581
50.6	11.3111
50.62	10.99835
50.64	10.71507
50.66	10.49729
50.68	10.30537
50.7	10.00081
50.72	9.896996
50.74	9.89742
50.76	9.829898
50.78	9.854126
50.8	9.88532
50.82	9.856768
50.84	9.859157
50.86	9.888047
50.88	9.861613
50.9	9.889242
50.92	9.890876
50.94	9.881053
50.96	9.87