0.02	8.344024
0.04	8.540788
0.06	8.793754
0.08	9.103015
0.1	9.869694
0.12	10.31544
0.14	10.79546
0.16	11.30489
0.18	11.55958
0.2	11.74928
0.22	11.89883
0.24	12.06382
0.26	12.22953
0.28	12.40789
0.3	12.79888
0.32	13.00966
0.34	13.22816
0.36	13.44831
0.38	13.86132
0.4	14.05172
0.42	14.25251
0.44	14.32471
0.46	14.37839
0.48	14.03609
0.5	13.39395
0.52	13.08386
0.54	12.78218
0.56	12.4898
0.58	12.20766
0.6	11.67822
0.62	11.43315
0.64	11.20277
0.66	10.98832
0.68	10.79109
0.7	10.6124
0.72	10.45356
0.74	10.3884
0.76	10.72304
0.78	11.01108
0.8	11.30347
0.82	11.65753
0.84	12.0101
0.86	11.97471
0.88	11.95404
0.9	11.93038
0.92	11.90374
0.94	11.87413
0.96	11.84157
0.98	11.80608
1	11.76768
1.02	11.68224
1.04	11.63525
1.06	11.58545
1.08	11.53288
1.1	11.47756
1.12	11.41954
1.14	11.35886
1.16	11.22966
1.18	11.16124
1.2	11.09035
1.22	11.01704
1.24	10.86342
1.26	10.78325
1.28	10.70092
1.3	10.61653
1.32	10.53016
1.34	10.4419
1.36	10.35186
1.38	10.16683
1.4	10.07208
1.42	9.976017
1.44	9.878772
1.46	9.780496
1.48	9.681349
1.5	9.896774
1.52	10.34752
1.54	10.65185
1.56	11.12204
1.58	11.48953
1.6	11.96954
1.62	12.38581
1.64	12.86856
1.66	13.16109
1.68	13.77307
1.7	13.97799
1.72	13.28107
1.74	13.57047
1.76	12.87654
1.78	13.17398
1.8	12.48581
1.82	12.77656
1.84	12.37986
1.86	11.70959
1.88	11.98578
1.9	11.32835
1.92	10.95513
1.94	11.21481
1.96	10.59305
1.98	10.84356
2	10.24569
2.02	10.48633
2.04	9.91717
2.06	10.14713
2.08	9.83053
2.1	9.335797
2.12	9.541644
2.14	9.093788
2.16	9.286076
2.18	8.892116
2.2	9.069814
2.22	8.885563
2.24	9.166563
2.26	9.515246
2.28	9.339356
2.3	9.686606
2.32	9.739311
2.34	9.470574
2.36	9.60606
2.38	9.383085
2.4	9.316827
2.42	9.51726
2.44	9.414763
2.46	9.311346
2.48	9.235215
2.5	9.192032
2.52	9.157892
2.54	9.224091
2.56	9.116561
2.58	9.180119
2.6	9.068112
2.62	9.055144
2.64	9.040373
2.66	9.005395
2.68	8.985181
2.7	8.959698
2.72	8.962345
2.74	8.943117
2.76	8.921585
2.78	9.034783
2.8	9.016723
2.82	8.975205
2.84	8.932708
2.86	8.893668
2.88	8.828448
2.9	8.802252
2.92	8.78019
2.94	8.762137
2.96	8.61161
2.98	8.461514
3	8.164047
3.02	8.017476
3.04	7.872936
3.06	7.774174
3.08	7.746126
3.1	7.730427
3.12	7.895273
3.14	8.052299
3.16	8.2432
3.18	8.404007
3.2	8.541921
3.22	8.583853
3.24	8.592209
3.26	8.604182
3.28	8.613398
3.3	8.576394
3.32	8.555232
3.34	8.53103
3.36	8.473445
3.38	8.440036
3.4	8.403539
3.42	8.363945
3.44	8.321255
3.46	7.783223
3.48	7.321585
3.5	6.956913
3.52	7.107992
3.54	7.134518
3.56	7.138196
3.58	7.140062
3.6	7.497683
3.62	7.241995
3.64	7.457485
3.66	7.68049
3.68	7.438349
3.7	7.409961
3.72	7.622494
3.74	7.372498
3.76	7.579117
3.78	7.326211
3.8	7.526482
3.82	7.503089
3.84	7.44958
3.86	7.419551
3.88	7.387403
3.9	7.353193
3.92	7.316983
3.94	7.278838
3.96	7.251492
3.98	7.252416
4	7.256913
4.02	7.256085
4.04	7.260261
4.06	7.259948
4.08	7.265139
4.1	7.270572
4.12	7.271759
4.14	7.277873
4.16	7.232543
4.18	7.439277
4.2	7.273273
4.22	7.481738
4.24	7.292264
4.26	7.30828
4.28	7.517666
4.3	7.325121
4.32	7.534768
4.34	7.340873
4.36	7.571833
4.38	7.595803
4.4	7.387349
4.42	7.61864
4.44	7.411472
4.46	7.642769
4.48	7.437446
4.5	7.435562
4.52	7.779669
4.54	7.481435
4.56	7.826127
4.58	7.517024
4.6	7.861255
4.62	7.895796
4.64	7.589249
4.66	7.931919
4.68	7.663635
4.7	7.957602
4.72	7.688577
4.74	7.975843
4.76	7.997891
4.78	7.73416
4.8	8.000582
4.82	7.734454
4.84	8.000563
4.86	8.025332
4.88	8.022883
4.9	8.016141
4.92	8.017651
4.94	8.022796
4.96	8.031498
4.98	8.04365
5	8.077837
5.02	8.037814
5.04	8.025989
5.06	8.011737
5.08	7.990142
5.1	7.970841
5.12	7.943244
5.14	7.919042
5.16	7.856627
5.18	7.817357
5.2	7.352434
5.22	6.897711
5.24	6.56204
5.26	6.78241
5.28	6.79613
5.3	6.790274
5.32	7.178535
5.34	6.88571
5.36	7.278458
5.38	7.34919
5.4	7.381082
5.42	7.41063
5.44	7.437817
5.46	7.462632
5.48	7.485069
5.5	7.505122
5.52	7.538089
5.54	7.493178
5.56	7.447155
5.58	7.400184
5.6	7.341774
5.62	7.28159
5.64	7.300014
5.66	7.340119
5.68	7.349181
5.7	7.390114
5.72	7.377523
5.74	7.611693
5.76	7.460048
5.78	7.517577
5.8	7.753072
5.82	7.572093
5.84	7.801649
5.86	7.633516
5.88	7.867014
5.9	7.742867
5.92	7.795517
5.94	7.968028
5.96	7.842377
5.98	8.009329
6	7.898202
6.02	8.074783
6.04	7.972985
6.06	8.151947
6.08	8.085516
6.1	8.158756
6.12	8.295599
6.14	8.241788
6.16	8.38035
6.18	8.328485
6.2	8.417571
6.22	8.556324
6.24	8.454227
6.26	8.770517
6.28	8.571358
6.3	8.887446
6.32	8.986772
6.34	8.772308
6.36	9.084625
6.38	8.874008
6.4	9.184203
6.42	8.957686
6.44	9.29324
6.46	9.398713
6.48	9.174907
6.5	9.505519
6.52	9.286555
6.54	9.614617
6.56	9.400682
6.58	9.726188
6.6	9.819398
6.62	9.600301
6.64	9.888561
6.66	9.667719
6.68	9.738694
6.7	10.02499
6.72	9.808102
6.74	10.09565
6.76	10.12137
6.78	10.17
6.8	10.19301
6.82	10.22976
6.84	10.27075
6.86	10.33087
6.88	10.38877
6.9	10.51263
6.92	10.59534
6.94	10.68173
6.96	10.77005
6.98	10.85845
7	10.94798
7.02	11.03736
7.04	11.2179
7.06	11.30895
7.08	11.35847
7.1	11.40947
7.12	11.39861
7.14	11.48576
7.16	11.56218
7.18	11.55829
7.2	11.65277
7.22	11.646
7.24	11.73251
7.26	11.72591
7.28	11.75632
7.3	11.74383
7.32	11.72971
7.34	11.71396
7.36	11.69658
7.38	11.67755
7.4	11.6346
7.42	11.61069
7.44	11.58517
7.46	11.57522
7.48	11.55996
7.5	11.55248
7.52	11.54502
7.54	11.53754
7.56	11.52996
7.58	11.52236
7.6	11.51474
7.62	11.50705
7.64	11.49159
7.66	11.51292
7.68	11.49757
7.7	11.50035
7.72	11.48361
7.74	11.49111
7.76	11.47176
7.78	11.48426
7.8	11.45163
7.82	11.46092
7.84	11.41784
7.86	11.40911
7.88	11.40043
7.9	11.3917
7.92	11.38296
7.94	11.37414
7.96	11.35634
7.98	11.34735
8	11.33836
8.02	11.32928
8.04	11.32013
8.06	11.31099
8.08	11.30182
8.1	11.28328
8.12	11.27391
8.14	11.26457
8.16	11.25514
8.18	11.23617
8.2	11.22667
8.22	11.21708
8.24	11.2075
8.26	11.19782
8.28	11.18819
8.3	11.17846
8.32	11.16876
8.34	11.14923
8.36	11.13945
8.38	11.12968
8.4	11.11979
8.42	11.10995
8.44	11.10011
8.46	11.09017
8.48	11.07041
8.5	11.06042
8.52	11.05051
8.54	11.04061
8.56	11.03061
8.58	11.01079
8.6	11.00078
8.62	10.99087
8.64	10.98099
8.66	10.971
8.68	10.96115
8.7	10.94137
8.72	10.93156
8.74	10.92179
8.76	10.91202
8.78	10.90231
8.8	10.8926
8.82	10.87332
8.84	10.86375
8.86	10.8542
8.88	10.84473
8.9	10.83527
8.92	10.8259
8.94	10.8073
8.96	10.79808
8.98	10.78895
9	10.77987
9.02	10.77088
9.04	10.76411
9.06	10.74675
9.08	10.71476
9.1	10.71183
9.12	10.68768
9.14	10.68562
9.16	10.58686
9.18	10.56429
9.2	10.50818
9.22	10.48168
9.24	10.42238
9.26	10.39219
9.28	10.32996
9.3	10.2315
9.32	10.00916
9.34	10.05254
9.36	10.01342
9.38	10.04589
9.4	10.0403
9.42	10.0331
9.44	10.02576
9.46	10.01852
9.48	10.01137
9.5	10.00434
9.52	9.997467
9.54	9.984056
9.56	9.977581
9.58	9.971217
9.6	9.964984
9.62	9.958925
9.64	9.947206
9.66	9.941547
9.68	9.936526
9.7	9.930744
9.72	9.925464
9.74	9.920414
9.76	9.910842
9.78	9.906266
9.8	9.901878
9.82	9.897656
9.84	9.893611
9.86	9.889733
9.88	9.882515
9.9	9.879179
9.92	9.876021
9.94	9.873056
9.96	9.870274
9.98	9.86769
10	9.863106
10.02	9.861107
10.04	9.859319
10.06	9.857731
10.08	9.856359
10.1	9.855192
10.12	9.854247
10.14	9.853006
10.16	9.852715
10.18	9.849281
10.2	9.843353
10.22	9.836677
10.24	9.83017
10.26	9.824019
10.28	9.811978
10.3	9.805857
10.32	9.799414
10.34	9.793165
10.36	9.787027
10.38	9.781077
10.4	9.775122
10.42	9.768518
10.44	9.756124
10.46	9.750238
10.48	9.744325
10.5	9.737689
10.52	9.731431
10.54	9.725338
10.56	9.7195
10.58	9.713625
10.6	9.700772
10.62	9.694713
10.64	9.688916
10.66	9.683081
10.68	9.670288
10.7	9.664266
10.72	9.658508
10.74	9.652712
10.76	9.646147
10.78	9.639989
10.8	9.634005
10.82	9.628287
10.84	9.616002
10.86	9.609881
10.88	9.603936
10.9	9.59826
10.92	9.592546
10.94	9.579971
10.96	9.574066
10.98	9.568432
11	9.562758
11.02	9.556303
11.04	9.550262
11.06	9.538807
11.08	9.533175
11.1	9.526759
11.12	9.52076
11.14	9.514937
11.16	9.509389
11.18	9.503801
11.2	9.497425
11.22	9.485687
11.24	9.480184
11.26	9.47464
11.28	9.468304
11.3	9.462389
11.32	9.456653
11.34	9.445695
11.36	9.439401
11.38	9.433529
11.4	9.427836
11.42	9.422423
11.44	9.410718
11.46	9.404891
11.48	9.399244
11.5	9.393877
11.52	9.388471
11.54	9.382261
11.56	9.370878
11.58	9.365559
11.6	9.360199
11.62	9.354033
11.64	9.348297
11.66	9.342743
11.68	9.332159
11.7	9.326038
11.72	9.320349
11.74	9.314841
11.76	9.309618
11.78	9.304355
11.8	9.298279
11.82	9.287176
11.84	9.282002
11.86	9.276788
11.88	9.265165
11.9	9.259753
11.92	9.254629
11.94	9.249465
11.96	9.243483
11.98	9.237937
12	9.232574
12.02	9.222386
12.04	9.216452
12.06	9.210955
12.08	9.205642
12.1	9.200619
12.12	9.18967
12.14	9.184223
12.16	9.178962
12.18	9.17399
12.2	9.168979
12.22	9.16314
12.24	9.152534
12.26	9.147614
12.28	9.142655
12.3	9.136868
12.32	9.131522
12.34	9.126363
12.36	9.11659
12.38	9.110852
12.4	9.105559
12.42	9.100452
12.44	9.09564
12.46	9.085099
12.48	9.079859
12.5	9.074804
12.52	9.070045
12.54	9.065247
12.56	9.059611
12.58	9.049422
12.6	9.044719
12.62	9.039974
12.64	9.034389
12.66	9.029256
12.68	9.024309
12.7	9.014972
12.72	9.009439
12.74	9.00436
12.76	8.999467
12.78	8.994874
12.8	8.990241
12.82	8.984762
12.84	8.979738
12.86	8.970363
12.88	8.965786
12.9	8.960362
12.92	8.955392
12.94	8.946131
12.96	8.94161
12.98	8.93624
13	8.931326
13.02	8.9266
13.04	8.922178
13.06	8.917715
13.08	8.907542
13.1	8.902873
13.12	8.898509
13.14	8.894104
13.16	8.888844
13.18	8.879432
13.2	8.875125
13.22	8.870779
13.24	8.865575
13.26	8.860831
13.28	8.856278
13.3	8.852031
13.32	8.847744
13.34	8.837912
13.36	8.833416
13.38	8.829227
13.4	8.825
13.42	8.815283
13.44	8.810847
13.46	8.806719
13.48	8.802551
13.5	8.797519
13.52	8.792952
13.54	8.788573
13.56	8.784507
13.58	8.775425
13.6	8.770917
13.62	8.766599
13.64	8.762593
13.66	8.758547
13.68	8.753631
13.7	8.749184
13.72	8.744926
13.74	8.736997
13.76	8.73214
13.78	8.727753
13.8	8.723557
13.82	8.715751
13.84	8.710954
13.86	8.706628
13.88	8.702493
13.9	8.698672
13.92	8.694812
13.94	8.685811
13.96	8.681739
13.98	8.67798
14	8.674183
14.02	8.669508
14.04	8.665305
14.06	8.6576
14.08	8.653866
14.1	8.649252
14.12	8.645112
14.14	8.641164
14.16	8.637534
14.18	8.629311
14.2	8.625234
14.22	8.621349
14.24	8.617784
14.26	8.614178
14.28	8.609687
14.3	8.605674
14.32	8.601852
14.34	8.59481
14.36	8.590383
14.38	8.586433
14.4	8.582677
14.42	8.579241
14.44	8.575765
14.46	8.5714
14.48	8.563824
14.5	8.560453
14.52	8.557042
14.54	8.552742
14.56	8.548923
14.58	8.54199
14.6	8.538646
14.62	8.53441
14.64	8.530656
14.66	8.527094
14.68	8.523856
14.7	8.516406
14.72	8.512718
14.74	8.509222
14.76	8.506051
14.78	8.502839
14.8	8.495111
14.82	8.491682
14.84	8.488578
14.86	8.485434
14.88	8.481393
14.9	8.477838
14.92	8.474476
14.94	8.471439
14.96	8.464389
14.98	8.460899
15	8.457604
15.02	8.454638
15.04	8.45163
15.06	8.447721
15.08	8.441072
15.1	8.438173
15.12	8.435234
15.14	8.431392
15.16	8.428039
15.18	8.42488
15.2	8.42205
15.22	8.419179
15.24	8.415405
15.26	8.409029
15.28	8.406268
15.3	8.403467
15.32	8.39976
15.34	8.396544
15.36	8.393523
15.38	8.3881
15.4	8.384461
15.42	8.381314
15.44	8.378363
15.46	8.375742
15.48	8.37308
15.5	8.366433
15.52	8.36355
15.54	8.360999
15.56	8.358409
15.58	8.354907
15.6	8.349088
15.62	8.346608
15.64	8.344088
15.66	8.340656
15.68	8.337719
15.7	8.334977
15.72	8.33012
15.74	8.326758
15.76	8.323892
15.78	8.321219
15.8	8.318883
15.82	8.316506
15.84	8.310419
15.86	8.307818
15.88	8.303248
15.9	8.300027
15.92	8.297303
15.94	8.294774
15.96	8.290348
15.98	8.287198
16	8.284546
16.02	8.282089
16.04	8.279968
16.06	8.277808
16.08	8.272149
16.1	8.269764
16.12	8.267716
16.14	8.265629
16.16	8.262622
16.18	8.257801
16.2	8.255828
16.22	8.253813
16.24	8.250877
16.26	8.248443
16.28	8.246203
16.3	8.242361
16.32	8.239498
16.34	8.237137
16.36	8.234969
16.38	8.233143
16.4	8.231276
16.42	8.228484
16.44	8.226197
16.46	8.22235
16.48	8.220556
16.5	8.217839
16.52	8.215625
16.54	8.213605
16.56	8.210208
16.58	8.207563
16.6	8.205422
16.62	8.203477
16.64	8.201873
16.66	8.200229
16.68	8.197658
16.7	8.195592
16.72	8.19372
16.74	8.190621
16.76	8.188125
16.78	8.186133
16.8	8.184336
16.82	8.182881
16.84	8.181387
16.86	8.178965
16.88	8.177048
16.9	8.173947
16.92	8.172528
16.94	8.170179
16.96	8.168338
16.98	8.16669
17	8.165387
17.02	8.164043
17.04	8.16177
17.06	8.158431
17.08	8.157204
17.1	8.155936
17.12	8.153737
17.14	8.152046
17.16	8.149398
17.18	8.148207
17.2	8.146083
17.22	8.144468
17.24	8.143046
17.26	8.140856
17.28	8.138807
17.3	8.137269
17.32	8.135923
17.34	8.134925
17.36	8.133885
17.38	8.13045
17.4	8.129181
17.42	8.128259
17.44	8.127295
17.46	8.1254
17.48	8.124013
17.5	8.12282
17.52	8.121975
17.54	8.119268
17.56	8.117958
17.58	8.116841
17.6	8.116074
17.62	8.11352
17.64	8.112287
17.66	8.111247
17.68	8.110556
17.7	8.109823
17.72	8.108155
17.74	8.106999
17.76	8.105422
17.78	8.104767
17.8	8.103176
17.82	8.102097
17.84	8.101211
17.86	8.100095
17.88	8.098581
17.9	8.097579
17.92	8.096769
17.94	8.09631
17.96	8.09581
17.98	8.094373
18	8.093449
18.02	8.092334
18.04	8.091911
18.06	8.090551
18.08	8.089705
18.1	8.089049
18.12	8.0884
18.14	8.087117
18.16	8.086348
18.18	8.08577
18.2	8.085543
18.22	8.085276
18.24	8.083378
18.26	8.082877
18.28	8.082728
18.3	8.08254
18.32	8.081411
18.34	8.080374
18.36	8.080303
18.38	8.080193
18.4	8.079142
18.42	8.078605
18.44	8.078259
18.46	8.078233
18.48	8.07726
18.5	8.076801
18.52	8.076533
18.54	8.076617
18.56	8.076662
18.58	8.075768
18.6	8.075197
18.62	8.075359
18.64	8.075481
18.66	8.074664
18.68	8.074362
18.7	8.07449
18.72	8.07469
18.74	8.073951
18.76	8.073727
18.78	8.073691
18.8	8.07401
18.82	8.073627
18.84	8.073481
18.86	8.073524
18.88	8.073919
18.9	8.074276
18.92	8.073625
18.94	8.073745
18.96	8.074219
18.98	8.074653
19	8.074148
19.02	8.074158
19.04	8.074908
19.06	8.07542
19.08	8.074993
19.1	8.075081
19.12	8.075357
19.14	8.075986
19.16	8.076227
19.18	8.076393
19.2	8.076747
19.22	8.077455
19.24	8.078122
19.26	8.077851
19.28	8.078095
19.3	8.078526
19.32	8.080057
19.34	8.079865
19.36	8.080186
19.38	8.080694
19.4	8.081557
19.42	8.08238
19.44	8.082665
19.46	8.083251
19.48	8.084192
19.5	8.085093
19.52	8.085055
19.54	8.086197
19.56	8.087214
19.58	8.088193
19.6	8.088234
19.62	8.088789
19.64	8.08953
19.66	8.090625
19.68	8.091799
19.7	8.092432
19.72	8.09325
19.74	8.094422
19.76	8.095555
19.78	8.095751
19.8	8.097357
19.82	8.098606
19.84	8.099816
19.86	8.100091
19.88	8.100878
19.9	8.101851
19.92	8.103177
19.94	8.104465
19.96	8.10568
19.98	8.10673
20	8.108133
20.02	8.109497
20.04	8.109926
20.06	8.110868
20.08	8.111994
20.1	8.114914
20.12	8.11542
20.14	8.11644
20.16	8.117642
20.18	8.120715
20.2	8.121299
20.22	8.122396
20.24	8.123674
20.26	8.125306
20.28	8.1269
20.3	8.127561
20.32	8.128733
20.34	8.131797
20.36	8.133466
20.38	8.134204
20.4	8.136884
20.42	8.138668
20.44	8.140413
20.46	8.141228
20.48	8.142554
20.5	8.14406
20.52	8.145921
20.54	8.147741
20.56	8.150035
20.58	8.151616
20.6	8.153553
20.62	8.156416
20.64	8.157894
20.66	8.159552
20.68	8.161563
20.7	8.163534
20.72	8.164578
20.74	8.166131
20.76	8.16995
20.78	8.171997
20.8	8.173116
20.82	8.174745
20.84	8.176553
20.86	8.178713
20.88	8.18203
20.9	8.183734
20.92	8.185616
20.94	8.187851
20.96	8.190047
20.98	8.191318
21	8.193096
21.02	8.195053
21.04	8.199634
21.06	8.200979
21.08	8.202833
21.1	8.204865
21.12	8.207248
21.14	8.211012
21.16	8.212941
21.18	8.215046
21.2	8.217503
21.22	8.21992
21.24	8.223418
21.26	8.225596
21.28	8.228127
21.3	8.230618
21.32	8.232188
21.34	8.234265
21.36	8.23912
21.38	8.241684
21.4	8.243328
21.42	8.245479
21.44	8.247804
21.46	8.25048
21.48	8.253117
21.5	8.257058
21.52	8.259456
21.54	8.262204
21.56	8.264914
21.58	8.266706
21.6	8.269003
21.62	8.274293
21.64	8.277074
21.66	8.27894
21.68	8.281309
21.7	8.286743
21.72	8.289597
21.74	8.291535
21.76	8.293977
21.78	8.296591
21.8	8.299554
21.82	8.302479
21.84	8.30449
21.86	8.30969
21.88	8.312724
21.9	8.31572
21.92	8.317803
21.94	8.323145
21.96	8.32625
21.98	8.329316
22	8.331473
22.02	8.334129
22.04	8.336957
22.06	8.343269
22.08	8.345497
22.1	8.348225
22.12	8.351123
22.14	8.354367
22.16	8.357574
22.18	8.362672
22.2	8.36564
22.22	8.368955
22.24	8.372231
22.26	8.374601
22.28	8.380507
22.3	8.383892
22.32	8.387238
22.34	8.389679
22.36	8.392618
22.38	8.395724
22.4	8.402591
22.42	8.405103
22.44	8.408112
22.46	8.411286
22.48	8.414807
22.5	8.41829
22.52	8.42395
22.54	8.427194
22.56	8.430783
22.58	8.434334
22.6	8.436986
22.62	8.440132
22.64	8.443444
22.66	8.450719
22.68	8.453441
22.7	8.456656
22.72	8.460034
22.74	8.463758
22.76	8.467443
22.78	8.473516
22.8	8.476963
22.82	8.480755
22.84	8.484507
22.86	8.487366
22.88	8.490716
22.9	8.498086
22.92	8.501904
22.94	8.504832
22.96	8.50825
22.98	8.511829
23	8.515753
23.02	8.522633
23.04	8.526116
23.06	8.529763
23.08	8.533751
23.1	8.537702
23.12	8.544314
23.14	8.548026
23.16	8.552079
23.18	8.556094
23.2	8.559224
23.22	8.562841
23.24	8.570737
23.26	8.574816
23.28	8.578012
23.3	8.581695
23.32	8.585537
23.34	8.589719
23.36	8.597125
23.38	8.600872
23.4	8.604778
23.42	8.609024
23.44	8.613233
23.46	8.620373
23.48	8.624342
23.5	8.628652
23.52	8.632923
23.54	8.636316
23.56	8.640193
23.58	8.644226
23.6	8.652932
23.62	8.656391
23.64	8.660331
23.66	8.664427
23.68	8.673258
23.7	8.676782
23.72	8.680784
23.74	8.684943
23.76	8.68944
23.78	8.693898
23.8	8.697486
23.82	8.701551
23.84	8.710331
23.86	8.71485
23.88	8.718502
23.9	8.722631
23.92	8.731533
23.94	8.736115
23.96	8.739828
23.98	8.744019
24	8.748363
24.02	8.753043
24.04	8.757685
24.06	8.765714
24.08	8.770119
24.1	8.774858
24.12	8.77956
24.14	8.787712
24.16	8.792178
24.18	8.796977
24.2	8.801739
24.22	8.805639
24.24	8.810014
24.26	8.819398
24.28	8.824218
24.3	8.82818
24.32	8.832615
24.34	8.8372
24.36	8.842117
24.38	8.85102
24.4	8.855515
24.42	8.860158
24.44	8.865133
24.46	8.870071
24.48	8.874155
24.5	8.883411
24.52	8.888444
24.54	8.89344
24.56	8.897584
24.58	8.902196
24.6	8.906956
24.62	8.912046
24.64	8.9171
24.66	8.925974
24.68	8.930792
24.7	8.93594
24.72	8.94105
24.74	8.945312
24.76	8.95004
24.78	8.954916
24.8	8.965285
24.82	8.969606
24.84	8.974393
24.86	8.979324
24.88	8.984584
24.9	8.994185
24.92	8.999029
24.94	9.004017
24.96	9.009332
24.98	9.014609
25	9.019047
25.02	9.028991
25.04	9.03436
25.06	9.039693
25.08	9.044188
25.1	9.054242
25.12	9.059667
25.14	9.065054
25.16	9.069606
25.18	9.074616
25.2	9.079771
25.22	9.085249
25.24	9.090691
25.26	9.100365
25.28	9.105574
25.3	9.111105
25.32	9.1166
25.34	9.121264
25.36	9.126386
25.38	9.131647
25.4	9.142781
25.42	9.1475
25.44	9.152676
25.46	9.157991
25.48	9.163629
25.5	9.16923
25.52	9.174004
25.54	9.184602
25.56	9.19029
25.58	9.195944
25.6	9.200773
25.62	9.206056
25.64	9.211476
25.66	9.222922
25.68	9.227806
25.7	9.233142
25.72	9.238614
25.74	9.250163
25.76	9.2551
25.78	9.260488
25.8	9.266012
25.82	9.271855
25.84	9.277662
25.86	9.282653
25.88	9.293668
25.9	9.299562
25.92	9.305419
25.94	9.310462
25.96	9.315952
25.98	9.327522
26	9.333429
26.02	9.338525
26.04	9.344067
26.06	9.349743
26.08	9.355737
26.1	9.361692
26.12	9.36684
26.14	9.378159
26.16	9.3842
26.18	9.390206
26.2	9.395405
26.22	9.401048
26.24	9.412913
26.26	9.418967
26.28	9.424217
26.3	9.429909
26.32	9.435734
26.34	9.441872
26.36	9.447974
26.38	9.459015
26.4	9.464889
26.42	9.471074
26.44	9.477224
26.46	9.482574
26.48	9.488364
26.5	9.500519
26.52	9.506716
26.54	9.512115
26.56	9.517953
26.58	9.530202
26.6	9.536446
26.62	9.541895
26.64	9.54778
26.66	9.553797
26.68	9.560122
26.7	9.57191
26.72	9.577843
26.74	9.583905
26.76	9.590277
26.78	9.596613
26.8	9.608139
26.82	9.614247
26.84	9.620665
26.86	9.627046
26.88	9.63264
26.9	9.638666
26.92	9.64482
26.94	9.657708
26.96	9.663349
26.98	9.669422
27	9.675621
27.02	9.688599
27.04	9.694286
27.06	9.700404
27.08	9.706649
27.1	9.713199
27.12	9.719714
27.14	9.725449
27.16	9.731612
27.18	9.744494
27.2	9.751053
27.22	9.756834
27.24	9.763041
27.26	9.769374
27.28	9.782613
27.3	9.78844
27.32	9.794692
27.34	9.801067
27.36	9.807747
27.38	9.814392
27.4	9.82656
27.42	9.832979
27.44	9.839701
27.46	9.846388
27.48	9.852304
27.5	9.865107
27.52	9.87187
27.54	9.878599
27.56	9.88456
27.58	9.890944
27.6	9.897448
27.62	9.911022
27.64	9.917028
27.66	9.923453
27.68	9.929999
27.7	9.936846
27.72	9.943657
27.74	9.956175
27.76	9.962762
27.78	9.969649
27.8	9.976501
27.82	9.982594
27.84	9.989103
27.86	10.00266
27.88	10.00955
27.9	10.01569
27.92	10.02224
27.94	10.02891
27.96	10.04281
27.98	10.04898
28	10.05558
28.02	10.06229
28.04	10.06929
28.06	10.07626
28.08	10.08248
28.1	10.09587
28.12	10.10291
28.14	10.10992
28.16	10.11618
28.18	10.12286
28.2	10.13673
28.22	10.14378
28.24	10.15008
28.26	10.15679
28.28	10.16362
28.3	10.17783
28.32	10.18417
28.34	10.19092
28.36	10.19779
28.38	10.20495
28.4	10.21208
28.42	10.21846
28.44	10.22525
28.46	10.23935
28.48	10.24652
28.5	10.25294
28.52	10.25977
28.54	10.27395
28.56	10.28115
28.58	10.28761
28.6	10.29448
28.62	10.30146
28.64	10.30873
28.66	10.32247
28.68	10.32937
28.7	10.33639
28.72	10.3437
28.74	10.35097
28.76	10.35751
28.78	10.37151
28.8	10.37885
28.82	10.38616
28.84	10.39274
28.86	10.39972
28.88	10.40681
28.9	10.41419
28.92	10.42815
28.94	10.43517
28.96	10.4423
28.98	10.45709
29	10.46375
29.02	10.4708
29.04	10.47796
29.06	10.48543
29.08	10.49282
29.1	10.5066
29.12	10.51379
29.14	10.52127
29.16	10.52872
29.18	10.53545
29.2	10.54257
29.22	10.55732
29.24	10.56442
29.26	10.57111
29.28	10.57809
29.3	10.58508
29.32	10.59242
29.34	10.59979
29.36	10.61373
29.38	10.62093
29.4	10.62838
29.42	10.63583
29.44	10.64252
29.46	10.64964
29.48	10.65682
29.5	10.66431
29.52	10.67859
29.54	10.68577
29.56	10.69304
29.58	10.70059
29.6	10.70811
29.62	10.71494
29.64	10.72947
29.66	10.73706
29.68	10.74462
29.7	10.75149
29.72	10.75874
29.74	10.76609
29.76	10.78132
29.78	10.78823
29.8	10.79551
29.82	10.8029
29.84	10.81057
29.86	10.8182
29.88	10.82515
29.9	10.8399
29.92	10.8476
29.94	10.85526
29.96	10.86225
29.98	10.86961
30	10.87707
30.02	10.89251
30.04	10.89953
30.06	10.90693
30.08	10.91442
30.1	10.92219
30.12	10.93699
30.14	10.94442
30.16	10.95195
30.18	10.95976
30.2	10.96753
30.22	10.97462
30.24	10.98965
30.26	10.99749
30.28	11.0053
30.3	11.01242
30.32	11.01993
30.34	11.02753
30.36	11.0354
30.38	11.04323
30.4	11.05793
30.42	11.06557
30.44	11.07347
30.46	11.08854
30.48	11.09611
30.5	11.10377
30.52	11.11171
30.54	11.11961
30.56	11.12684
30.58	11.13444
30.6	11.14214
30.62	11.15804
30.64	11.16531
30.66	11.17294
30.68	11.18067
30.7	11.18867
30.72	11.19663
30.74	11.20393
30.76	11.21936
30.78	11.22738
30.8	11.23538
30.82	11.24271
30.84	11.25041
30.86	11.2582
30.88	11.27429
30.9	11.28165
30.92	11.28938
30.94	11.2972
30.96	11.30529
30.98	11.31334
31	11.3285
31.02	11.33635
31.04	11.34447
31.06	11.35255
31.08	11.35998
31.1	11.37565
31.12	11.3838
31.14	11.39191
31.16	11.39937
31.18	11.40718
31.2	11.42327
31.22	11.43142
31.24	11.4389
31.26	11.44675
31.28	11.45469
31.3	11.46289
31.32	11.47107
31.34	11.48646
31.36	11.49443
31.38	11.50266
31.4	11.51086
31.42	11.5184
31.44	11.52631
31.46	11.53431
31.48	11.55079
31.5	11.55837
31.52	11.5663
31.54	11.57433
31.56	11.58261
31.58	11.59087
31.6	11.59847
31.62	11.61449
31.64	11.6228
31.66	11.63108
31.68	11.63871
31.7	11.6467
31.72	11.65478
31.74	11.67143
31.76	11.67909
31.78	11.68711
31.8	11.69521
31.82	11.70358
31.84	11.71191
31.86	11.7196
31.88	11.72765
31.9	11.72534
31.92	11.72252
31.94	11.71975
31.96	11.7171
31.98	11.71457
32	11.70992
32.02	11.70781
32.04	11.70584
32.06	11.704
32.08	11.7023
32.1	11.69937
32.12	11.69809
32.14	11.69693
32.16	11.6959
32.18	11.695
32.2	11.69423
32.22	11.69359
32.24	11.69271
32.26	11.61135
32.28	11.47544
32.3	11.5355
32.32	11.51306
32.34	11.59074
32.36	11.65753
32.38	11.88945
32.4	10.95185
32.42	11.74355
32.44	10.80597
32.46	11.69307
32.48	10.75584
32.5	10.93675
32.52	10.86016
32.54	11.03703
32.56	10.77631
32.58	10.9454
32.6	10.68564
32.62	10.84665
32.64	10.7413
32.66	9.631644
32.68	9.951427
32.7	10.02118
32.72	10.03541
32.74	10.03899
32.76	10.03922
32.78	10.03936
32.8	10.0395
32.82	10.03964
32.84	10.0398
32.86	10.03998
32.88	10.04017
32.9	10.04058
32.92	10.04082
32.94	10.04106
32.96	10.04133
32.98	10.0416
33	10.04221
33.02	10.04254
33.04	10.04288
33.06	10.04324
33.08	10.04363
33.1	10.04402
33.12	10.04487
33.14	10.04533
33.16	10.0458
33.18	10.0468
33.2	10.04734
33.22	10.04789
33.24	10.04847
33.26	10.04906
33.28	10.04968
33.3	10.05033
33.32	10.05099
33.34	10.05239
33.36	10.05313
33.38	10.05389
33.4	10.05467
33.42	10.05549
33.44	10.05719
33.46	10.05808
33.48	10.059
33.5	10.05994
33.52	10.06092
33.54	10.06192
33.56	10.06402
33.58	10.06511
33.6	10.06624
33.62	10.06739
33.64	10.06858
33.66	10.0698
33.68	10.07105
33.7	10.07234
33.72	10.07502
33.74	10.07641
33.76	10.07784
33.78	10.0793
33.8	10.0808
33.82	10.08234
33.84	10.30331
33.86	10.39506
33.88	10.48474
33.9	10.57237
33.92	10.47983
33.94	10.54552
33.96	10.44305
33.98	10.51903
34	10.41232
34.02	10.48521
34.04	10.47558
34.06	10.56205
34.08	10.63103
34.1	10.61027
34.12	10.69302
34.14	10.74775
34.16	10.70331
34.18	10.65714
34.2	10.60927
34.22	10.50871
34.24	10.45614
34.26	10.40214
34.28	10.34679
34.3	10.29016
34.32	10.23236
34.34	10.11357
34.36	10.0528
34.38	9.991256
34.4	9.986291
34.42	9.979795
34.44	9.971801
34.46	9.951289
34.48	9.93877
34.5	9.925167
34.52	9.915298
34.54	9.906348
34.56	9.897779
34.58	9.881518
34.6	9.873755
34.62	9.866293
34.64	9.859056
34.66	9.852123
34.68	9.845419
34.7	9.839026
34.72	9.832865
34.74	9.821375
34.76	9.816052
34.78	9.811004
34.8	9.806247
34.82	9.80177
34.84	9.79759
34.86	9.793695
34.88	9.786799
34.9	9.783803
34.92	9.781101
34.94	9.778713
34.96	9.776626
34.98	9.773392
35	9.772252
35.02	9.771422
35.04	9.770923
35.06	9.77074
35.08	9.770891
35.1	9.772181
35.12	9.773323
35.14	9.774814
35.16	9.776637
35.18	9.775702
35.2	9.772763
35.22	9.766558
35.24	9.763597
35.26	9.760766
35.28	9.757987
35.3	9.755307
35.32	9.752657
35.34	9.750099
35.36	9.745121
35.38	9.742709
35.4	9.740407
35.42	9.738134
35.44	9.733845
35.46	9.731833
35.48	9.729856
35.5	9.727999
35.52	9.72618
35.54	9.724486
35.56	9.72131
35.58	9.719828
35.6	9.718482
35.62	9.717179
35.64	9.716018
35.66	9.714903
35.68	9.71301
35.7	9.712238
35.72	9.711517
35.74	9.710952
35.76	9.71044
35.78	9.710087
35.8	9.709791
35.82	9.709587
35.84	9.709682
35.86	9.709842
35.88	9.710173
35.9	9.710568
35.92	9.711784
35.94	9.712608
35.96	9.713504
35.98	9.714586
36	9.715741
36.02	9.718511
36.04	9.72013
36.06	9.721828
36.08	9.723728
36.1	9.725708
36.12	9.727895
36.14	9.732647
36.16	9.735214
36.18	9.737998
36.2	9.74087
36.22	9.743962
36.24	9.747147
36.26	9.750557
36.28	9.757793
36.3	9.761621
36.32	9.765687
36.34	9.769849
36.36	9.774253
36.38	9.778754
36.4	9.783503
36.42	9.788353
36.44	9.793453
36.46	9.804117
36.48	9.809683
36.5	9.815508
36.52	9.821442
36.54	9.82764
36.56	9.833948
36.58	9.847216
36.6	9.854178
36.62	9.861255
36.64	9.86861
36.66	9.876082
36.68	9.883836
36.7	9.899867
36.72	9.908146
36.74	9.916715
36.76	9.925406
36.78	9.934393
36.8	9.952911
36.82	9.962444
36.84	9.972282
36.86	9.982246
36.88	9.992517
36.9	10.00292
36.92	10.02447
36.94	10.03562
36.96	10.04691
36.98	10.05851
37	10.07025
37.02	10.08231
37.04	10.07336
37.06	10.11292
37.08	10.1244
37.1	10.11768
37.12	10.26261
37.14	10.21619
37.16	10.31202
37.18	10.3758
37.2	10.32281
37.22	10.38405
37.24	10.32813
37.26	10.38706
37.28	10.29438
37.3	10.37554
37.32	10.3283
37.34	10.41077
37.36	10.36162
37.38	10.39651
37.4	10.4813
37.42	10.43342
37.44	10.51932
37.46	10.55317
37.48	10.58015
37.5	10.57317
37.52	10.602
37.54	10.59205
37.56	10.61905
37.58	10.64243
37.6	10.6377
37.62	10.71018
37.64	10.67195
37.66	10.74888
37.68	10.71566
37.7	10.76253
37.72	10.84243
37.74	10.81146
37.76	10.89212
37.78	10.86251
37.8	10.88256
37.82	11.02867
37.84	11.09684
37.86	11.00845
37.88	11.15644
37.9	11.06734
37.92	11.12796
37.94	11.2741
37.96	11.18994
37.98	11.24865
38	11.27428
38.02	11.26715
38.04	11.33092
38.06	11.32824
38.08	11.39152
38.1	11.45422
38.12	11.46004
38.14	11.62296
38.16	11.60233
38.18	11.68112
38.2	11.6645
38.22	11.65721
38.24	11.64884
38.26	11.62902
38.28	11.61764
38.3	11.60533
38.32	11.59214
38.34	11.56333
38.36	11.5712
38.38	11.58401
38.4	11.59143
38.42	11.5984
38.44	11.60533
38.46	11.61253
38.48	11.61469
38.5	11.60766
38.52	11.59967
38.54	11.59165
38.56	11.58372
38.58	11.57588
38.6	11.56819
38.62	11.55332
38.64	11.54565
38.66	11.53828
38.68	11.53112
38.7	11.52423
38.72	11.51021
38.74	11.50336
38.76	11.49673
38.78	11.48408
38.8	11.47741
38.82	11.47109
38.84	11.46497
38.86	11.459
38.88	11.45336
38.9	11.44167
38.92	11.43603
38.94	11.43052
38.96	11.41066
38.98	11.42381
39	11.37292
39.02	11.38957
39.04	11.36602
39.06	11.32522
39.08	11.33812
39.1	11.29464
39.12	11.30606
39.14	11.28061
39.16	11.3383
39.18	11.28399
39.2	11.33193
39.22	11.27023
39.24	11.32343
39.26	11.31615
39.28	11.24967
39.3	11.31
39.32	11.2576
39.34	11.30413
39.36	11.25366
39.38	11.25667
39.4	11.30528
39.42	11.25931
39.44	11.3032
39.46	11.25773
39.48	11.30095
39.5	11.20458
39.52	11.24931
39.54	11.21286
39.56	11.25749
39.58	11.22983
39.6	11.26819
39.62	11.27992
39.64	11.26733
39.66	11.33487
39.68	11.31947
39.7	11.28556
39.72	11.30913
39.74	11.27684
39.76	11.32249
39.78	11.29205
39.8	11.19674
39.82	11.26514
39.84	11.19891
39.86	11.16428
39.88	11.12876
39.9	11.0687
39.92	11.0318
39.94	10.93287
39.96	10.87119
39.98	10.83293
40	10.57893
40.02	10.61849
40.04	10.63115
40.06	10.65632
40.08	10.67488
40.1	10.6979
40.12	10.72535
40.14	10.7572
40.16	10.79342
40.18	11.04497
40.2	11.17712
40.22	11.22969
40.24	11.21275
40.26	11.1869
40.28	11.14746
40.3	11.16255
40.32	11.17875
40.34	11.03174
40.36	10.90799
40.38	10.64539
40.4	10.50906
40.42	10.39384
40.44	10.26519
40.46	10.20224
40.48	10.21293
40.5	10.26056
40.52	10.28125
40.54	10.29445
40.56	10.31484
40.58	10.32163
40.6	10.34176
40.62	10.36771
40.64	10.37416
40.66	10.39381
40.68	10.43435
40.7	10.50373
40.72	10.60883
40.74	10.64163
40.76	10.70864
40.78	10.73723
40.8	10.82697
40.82	10.89085
40.84	10.98002
40.86	11.06606
40.88	11.14882
40.9	11.22817
40.92	11.30401
40.94	11.44466
40.96	11.50928
40.98	11.56997
41	11.62665
41.02	11.16645
41.04	11.09358
41.06	11.05502
41.08	11.01526
41.1	10.97436
41.12	10.93245
41.14	10.8896
41.16	10.84594
41.18	10.86564
41.2	10.87092
41.22	10.87471
41.24	10.87835
41.26	10.88193
41.28	10.88897
41.3	10.89243
41.32	10.89585
41.34	10.89924
41.36	10.90259
41.38	10.9059
41.4	10.91242
41.42	10.91563
41.44	10.9188
41.46	10.92193
41.48	10.92503
41.5	10.93112
41.52	10.93412
41.54	10.93708
41.56	10.94001
41.58	10.94291
41.6	10.94577
41.62	10.9486
41.64	10.95416
41.66	10.95689
41.68	10.95959
41.7	10.96226
41.72	10.9649
41.74	10.96751
41.76	10.97264
41.78	10.97516
41.8	10.97765
41.82	10.98011
41.84	10.98254
41.86	10.98494
41.88	10.98966
41.9	10.99198
41.92	10.99428
41.94	10.99654
41.96	10.99878
41.98	11.001
42	11.29979
42.02	11.29652
42.04	11.29144
42.06	11.27596
42.08	11.26558
42.1	11.25349
42.12	11.2397
42.14	11.22425
42.16	11.20717
42.18	11.1885
42.2	11.16828
42.22	11.12339
42.24	11.09882
42.26	11.07291
42.28	11.04572
42.3	11.01733
42.32	11.02367
42.34	11.07192
42.36	11.11891
42.38	11.16461
42.4	11.43831
42.42	11.42056
42.44	11.41307
42.46	11.40392
42.48	11.39314
42.5	11.38074
42.52	11.35124
42.54	11.3342
42.56	11.31568
42.58	11.29573
42.6	11.25173
42.62	11.22778
42.64	11.20261
42.66	11.17628
42.68	11.14887
42.7	11.12043
42.72	11.09106
42.74	11.06082
42.76	11.07022
42.78	11.00914
42.8	11.00738
42.82	11.03582
42.84	11.05528
42.86	11.07724
42.88	11.10157
42.9	11.1282
42.92	11.17005
42.94	11.18692
42.96	11.21651
42.98	11.19341
43	11.14672
43.02	11.09598
43.04	11.04514
43.06	10.99501
43.08	10.99489
43.1	11.00311
43.12	11.00848
43.14	11.02893
43.16	11.00857
43.18	11.02878
43.2	11.01083
43.22	11.03087
43.24	11.01523
43.26	11.03493
43.28	10.60597
43.3	10.6362
43.32	10.64697
43.34	10.65384
43.36	10.66596
43.38	10.67195
43.4	10.67796
43.42	10.684
43.44	10.69007
43.46	10.70228
43.48	10.70842
43.5	10.7146
43.52	10.7208
43.54	10.72702
43.56	10.73328
43.58	10.73956
43.6	10.75219
43.62	10.75855
43.64	10.76494
43.66	10.77135
43.68	10.77779
43.7	10.78426
43.72	10.79728
43.74	10.80383
43.76	10.81042
43.78	10.81703
43.8	10.82368
43.82	10.83035
43.84	10.83705
43.86	10.85056
43.88	10.85736
43.9	10.8642
43.92	10.87107
43.94	10.87797
43.96	10.88492
43.98	10.89189
44	10.89891
44.02	10.91306
44.04	10.92019
44.06	10.92738
44.08	10.9346
44.1	10.94186
44.12	10.94916
44.14	11.29911
44.16	11.35937
44.18	11.3774
44.2	11.43454
44.22	11.48669
44.24	11.56228
44.26	11.65151
44.28	11.44256
44.3	11.22675
44.32	11.19876
44.34	11.16905
44.36	11.13767
44.38	11.10471
44.4	11.03429
44.42	10.997
44.44	10.95842
44.46	10.91865
44.48	10.87779
44.5	10.83593
44.52	10.74965
44.54	10.70546
44.56	10.66073
44.58	10.61123
44.6	10.55485
44.62	10.1609
44.64	10.24235
44.66	10.25444
44.68	10.25087
44.7	10.2469
44.72	10.24299
44.74	10.23922
44.76	10.23563
44.78	10.23221
44.8	10.22896
44.82	10.22588
44.84	10.22023
44.86	10.21767
44.88	10.21527
44.9	10.21305
44.92	10.211
44.94	10.20912
44.96	10.20741
44.98	10.20451
45	10.20331
45.02	10.20228
45.04	10.20143
45.06	10.20075
45.08	10.20023
45.1	10.19989
45.12	10.19972
45.14	10.19972
45.16	10.19989
45.18	10.20023
45.2	10.20074
45.22	10.20227
45.24	10.2033
45.26	10.20449
45.28	10.20585
45.3	10.20739
45.32	10.21096
45.34	10.21301
45.36	10.21522
45.38	10.2176
45.4	10.22016
45.42	10.22288
45.44	10.22578
45.46	10.22884
45.48	10.23208
45.5	10.23906
45.52	10.2428
45.54	10.24477
45.56	10.24491
45.58	10.37261
45.6	10.50006
45.62	10.83258
45.64	11.13277
45.66	11.59823
45.68	11.92817
45.7	11.8918
45.72	11.53068
45.74	11.84465
45.76	11.81736
45.78	11.78806
45.8	11.75667
45.82	11.72321
45.84	11.65016
45.86	11.61065
45.88	11.56921
45.9	11.52588
45.92	11.48072
45.94	11.38509
45.96	11.33475
45.98	11.28279
46	10.7512
46.02	10.267
46.04	9.880334
46.06	10.13187
46.08	10.18762
46.1	10.18484
46.12	10.18039
46.14	10.17571
46.16	10.17108
46.18	10.16217
46.2	10.1579
46.22	10.15375
46.24	10.14973
46.26	10.14583
46.28	10.14206
46.3	10.13842
46.32	10.1349
46.34	10.12823
46.36	10.12508
46.38	10.12207
46.4	10.1164
46.42	10.11376
46.44	10.11125
46.46	10.10886
46.48	10.1066
46.5	10.10446
46.52	10.10245
46.54	10.09881
46.56	10.09719
46.58	10.09568
46.6	10.09431
46.62	10.09307
46.64	10.09195
46.66	10.09009
46.68	10.08936
46.7	10.08875
46.72	10.08827
46.74	10.08792
46.76	10.0877
46.78	10.08765
46.8	10.08782
46.82	10.08811
46.84	10.08854
46.86	10.08909
46.88	10.08978
46.9	10.0906
46.92	10.09262
46.94	10.09382
46.96	10.09516
46.98	10.09663
47	10.09823
47.02	10.10182
47.04	10.10382
47.06	10.10595
47.08	10.10821
47.1	10.1106
47.12	10.11312
47.14	10.11857
47.16	10.12149
47.18	10.12455
47.2	10.13106
47.22	10.13452
47.24	10.13811
47.26	10.14184
47.28	10.1457
47.3	10.1497
47.32	10.15383
47.34	10.1625
47.36	10.16704
47.38	10.17172
47.4	10.17653
47.42	10.18147
47.44	10.19178
47.46	10.19714
47.48	10.20263
47.5	10.20826
47.52	10.21404
47.54	10.21994
47.56	10.22599
47.58	10.33737
47.6	10.33875
47.62	10.33862
47.64	10.33699
47.66	10.3339
47.68	10.32937
47.7	10.3161
47.72	10.30743
47.74	10.31791
47.76	10.72712
47.78	10.79288
47.8	11.01042
47.82	11.13344
47.84	11.18983
47.86	11.17829
47.88	11.2316
47.9	11.21623
47.92	11.26649
47.94	11.29452
47.96	11.27147
47.98	11.31581
48	11.38224
48.02	11.28034
48.04	11.3419
48.06	11.23952
48.08	11.19386
48.1	11.2456
48.12	11.14396
48.14	11.19081
48.16	11.09047
48.18	10.65884
48.2	10.60325
48.22	10.67667
48.24	10.70417
48.26	10.72254
48.28	10.73927
48.3	10.75587
48.32	10.77264
48.34	10.80688
48.36	10.82437
48.38	10.8421
48.4	10.86007
48.42	10.87829
48.44	10.91344
48.46	10.92262
48.48	10.93058
48.5	10.93841
48.52	10.9463
48.54	10.95427
48.56	10.96227
48.58	10.97862
48.6	10.98679
48.62	10.99509
48.64	11.0119
48.66	11.02042
48.68	11.02907
48.7	11.03765
48.72	11.04637
48.74	11.05518
48.76	11.06401
48.78	11.08202
48.8	11.09101
48.82	11.10016
48.84	11.10939
48.86	11.12801
48.88	11.13751
48.9	11.14694
48.92	11.15651
48.94	11.16618
48.96	11.17587
48.98	11.1956
49	11.20546
49.02	11.21548
49.04	11.22559
49.06	11.23572
49.08	11.24596
49.1	11.25634
49.12	11.27711
49.14	11.28766
49.16	11.29825
49.18	11.30893
49.2	11.31977
49.22	11.33053
49.24	11.35246
49.26	11.3635
49.28	11.37464
49.3	11.38593
49.32	11.39715
49.34	11.40854
49.36	11.42001
49.38	11.44312
49.4	11.45488
49.42	11.46657
49.44	11.47843
49.46	11.49037
49.48	11.51442
49.5	11.52666
49.52	11.53881
49.54	11.55115
49.56	11.56357
49.58	11.57602
49.6	11.60129
49.62	11.61392
49.64	11.62674
49.66	11.63964
49.68	11.66561
49.7	11.67881
49.72	11.69193
49.74	11.70524
49.76	11.71862
49.78	11.72479
49.8	11.72217
49.82	11.73555
49.84	11.68723
49.86	11.67622
49.88	11.66547
49.9	11.65351
49.92	11.64036
49.94	11.62603
49.96	11.61055
49.98	11.63402
50	11.64602
50.02	11.6222
50.04	11.63473
50.06	11.54044
50.08	11.44701
50.1	11.32185
50.12	11.30868
50.14	11.29689
50.16	11.30324
50.18	11.29648
50.2	11.30363
50.22	11.49526
50.24	11.53164
50.26	11.59204
50.28	11.55451
50.3	11.5956
50.32	11.50197
50.34	11.5263
50.36	11.47587
50.38	11.4609
50.4	11.44469
50.42	11.42728
50.44	11.40872
50.46	11.36832
50.48	11.34659
50.5	11.32392
50.52	11.30037
50.54	11.276
50.56	11.22514
50.58	11.1988
50.6	11.17196
50.62	11.14472
50.64	11.15739
50.66	11.08537
50.68	11.0862
50.7	11.09447
50.72	11.10884
50.74	11.27611
50.76	11.45067
50.78	11.54664
50.8	11.55679
50.82	11.5716
50.84	11.59318
50.86	11.62183
50.88	11.46396
50.9	11.66092
50.92	11.63939
50.94	11.62123
50.96	11.60145
50.98	11.5801
51	11.55724
51.02	11.50719
51.04	11.48013
51.06	11.45179
51.08	11.42227
51.1	11.39162
51.12	11.35994
51.14	11.3273
51.16	11.25955
51.18	11.22462
51.2	11.18914
51.22	11.15322
51.24	11.11697
51.26	11.04339
51.28	11.00221
51.3	10.61176
51.32	10.82128
51.34	10.87089
51.36	10.88647
51.38	10.89539
51.4	10.90325
51.42	10.91919
51.44	10.92759
51.46	10.93626
51.48	10.94523
51.5	10.96409
51.52	10.97396
51.54	10.98415
51.56	10.99462
51.58	11.00542
51.6	11.01649
51.62	11.03955
51.64	11.05154
51.66	11.06384
51.68	11.07644
51.7	11.08934
51.72	11.10256
51.74	11.12991
51.76	11.14404
51.78	11.15849
51.8	11.17325
51.82	11.18832
51.84	11.2037
51.86	11.23539
51.88	11.25171
51.9	11.26834
51.92	11.28529
51.94	11.30255
51.96	11.32012
51.98	11.33801
52	11.35622
52.02	11.39359
52.04	11.41275
52.06	11.43222
52.08	11.45202
52.1	11.47214
52.12	11.49257
52.14	11.5344
52.16	11.5558
52.18	11.57751
52.2	11.59956
52.22	11.62192
52.24	11.6446
52.26	11.66761
52.28	11.70311
52.3	11.74214
52.32	11.70818
52.34	11.70071
52.36	11.69201
52.38	11.68194
52.4	11.65768
52.42	11.64352
52.44	11.62804
52.46	11.61127
52.48	11.61172
52.5	11.60923
52.52	11.6063
52.54	11.605
52.56	11.60498
52.58	11.60634
52.6	11.60752
52.62	11.60852
52.64	11.60912
52.66	11.7531
52.68	11.59634
52.7	11.39844
52.72	11.33231
52.74	11.28774
52.76	11.22023
52.78	11.0965
52.8	11.03744
52.82	10.9832
52.84	10.93079
52.86	10.87961
52.88	10.7805
52.9	10.7325
52.92	10.68552
52.94	10.63954
52.96	10.60335
52.98	10.62225
53	10.56418
53.02	10.55357
53.04	10.49236
53.06	10.47772
53.08	10.41412
53.1	10.33309
53.12	10.07097
53.14	10.03582
53.16	10.00017
53.18	9.965062
53.2	9.897075
53.22	9.864193
53.24	9.832023
53.26	9.800533
53.28	9.769701
53.3	9.829731
53.32	9.856619
53.34	9.837413
53.36	9.825021
53.38	9.814001
53.4	9.796576
53.42	9.790069
53.44	9.784928
53.46	9.625656
53.48	9.466844
53.5	9.308744
53.52	9.151634
53.54	9.0269
53.56	9.011418
53.58	8.983624
53.6	8.955159
53.62	8.926972
53.64	8.938014
53.66	8.948175
53.68	8.965474
53.7	8.972439
53.72	8.978173
53.74	8.982604
53.76	8.985659
53.78	8.987389
53.8	8.91574
53.82	8.842258
53.84	8.766972
53.86	8.689909
53.88	8.611109
53.9	8.485014
53.92	8.457515
53.94	8.436708
53.96	8.417177
53.98	8.371316
54	8.30588
54.02	8.273613
54.04	8.248359
54.06	8.216636
54.08	8.192638
54.1	8.161304
54.12	8.13848
54.14	8.107574
54.16	8.294342
54.18	8.035375
54.2	8.288337
54.22	8.243232
54.24	7.932488
54.26	8.191652
54.28	7.878342
54.3	8.140309
54.32	7.857953
54.34	8.079732
54.36	7.792171
54.38	7.726434
54.4	7.949815
54.42	7.677809
54.44	7.910831
54.46	7.87092
54.48	7.571283
54.5	8.004207
54.52	7.565688
54.54	8.00444
54.56	7.53586
54.58	7.503121
54.6	7.948984
54.62	7.471873
54.64	7.920885
54.66	7.752437
54.68	7.708778
54.7	7.834271
54.72	7.65729
54.74	7.778915
54.76	7.598193
54.78	7.715837
54.8	7.645373
54.82	7.180145
54.84	7.638442
54.86	7.297513
54.88	7.763802
54.9	7.316694
54.92	7.319223
54.94	7.791425
54.96	7.321286
54.98	7.79523
55	7.800377
55.02	7.333217
55.04	7.809717
55.06	7.345239
55.08	7.822798
55.1	7.361173
55.12	7.839583
55.14	7.860108
55.16	7.403063
55.18	7.882266
55.2	7.430438
55.22	7.90981
55.24	7.462212
55.26	7.498194
55.28	7.977293
55.3	7.538372
55.32	8.017013
55.34	8.058222
55.36	7.628541
55.38	8.105323
55.4	7.681159
55.42	8.156844
55.44	7.738107
55.46	8.212502
55.48	8.272243
55.5	7.874248
55.52	8.346587
55.54	7.946315
55.56	8.416967
55.58	8.021079
55.6	8.099706
55.62	8.56626
55.64	8.184221
55.66	8.650865
55.68	8.273567
55.7	8.738347
55.72	8.820254
55.74	8.456556
55.76	8.91298
55.78	8.555288
55.8	9.008915
55.82	9.108501
55.84	8.764066
55.86	9.211795
55.88	8.874119
55.9	9.318774
55.92	8.98789
55.94	9.10533
55.96	9.543633
55.98	9.226381
56	9.661426
56.02	9.782733
56.04	9.47911
56.06	9.907508
56.08	9.610676
56.1	10.0357
56.12	9.745637
56.14	10.16727
56.16	10.30216
56.18	10.02552
56.2	10.44033
56.22	10.17034
56.24	10.58173
56.26	10.31834
56.28	10.46946
56.3	10.87401
56.32	10.54355
56.34	10.42928
56.36	10.4115
56.38	10.40642
56.4	10.3915
56.42	10.38163
56.44	10.37014
56.46	10.35703
56.48	10.3423
56.5	10.32595
56.52	10.2884
56.54	10.26724
56.56	10.2445
56.58	10.23884
56.6	10.2359
56.62	10.23123
56.64	10.22922
56.66	10.22743
56.68	10.2258
56.7	10.2244
56.72	10.22316
56.74	10.22215
56.76	10.21823
56.78	10.21241
56.8	10.2055
56.82	10.19853
56.84	10.19147
56.86	10.18442
56.88	10.1703
56.9	10.16323
56.92	10.15619
56.94	10.14209
56.96	10.13504
56.98	10.12803
57	10.12101
57.02	10.11403
57.04	10.10704
57.06	10.10009
57.08	10.08624
57.1	10.07933
57.12	10.07249
57.14	10.06564
57.16	10.05885
57.18	10.05207
57.2	10.04535
57.22	10.03201
57.24	10.02538
57.26	10.01883
57.28	10.01229
57.3	10.00584
57.32	9.999404
57.34	9.993054
57.36	9.980494
57.38	9.974286
57.4	9.968176
57.42	9.962097
57.44	9.95612
57.46	9.950178
57.48	9.944345
57.5	9.932869
57.52	9.927231
57.54	9.921713
57.56	9.916241
57.58	9.910895
57.6	9.905601
57.62	9.900437
57.64	9.895329
57.66	9.890358
57.68	9.880679
57.7	9.875974
57.72	9.87142
57.74	9.866932
57.76	9.858342
57.78	9.854246
57.8	9.850224
57.82	9.846373
57.84	9.842599
57.86	9.835489
57.88	9.832158
57.9	9.828914
57.92	9.82586
57.94	9.822896
57.96	9.820128
57.98	9.817456
58	9.814986
58.02	9.810455
58.04	9.808396
58.06	9.806555
58.08	9.80482
58.1	9.803308
58.12	9.801908
58.14	9.800738
58.16	9.799683
58.18	9.798162
58.2	9.797706
58.22	9.797372
58.24	9.797288
58.26	9.797331
58.28	9.79763
58.3	9.798059
58.32	9.798753
58.34	9.799582
58.36	9.801916
58.38	9.803429
58.4	9.805084
58.42	9.807022
58.44	10.12995
58.46	9.81112
58.48	9.816422
58.5	10.13844
58.52	9.822718
58.54	10.14427
58.56	9.829976
58.58	9.83821
58.6	10.15874
58.62	9.847441
58.64	10.16742
58.66	9.857693
58.68	10.1771
58.7	10.18779
58.72	9.881351
58.74	10.19953
58.76	9.894805
58.78	10.21233
58.8	9.909372
58.82	9.925075
58.84	10.24121
58.86	9.941936
58.88	10.25734
58.9	9.959975
58.92	10.27462
58.94	9.979217
58.96	10.29307
58.98	9.999681
59	10.31272
59.02	10.02139
59.04	10.04436
59.06	10.35568
59.08	10.06861
59.1	10.09416
59.12	10.40366
59.14	10.12104
59.16	10.42958
59.18	10.14925
59.2	10.45681
59.22	10.17882
59.24	10.48537
59.26	10.51528
59.28	10.2421
59.3	10.54655
59.32	10.27584
59.34	10.31101
59.36	10.61326
59.38	10.34761
59.4	10.64872
59.42	10.38566
59.44	10.42518
59.46	10.72394
59.48	10.46618
59.5	10.76372
59.52	10.50867
59.54	10.80497
59.56	10.8477
59.58	10.59816
59.6	10.89192
59.62	10.64519
59.64	10.93764
59.66	10.98488
59.68	10.74386
59.7	11.03364
59.72	10.79552
59.74	10.84874
59.76	11.13576
59.78	10.90353
59.8	11.18914
59.82	10.95989
59.84	11.24407
59.86	11.30057
59.88	11.07736
59.9	11.35864
59.92	11.13848
59.94	11.41829
59.96	11.20119
59.98	11.26549
60	11.54232
60.02	11.3314
60.04	11.60671
60.06	11.39892
60.08	11.6727
60.1	11.69596
60.12	11.66131
60.14	11.64708
60.16	11.63169
60.18	11.61516
60.2	11.59752
60.22	11.57881
60.24	11.53831
60.26	11.51661
60.28	11.49401
60.3	11.47057
60.32	11.44633
60.34	11.42137
60.36	11.39699
60.38	11.40255
60.4	11.40277
60.42	11.40228
60.44	11.40222
60.46	11.40233
60.48	11.40385
60.5	11.40515
60.52	11.40677
60.54	11.40905
60.56	11.41436
60.58	11.41784
60.6	11.42152
60.62	11.42554
60.64	11.43021
60.66	11.43509
60.68	11.4403
60.7	11.45224
60.72	11.45864
60.74	11.4657
60.76	11.47297
60.78	11.48722
60.8	11.48041
60.82	11.47222
60.84	11.46397
60.86	11.45568
60.88	11.44741
60.9	11.43923
60.92	11.42342
60.94	11.41576
60.96	11.40775
60.98	11.40009
61	11.39266
61.02	11.37849
61.04	11.37101
61.06	11.36392
61.08	11.35708
61.1	11.35054
61.12	11.33718
61.14	11.33068
61.16	11.3244
61.18	11.31828
61.2	11.31254
61.22	11.30681
61.24	11.30058
61.26	11.2892
61.28	11.2838
61.3	11.3153
61.32	11.3442
61.34	11.37614
61.36	11.43119
61.38	11.45605
61.4	11.47927
61.42	11.50083
61.44	11.52072
61.46	11.53893
61.48	11.55542
61.5	11.58896
61.52	11.60429
61.54	11.59631
61.56	11.59021
61.58	11.56872
61.6	11.5548
61.62	11.54001
61.64	11.52066
61.66	11.51425
61.68	11.49494
61.7	11.49092
61.72	11.47509
61.74	11.45484
61.76	11.46605
61.78	11.44493
61.8	11.36655
61.82	11.23852
61.84	11.01001
61.86	10.79498
61.88	10.62748
61.9	10.73593
61.92	10.75122
61.94	10.73889
61.96	10.72983
61.98	10.72044
62	10.71091
62.02	10.7012
62.04	10.69138
62.06	10.67134
62.08	10.66112
62.1	10.65073
62.12	10.64024
62.14	10.61884
62.16	10.60792
62.18	10.59688
62.2	10.5857
62.22	10.5744
62.24	10.56294
62.26	10.53965
62.28	10.52781
62.3	10.51582
62.32	10.50371
62.34	10.49146
62.36	10.46657
62.38	10.45393
62.4	10.44115
62.42	10.42826
62.44	10.4152
62.46	10.40204
62.48	10.38873
62.5	10.36173
62.52	10.34804
62.54	10.3342
62.56	10.32026
62.58	10.30616
62.6	10.29195
62.62	10.27759
62.64	10.2631
62.66	10.2485
62.68	10.21888
62.7	10.20389
62.72	10.18876
62.74	10.17349
62.76	10.15812
62.78	10.12696
62.8	10.1112
62.82	10.0953
62.84	10.07927
62.86	10.06314
62.88	10.04686
62.9	10.01393
62.92	9.997278
62.94	9.98049
62.96	9.9636
62.98	9.946569
63	9.929406
63.02	9.894739
63.04	9.877205
63.06	9.859569
63.08	9.841795
63.1	9.823892
63.12	9.805887
63.14	9.787746
63.16	9.751106
63.18	9.7326
63.2	9.713966
63.22	9.695234
63.24	9.657372
63.26	9.638281
63.28	9.619055
63.3	9.599702
63.32	9.580255
63.34	9.560673
63.36	9.540966
63.38	9.521166
63.4	9.481175
63.42	9.461025
63.44	9.440743
63.46	9.420339
63.48	9.399843
63.5	9.35847
63.52	9.337631
63.54	9.316657
63.56	9.295593
63.58	9.274393
63.6	9.253105
63.62	9.210153
63.64	9.188509
63.66	9.16676
63.68	9.144897
63.7	9.12293
63.72	9.100849
63.74	9.056369
63.76	9.033972
63.78	9.011463
63.8	8.988853
63.82	8.966134
63.84	8.943315
63.86	8.897361
63.88	8.874227
63.9	8.850995
63.92	8.827659
63.94	8.804225
63.96	8.757052
63.98	8.733316
64	8.709486
64.02	8.685554
64.04	8.66153
64.06	8.613189
64.08	8.588873
64.1	8.564468
64.12	8.539967
64.14	8.515376
64.16	8.49069
64.18	8.465919
64.2	8.441051
64.22	8.391057
64.24	8.365931
64.26	8.340713
64.28	8.290026
64.3	8.264559
64.32	8.239003
64.34	8.213371
64.36	8.187654
64.38	8.161861
64.4	8.135985
64.42	8.084004
64.44	8.057903
64.46	8.031721
64.48	8.00547
64.5	7.979143
64.52	7.952749
64.54	7.899746
64.56	7.87314
64.58	7.846472
64.6	7.819735
64.62	7.792938
64.64	7.766073
64.66	7.739152
64.68	7.685126
64.7	7.658024
64.72	7.630871
64.74	7.603659
64.76	7.576398
64.78	7.52172
64.8	7.494305
64.82	7.466848
64.84	7.439341
64.86	7.411796
64.88	7.384204
64.9	7.328907
64.92	7.301205
64.94	7.273463
64.96	7.245693
64.98	7.217888
65	7.190059
65.02	7.134316
65.04	7.106407
65.06	7.078482
65.08	7.050532
65.1	7.022573
65.12	6.994593
65.14	6.938604
65.16	6.9106
65.18	6.882511
65.2	6.854447
65.22	6.798459
65.24	6.770411
65.26	6.742408
65.28	6.714416
65.3	6.686443
65.32	6.630545
65.34	6.602547
65.36	6.574603
65.38	6.546734
65.4	6.518902
65.42	6.491098
65.44	6.435613
65.46	6.407937
65.48	6.380301
65.5	6.352724
65.52	6.325194
65.54	6.297728
65.56	6.242979
65.58	6.215703
65.6	6.188507
65.62	6.161381
65.64	6.134343
65.66	6.107384
65.68	6.053746
65.7	6.027075
65.72	6.0005
65.74	5.974039
65.76	5.947684
65.78	5.895334
65.8	5.86935
65.82	5.84349
65.84	5.817773
65.86	5.792192
65.88	5.766763
65.9	5.74148
65.92	5.716362
65.94	5.666614
65.96	5.641996
65.98	5.617564
66	5.593312
66.02	5.569259
66.04	5.545398
66.06	5.498302
66.08	5.47508
66.1	5.452075
66.12	5.429307
66.14	5.406769
66.16	5.384481
66.18	5.362438
66.2	5.319137
66.22	5.297894
66.24	5.276922
66.26	5.256244
66.28	5.235852
66.3	5.215768
66.32	5.195985
66.34	5.157375
66.36	5.138563
66.38	5.12009
66.4	5.101964
66.42	5.066783
66.44	5.049745
66.46	5.033085
66.48	5.016811
66.5	5.000932
66.52	4.985456
66.54	4.970391
66.56	4.941525
66.58	4.927742
66.6	4.9144
66.62	4.901511
66.64	4.877117
66.66	4.865629
66.68	4.854625
66.7	4.844111
66.72	4.834096
66.74	4.824588
66.76	4.807122
66.78	4.799179
66.8	4.791772
66.82	4.784909
66.84	4.778596
66.86	4.771537
66.88	4.764641
66.9	4.751051
66.92	4.744222
66.94	4.739248
66.96	4.734263
66.98	4.72946
67	4.727089
67.02	4.724899
67.04	4.724208
67.06	4.726587
67.08	4.727173
67.1	4.731567
67.12	4.735869
67.14	4.747462
67.16	4.754064
67.18	4.76075
67.2	4.768537
67.22	4.775922
67.24	4.790126
67.26	4.7976
67.28	4.807553
67.3	4.815217
67.32	4.826122
67.34	4.836238
67.36	4.857151
67.38	4.869276
67.4	4.882087
67.42	4.895553
67.44	4.909665
67.46	4.939822
67.48	4.955865
67.5	4.972549
67.52	4.989872
67.54	5.007833
67.56	5.02643
67.58	5.06552
67.6	5.08601
67.62	5.107124
67.64	5.128861
67.66	5.151217
67.68	5.197775
67.7	5.22197
67.72	5.246769
67.74	5.272171
67.76	5.298169
67.78	5.351943
67.8	5.379708
67.82	5.408055
67.84	5.436977
67.86	5.466471
67.88	5.496532
67.9	5.527155
67.92	5.590069
67.94	5.622349
67.96	5.655172
67.98	5.688534
68	5.722428
68.02	5.791795
68.04	5.827258
68.06	5.863234
68.08	5.899717
68.1	5.936704
68.12	5.974188
68.14	6.012166
68.16	6.089578
68.18	6.129004
68.2	6.168902
68.22	6.209269
68.24	6.23442
68.26	6.281489
68.28	6.332641
68.3	6.386482
68.32	6.442735
68.34	6.547869
68.36	6.607736
68.38	6.6991
68.4	6.743252
68.42	6.787494
68.44	6.831901
68.46	6.876483
68.48	6.966156
68.5	7.011233
68.52	7.056463
68.54	7.10184
68.56	7.147357
68.58	7.193008
68.6	7.284691
68.62	7.330711
68.64	7.376844
68.66	7.423083
68.68	7.469425
68.7	7.515864
68.72	7.609013
68.74	7.655715
68.76	7.702494
68.78	7.749348
68.8	7.796273
68.82	7.843263
68.84	7.937424
68.86	7.984588
68.88	8.031802
68.9	8.079063
68.92	8.126368
68.94	8.173711
68.96	8.268505
68.98	8.315948
69	8.36342
69.02	8.410913
69.04	8.458427
69.06	8.553508
69.08	8.601068
69.1	8.648638
69.12	8.696215
69.14	8.743796
69.16	8.791379
69.18	8.838963
69.2	8.886542
69.22	8.981685
69.24	9.029242
69.26	9.076788
69.28	9.12432
69.3	9.171837
69.32	9.219335
69.34	9.266813
69.36	9.361702
69.38	9.409109
69.4	9.45649
69.42	9.50384
69.44	9.598448
69.46	9.645701
69.48	9.69292
69.5	9.7401
69.52	9.787243
69.54	9.881405
69.56	9.928423
69.58	9.975396
69.6	10.02232
69.62	10.0692
69.64	10.11603
69.66	10.16282
69.68	10.25623
69.7	10.30285
69.72	10.34942
69.74	10.39594
69.76	10.4424
69.78	10.4888
69.8	10.58142
69.82	10.62765
69.84	10.67381
69.86	10.7199
69.88	10.76594
69.9	10.81191
69.92	10.85781
69.94	10.90365
69.96	10.99512
69.98	11.04075
70	11.08631
70.02	11.1318
70.04	11.17722
70.06	11.26784
70.08	11.31304
70.1	11.35817
70.12	11.40322
70.14	11.42286
70.16	11.43842
70.18	11.46373
70.2	11.4738
70.22	11.48459
70.24	11.49748
70.26	11.51075
70.28	11.524
70.3	11.5505
70.32	11.56375
70.34	11.57675
70.36	11.58986
70.38	11.60273
70.4	11.6157
70.42	11.64127
70.44	11.65387
70.46	11.66657
70.48	11.67908
70.5	11.69147
70.52	11.70396
70.54	11.71626
70.56	11.71675
70.58	11.6571
70.6	11.63631
70.62	11.5913
70.64