0.02	8.59955
0.04	8.713937
0.06	8.722775
0.08	8.729985
0.1	8.737913
0.12	8.747031
0.14	8.757437
0.16	8.799195
0.18	8.827807
0.2	8.883343
0.22	8.908162
0.24	8.909756
0.26	8.909521
0.28	8.908092
0.3	8.907265
0.32	8.906394
0.34	8.905484
0.36	8.904535
0.38	8.903552
0.4	8.902534
0.42	8.901485
0.44	8.899301
0.46	8.89817
0.48	8.89702
0.5	8.894686
0.52	8.893782
0.54	8.89266
0.56	8.891448
0.58	8.890203
0.6	8.888249
0.62	8.886739
0.64	8.885283
0.66	8.882263
0.68	8.880725
0.7	8.879166
0.72	8.877587
0.74	8.875985
0.76	8.874375
0.78	8.87304
0.8	8.869885
0.82	8.867575
0.84	8.865681
0.86	8.86384
0.88	8.861942
0.9	8.860056
0.92	8.856228
0.94	8.854295
0.96	8.852633
0.98	8.85079
1	8.848885
1.02	8.846231
1.04	8.841829
1.06	8.839665
1.08	8.837493
1.1	8.922134
1.12	8.831527
1.14	8.837935
1.16	8.929946
1.18	8.850025
1.2	8.922215
1.22	8.842435
1.24	8.916022
1.26	8.910384
1.28	8.832465
1.3	8.845201
1.32	8.886086
1.34	8.872808
1.36	8.849463
1.38	8.866098
1.4	8.844056
1.42	8.838031
1.44	8.853671
1.46	8.815097
1.48	8.862135
1.5	8.82842
1.52	8.877747
1.54	8.847625
1.56	8.839136
1.58	8.797516
1.6	8.840238
1.62	8.80403
1.64	8.780297
1.66	8.773738
1.68	8.890855
1.7	8.88961
1.72	8.761047
1.74	8.755288
1.76	8.75192
1.78	8.864273
1.8	8.754165
1.82	8.805287
1.84	8.810658
1.86	8.730259
1.88	8.730666
1.9	8.738027
1.92	8.73415
1.94	8.784968
1.96	8.779536
1.98	8.776022
2	8.772841
2.02	8.769794
2.04	8.766434
2.06	8.668979
2.08	8.672976
2.1	8.657315
2.12	8.652383
2.14	8.649398
2.16	8.754853
2.18	8.651314
2.2	8.658654
2.22	8.639194
2.24	8.633608
2.26	8.736028
2.28	8.63475
2.3	8.738922
2.32	8.734282
2.34	8.7281
2.36	8.72525
2.38	8.656857
2.4	8.719701
2.42	8.661373
2.44	8.647907
2.46	8.643417
2.48	8.702071
2.5	8.700003
2.52	8.697302
2.54	8.693985
2.56	8.617856
2.58	8.582941
2.6	8.625155
2.62	8.655047
2.64	8.611381
2.66	8.600542
2.68	8.596541
2.7	8.615589
2.72	8.588144
2.74	8.601853
2.76	8.638707
2.78	8.618038
2.8	8.610241
2.82	8.602405
2.84	8.610784
2.86	8.59852
2.88	8.593323
2.9	8.582482
2.92	8.584047
2.94	8.578505
2.96	8.585814
2.98	8.574609
3	8.570434
3.02	8.523273
3.04	8.513188
3.06	8.506754
3.08	8.553257
3.1	8.506489
3.12	8.499376
3.14	8.496148
3.16	8.493603
3.18	8.491272
3.2	8.464052
3.22	8.568086
3.24	8.478051
3.26	8.517966
3.28	8.488614
3.3	8.480846
3.32	8.477541
3.34	8.458167
3.36	8.495134
3.38	8.472413
3.4	8.466367
3.42	8.463454
3.44	8.514837
3.46	8.552726
3.48	8.592392
3.5	8.633282
3.52	8.662971
3.54	8.646109
3.56	8.640789
3.58	8.599441
3.6	8.586015
3.62	8.578587
3.64	8.573401
3.66	8.553836
3.68	8.568682
3.7	8.569755
3.72	8.508096
3.74	8.47466
3.76	8.513016
3.78	8.484056
3.8	8.496376
3.82	8.534337
3.84	8.49259
3.86	8.479446
3.88	8.475594
3.9	8.4448
3.92	8.469053
3.94	8.427455
3.96	8.460124
3.98	8.453251
4	8.409244
4.02	8.447373
4.04	8.404054
4.06	8.412057
4.08	8.435884
4.1	8.432113
4.12	8.429629
4.14	8.426641
4.16	8.356273
4.18	8.393079
4.2	8.362453
4.22	8.437837
4.24	8.419559
4.26	8.411834
4.28	8.408742
4.3	8.393215
4.32	8.400567
4.34	8.386612
4.36	8.385497
4.38	8.39022
4.4	8.38802
4.42	8.385913
4.44	8.383586
4.46	8.317427
4.48	8.351699
4.5	8.340509
4.52	8.338385
4.54	8.335747
4.56	8.338362
4.58	8.335462
4.6	8.356405
4.62	8.345237
4.64	8.354214
4.66	8.345432
4.68	8.342603
4.7	8.338964
4.72	8.330576
4.74	8.337664
4.76	8.323548
4.78	8.344685
4.8	8.335667
4.82	8.356436
4.84	8.349607
4.86	8.364548
4.88	8.383263
4.9	8.343335
4.92	8.330669
4.94	8.344864
4.96	8.33805
4.98	8.319449
5	8.298285
5.02	8.296999
5.04	8.294095
5.06	8.292336
5.08	8.290639
5.1	8.260745
5.12	8.156437
5.14	8.179235
5.16	8.183016
5.18	8.183161
5.2	8.182735
5.22	8.182247
5.24	8.18195
5.26	8.181733
5.28	8.181971
5.3	8.182281
5.32	8.18283
5.34	8.183459
5.36	8.184334
5.38	8.18658
5.4	8.187913
5.42	8.189505
5.44	8.19122
5.46	8.1932
5.48	8.197597
5.5	8.200058
5.52	8.202796
5.54	8.205616
5.56	8.208722
5.58	8.211957
5.6	8.215364
5.62	8.218494
5.64	8.21683
5.66	8.214893
5.68	8.212942
5.7	8.21101
5.72	8.209009
5.74	8.207071
5.76	8.203078
5.78	8.201168
5.8	8.199167
5.82	8.197271
5.84	8.195232
5.86	8.193317
5.88	8.191453
5.9	8.187638
5.92	8.185632
5.94	8.183768
5.96	8.180038
5.98	8.178254
6	8.176297
6.02	8.174494
6.04	8.172748
6.06	8.170886
6.08	8.169167
6.1	8.167268
6.12	8.163852
6.14	8.162055
6.16	8.160405
6.18	8.158572
6.2	8.156905
6.22	8.153573
6.24	8.151997
6.26	8.150233
6.28	8.148642
6.3	8.147111
6.32	8.145458
6.34	8.143957
6.36	8.142268
6.38	8.139301
6.4	8.137725
6.42	8.136109
6.44	8.134647
6.46	8.133249
6.48	8.131732
6.5	8.130176
6.52	8.127425
6.54	8.125965
6.56	8.124465
6.58	8.123116
6.6	8.121706
6.62	8.118978
6.64	8.117686
6.66	8.116337
6.68	8.115108
6.7	8.113729
6.72	8.1125
6.74	8.11005
6.76	8.108733
6.78	8.107573
6.8	8.106352
6.82	8.105257
6.84	8.102918
6.86	8.101767
6.88	8.100746
6.9	8.099566
6.92	8.098552
6.94	8.097474
6.96	8.096531
6.98	8.094489
7	8.093491
7.02	8.092628
7.04	8.091599
7.06	8.090747
7.08	8.08905
7.1	8.088104
7.12	8.087337
7.14	8.086503
7.16	8.085813
7.18	8.084951
7.2	8.083529
7.22	8.082929
7.24	8.082156
7.26	8.081571
7.28	8.080917
7.3	8.080411
7.32	8.07973
7.34	8.078681
7.36	8.078272
7.38	8.077684
7.4	8.077292
7.42	8.07683
7.44	8.07652
7.46	8.07603
7.48	8.075377
7.5	8.075168
7.52	8.074778
7.54	8.074588
7.56	8.074328
7.58	8.074224
7.6	8.073852
7.62	8.073696
7.64	8.073697
7.66	8.073514
7.68	8.073537
7.7	8.073598
7.72	8.07352
7.74	8.073653
7.76	8.073712
7.78	8.073932
7.8	8.074205
7.82	8.074375
7.84	8.074706
7.86	8.074846
7.88	8.075203
7.9	8.075928
7.92	8.07618
7.94	8.076651
7.96	8.077045
7.98	8.077968
8	8.078554
8.02	8.079064
8.04	8.079737
8.06	8.080216
8.08	8.080919
8.1	8.081545
8.12	8.08293
8.14	8.08375
8.16	8.084493
8.18	8.085401
8.2	8.086111
8.22	8.08705
8.24	8.088937
8.26	8.089767
8.28	8.090825
8.3	8.091805
8.32	8.09295
8.34	8.093898
8.36	8.096177
8.38	8.097442
8.4	8.098509
8.42	8.099808
8.44	8.101028
8.46	8.102413
8.48	8.103601
8.5	8.105021
8.52	8.107869
8.54	8.109176
8.56	8.110719
8.58	8.112182
8.6	8.11381
8.62	8.115237
8.64	8.118487
8.66	8.120236
8.68	8.121786
8.7	8.123574
8.72	8.125281
8.74	8.127151
8.76	8.130733
8.78	8.132563
8.8	8.134556
8.82	8.136349
8.84	8.138383
8.86	8.140334
8.88	8.144364
8.9	8.146521
8.92	8.148596
8.94	8.150832
8.96	8.152869
8.98	8.155149
9	8.159705
9.02	8.161864
9.04	8.164267
9.06	8.166587
9.08	8.169067
9.1	8.171349
9.12	8.173874
9.14	8.176316
9.16	8.181323
9.18	8.18397
9.2	8.186535
9.22	8.18926
9.24	8.191785
9.26	8.194555
9.28	8.197243
9.3	8.202734
9.32	8.205626
9.34	8.208436
9.36	8.211402
9.38	8.21417
9.4	8.217185
9.42	8.220116
9.44	8.226092
9.46	8.229229
9.48	8.232281
9.5	8.235488
9.52	8.238499
9.54	8.241755
9.56	8.248256
9.58	8.251386
9.6	8.254764
9.62	8.258058
9.64	8.261504
9.66	8.268252
9.68	8.271667
9.7	8.275232
9.72	8.278602
9.74	8.28222
9.76	8.285753
9.78	8.292927
9.8	8.296663
9.82	8.300316
9.84	8.304118
9.86	8.307726
9.88	8.311582
9.9	8.319272
9.92	8.322997
9.94	8.326971
9.96	8.33086
9.98	8.334896
10	8.338739
10.02	8.342831
10.04	8.346836
10.06	8.354949
10.08	8.359157
10.1	8.363279
10.12	8.367548
10.14	8.371624
10.16	8.375948
10.18	8.380187
10.2	8.38457
10.22	8.393201
10.24	8.397555
10.26	8.402053
10.28	8.40636
10.3	8.415383
10.32	8.419993
10.34	8.424415
10.36	8.429083
10.38	8.433665
10.4	8.438389
10.42	8.442924
10.44	8.447705
10.46	8.457094
10.48	8.462001
10.5	8.466836
10.52	8.471671
10.54	8.476707
10.56	8.486646
10.58	8.491812
10.6	8.496914
10.62	8.502018
10.64	8.507318
10.66	8.512551
10.68	8.517789
10.7	8.528588
10.72	8.533958
10.74	8.539527
10.76	8.545027
10.78	8.55053
10.8	8.556233
10.82	8.561867
10.84	8.567504
10.86	8.579111
10.88	8.584882
10.9	8.590858
10.92	8.596761
10.94	8.602666
10.96	8.608778
10.98	8.620856
11	8.627106
11.02	8.633278
11.04	8.639453
11.06	8.64584
11.08	8.652148
11.1	8.664983
11.12	8.671426
11.14	8.677873
11.16	8.684534
11.18	8.697695
11.2	8.704494
11.22	8.711208
11.24	8.717926
11.26	8.724862
11.28	8.731712
11.3	8.738564
11.32	8.752625
11.34	8.759612
11.36	8.766823
11.38	8.773945
11.4	8.781067
11.42	8.795671
11.44	8.802929
11.46	8.810412
11.48	8.817805
11.5	8.825197
11.52	8.840343
11.54	8.847871
11.56	8.855627
11.58	8.863288
11.6	8.878839
11.62	8.886634
11.64	8.894428
11.66	8.902453
11.68	8.910381
11.7	8.918309
11.72	8.92647
11.74	8.934529
11.76	8.94259
11.78	8.959076
11.8	8.967268
11.82	8.975695
11.84	8.984018
11.86	8.992342
11.88	9.000901
11.9	9.009356
11.92	9.026501
11.94	9.035086
11.96	9.04367
11.98	9.05249
12	9.061205
12.02	9.06992
12.04	9.07887
12.06	9.096556
12.08	9.105636
12.1	9.114607
12.12	9.123577
12.14	9.132785
12.16	9.141884
12.18	9.160316
12.2	9.16954
12.22	9.178764
12.24	9.188227
12.26	9.197576
12.28	9.216513
12.3	9.225986
12.32	9.235458
12.34	9.245171
12.36	9.254768
12.38	9.264363
12.4	9.28392
12.42	9.293638
12.44	9.303597
12.46	9.313437
12.48	9.323277
12.5	9.333358
12.52	9.353279
12.54	9.363481
12.56	9.373561
12.58	9.38364
12.6	9.39396
12.62	9.40416
12.64	9.414358
12.66	9.424797
12.68	9.445428
12.7	9.455984
12.72	9.466417
12.74	9.476849
12.76	9.48752
12.78	9.498069
12.8	9.519403
12.82	9.530065
12.84	9.540726
12.86	9.551627
12.88	9.573176
12.9	9.58419
12.92	9.595078
12.94	9.605964
12.96	9.617089
12.98	9.628087
13	9.639084
13.02	9.661428
13.04	9.672536
13.06	9.683882
13.08	9.695098
13.1	9.706313
13.12	9.717767
13.14	9.729091
13.16	9.751975
13.18	9.763406
13.2	9.774835
13.22	9.786502
13.24	9.798038
13.26	9.809573
13.28	9.821345
13.3	9.832985
13.32	9.8565
13.34	9.868243
13.36	9.879984
13.38	9.903808
13.4	9.915651
13.42	9.927732
13.44	9.939678
13.46	9.951622
13.48	9.963802
13.5	9.975847
13.52	9.987891
13.54	10.01231
13.56	10.02446
13.58	10.03683
13.6	10.04908
13.62	10.07379
13.64	10.08613
13.66	10.09846
13.68	10.11103
13.7	10.12347
13.72	10.1359
13.74	10.14856
13.76	10.16109
13.78	10.18637
13.8	10.19899
13.82	10.21161
13.84	10.22446
13.86	10.23717
13.88	10.26283
13.9	10.27563
13.92	10.28843
13.94	10.30146
13.96	10.31435
13.98	10.34036
14	10.35334
14.02	10.36632
14.04	10.37953
14.06	10.3926
14.08	10.40567
14.1	10.41896
14.12	10.44527
14.14	10.45865
14.16	10.47189
14.18	10.48513
14.2	10.4986
14.22	10.51192
14.24	10.52525
14.26	10.5522
14.28	10.56561
14.3	10.57924
14.32	10.59273
14.34	10.60622
14.36	10.61994
14.38	10.63351
14.4	10.66087
14.42	10.67452
14.44	10.68817
14.46	10.70205
14.48	10.71578
14.5	10.72951
14.52	10.75727
14.54	10.77108
14.56	10.78511
14.58	10.799
14.6	10.82699
14.62	10.84095
14.64	10.85491
14.66	10.8691
14.68	10.88313
14.7	10.89717
14.72	10.91143
14.74	10.92554
14.76	10.95399
14.78	10.96817
14.8	10.98236
14.82	11.01102
14.84	11.02528
14.86	11.03975
14.88	11.05408
14.9	11.06841
14.92	11.08296
14.94	11.09736
14.96	11.11176
14.98	11.14085
15	11.15532
15.02	11.17001
15.04	11.18454
15.06	11.21384
15.08	11.22845
15.1	11.24306
15.12	11.25788
15.14	11.27255
15.16	11.28723
15.18	11.30212
15.2	11.31686
15.22	11.34655
15.24	11.36136
15.26	11.37617
15.28	11.39119
15.3	11.40606
15.32	11.42093
15.34	11.43601
15.36	11.45095
15.38	11.48103
15.4	11.49603
15.42	11.51103
15.44	11.52623
15.46	11.54129
15.48	11.57162
15.5	11.58675
15.52	11.60187
15.54	11.6172
15.56	11.63238
15.58	11.64757
15.6	11.6782
15.62	11.69344
15.64	11.70889
15.66	11.72419
15.68	11.72532
15.7	11.71953
15.72	11.65548
15.74	11.6637
15.76	11.67654
15.78	11.68525
15.8	11.68133
15.82	11.66861
15.84	11.6623
15.86	11.65623
15.88	11.65044
15.9	11.64493
15.92	11.63969
15.94	11.63473
15.96	11.63003
15.98	11.62561
16	11.6176
16.02	11.61364
16.04	11.6093
16.06	11.60492
16.08	11.60054
16.1	11.59623
16.12	11.58788
16.14	11.58383
16.16	11.57994
16.18	11.57608
16.2	11.57228
16.22	11.56849
16.24	11.56472
16.26	11.55751
16.28	11.55411
16.3	11.55071
16.32	11.5474
16.34	11.54407
16.36	11.54085
16.38	11.53466
16.4	11.53167
16.42	11.52876
16.44	11.52603
16.46	11.52055
16.48	11.51792
16.5	11.51535
16.52	11.51285
16.54	11.51045
16.56	11.50811
16.58	11.50584
16.6	11.50364
16.62	11.49956
16.64	11.4976
16.66	11.49569
16.68	11.49385
16.7	11.49036
16.72	11.48872
16.74	11.48714
16.76	11.48567
16.78	11.48425
16.8	11.48289
16.82	11.48039
16.84	11.47925
16.86	11.47817
16.88	11.47716
16.9	11.47537
16.92	11.47466
16.94	11.47396
16.96	11.4733
16.98	11.47271
17	11.47217
17.02	11.4717
17.04	11.4713
17.06	11.45486
17.08	11.46989
17.1	11.47109
17.12	11.47062
17.14	11.44708
17.16	11.46235
17.18	11.46089
17.2	11.45914
17.22	11.45755
17.24	11.45511
17.26	11.45432
17.28	11.45352
17.3	11.45351
17.32	11.45377
17.34	11.45512
17.36	11.45621
17.38	11.45756
17.4	11.46105
17.42	11.46319
17.44	11.46558
17.46	11.46828
17.48	11.47124
17.5	11.47795
17.52	11.48169
17.54	11.4857
17.56	11.49001
17.58	11.49458
17.6	11.49941
17.62	11.50986
17.64	11.5155
17.66	11.52139
17.68	11.52756
17.7	11.534
17.72	11.5407
17.74	11.54767
17.76	11.5624
17.78	11.56665
17.8	11.56877
17.82	11.57057
17.84	11.5723
17.86	11.57409
17.88	11.57594
17.9	11.57977
17.92	11.58175
17.94	11.58375
17.96	11.5858
17.98	11.58789
18	11.59209
18.02	11.59425
18.04	11.59646
18.06	11.59871
18.08	11.60107
18.1	11.60583
18.12	11.60823
18.14	11.6107
18.16	11.61313
18.18	11.61822
18.2	11.62082
18.22	11.62346
18.24	11.62611
18.26	11.62891
18.28	11.6317
18.3	11.63729
18.32	11.64014
18.34	11.64306
18.36	11.64601
18.38	11.64898
18.4	11.65199
18.42	11.65817
18.44	11.66131
18.46	11.66447
18.48	11.66768
18.5	11.67091
18.52	11.67422
18.54	11.67754
18.56	11.68089
18.58	11.68778
18.6	11.69129
18.62	11.69483
18.64	11.69836
18.66	11.70188
18.68	11.70548
18.7	11.7128
18.72	11.71662
18.74	11.72044
18.76	11.72421
18.78	11.72859
18.8	11.72775
18.82	11.72672
18.84	11.72577
18.86