0.02	8.676838
0.04	7.496884
0.06	7.491964
0.08	7.487741
0.1	7.483035
0.12	7.477625
0.14	7.471471
0.16	7.464568
0.18	7.45692
0.2	7.487384
0.22	7.516606
0.24	7.54434
0.26	7.570358
0.28	7.594436
0.3	7.734294
0.32	7.859443
0.34	7.99092
0.36	8.127884
0.38	8.269549
0.4	8.415174
0.42	8.564072
0.44	8.611076
0.46	8.616844
0.48	8.616522
0.5	8.359935
0.52	8.113391
0.54	7.878566
0.56	7.657297
0.58	7.302466
0.6	7.168533
0.62	7.028137
0.64	6.997645
0.66	6.971394
0.68	6.94488
0.7	6.917494
0.72	6.88914
0.74	6.829429
0.76	6.798068
0.78	6.765711
0.8	6.73235
0.82	6.697998
0.84	6.662646
0.86	6.626414
0.88	6.589312
0.9	6.551336
0.92	6.512504
0.94	6.472805
0.96	6.390855
0.98	6.348616
1	6.305528
1.02	6.261617
1.04	6.21687
1.06	6.171314
1.08	6.124937
1.1	6.029719
1.12	5.980978
1.14	5.931739
1.16	5.881846
1.18	5.83132
1.2	5.780176
1.22	5.676082
1.24	5.62316
1.26	5.569674
1.28	5.515641
1.3	5.461077
1.32	5.406052
1.34	5.350671
1.36	5.295353
1.38	5.348279
1.4	5.408064
1.42	5.34713
1.44	5.284646
1.46	5.220642
1.48	5.155163
1.5	5.088262
1.52	5.020001
1.54	4.950457
1.56	4.80788
1.58	4.735068
1.6	4.661411
1.62	4.587061
1.64	4.512191
1.66	4.436992
1.68	4.286503
1.7	4.211727
1.72	4.160628
1.74	4.201875
1.76	4.259734
1.78	4.332962
1.8	4.420241
1.82	4.631589
1.84	4.753045
1.86	4.883381
1.88	4.641111
1.9	4.769111
1.92	4.634483
1.94	4.499053
1.96	4.363173
1.98	4.227255
2	4.09177
2.02	3.957273
2.04	3.824404
2.06	3.566654
2.08	3.443637
2.1	3.241148
2.12	3.265291
2.14	3.275659
2.16	3.280862
2.18	3.20699
2.2	3.209912
2.22	3.168829
2.24	3.156049
2.26	3.392017
2.28	3.217407
2.3	3.36148
2.32	3.187411
2.34	3.331805
2.36	3.160161
2.38	3.136198
2.4	3.2767
2.42	3.134852
2.44	3.289737
2.46	3.222191
2.48	3.291737
2.5	3.226402
2.52	3.295147
2.54	3.232911
2.56	3.300345
2.58	3.257635
2.6	3.339067
2.62	3.302768
2.64	3.387237
2.66	3.400412
2.68	3.434772
2.7	3.450189
2.72	3.491328
2.74	3.513536
2.76	3.556451
2.78	3.581119
2.8	3.625553
2.82	3.65166
2.84	3.70038
2.86	3.748194
2.88	3.840622
2.9	3.885039
2.92	3.928156
2.94	3.969911
2.96	4.010257
2.98	4.057178
3	4.093728
3.02	4.130623
3.04	4.167505
3.06	4.204284
3.08	4.277341
3.1	4.313963
3.12	4.350231
3.14	4.386132
3.16	4.421649
3.18	4.456762
3.2	4.491452
3.22	4.559496
3.24	4.592815
3.26	4.625646
3.28	4.657994
3.3	4.689805
3.32	4.721106
3.34	4.751843
3.36	4.782047
3.38	4.811934
3.4	4.840988
3.42	4.869277
3.44	4.89685
3.46	4.94975
3.48	4.975059
3.5	4.999619
3.52	5.023388
3.54	5.046391
3.56	5.068587
3.58	5.090002
3.6	5.130397
3.62	5.149365
3.64	5.167527
3.66	5.397501
3.68	5.6525
3.7	5.987397
3.72	6.289744
3.74	6.296097
3.76	6.300006
3.78	6.301503
3.8	6.300626
3.82	6.297415
3.84	6.291916
3.86	6.284181
3.88	6.274264
3.9	6.262228
3.92	6.232073
3.94	6.214107
3.96	6.194327
3.98	6.172826
4	6.149704
4.02	6.12507
4.04	6.099039
4.06	6.071736
4.08	6.043295
4.1	6.013859
4.12	5.983581
4.14	5.486174
4.16	5.478461
4.18	5.469579
4.2	5.459291
4.22	5.447969
4.24	5.008561
4.26	4.664839
4.28	5.001523
4.3	5.110295
4.32	5.350515
4.34	5.479863
4.36	5.614121
4.38	5.75247
4.4	5.894184
4.42	6.0748
4.44	6.03836
4.46	5.999358
4.48	5.168191
4.5	5.154742
4.52	4.555727
4.54	5.251305
4.56	4.506139
4.58	5.197019
4.6	4.443321
4.62	4.41086
4.64	4.377443
4.66	4.343172
4.68	4.308052
4.7	4.272097
4.72	4.197657
4.74	4.159171
4.76	4.119847
4.78	4.080346
4.8	4.040042
4.82	3.999017
4.84	3.957301
4.86	3.91489
4.88	3.871796
4.9	3.783552
4.92	3.738409
4.94	3.692596
4.96	3.646109
4.98	3.598963
5	3.551152
5.02	3.50269
5.04	3.454025
5.06	3.404413
5.08	3.355566
5.1	3.255995
5.12	3.205524
5.14	3.154636
5.16	3.103347
5.18	3.051674
5.2	2.947256
5.22	2.894553
5.24	2.841554
5.26	2.789194
5.28	2.735535
5.3	2.684328
5.32	2.632573
5.34	2.580754
5.36	2.529008
5.38	2.477402
5.4	2.425992
5.42	2.374836
5.44	2.273553
5.46	2.668192
5.48	2.61831
5.5	2.566369
5.52	2.512359
5.54	2.456286
5.56	2.398168
5.58	2.33804
5.6	2.275956
5.62	2.211991
5.64	2.146246
5.66	2.078852
5.68	1.939828
5.7	1.868674
5.72	1.796844
5.74	1.724747
5.76	1.652895
5.78	1.641678
5.8	1.543391
5.82	2.048856
5.84	1.609076
5.86	1.627415
5.88	2.153699
5.9	1.64645
5.92	2.169216
5.94	1.675293
5.96	2.193326
5.98	1.715742
6	2.226463
6.02	2.268471
6.04	1.831989
6.06	2.327868
6.08	1.906165
6.1	2.387683
6.12	1.98819
6.14	2.457478
6.16	2.077439
6.18	2.533896
6.2	2.172647
6.22	2.616111
6.24	2.273037
6.26	2.381417
6.28	2.802636
6.3	2.49311
6.32	2.902972
6.34	2.607171
6.36	3.005984
6.38	2.723455
6.4	3.111655
6.42	2.841664
6.44	3.219722
6.46	2.963335
6.48	3.334302
6.5	3.448793
6.52	3.209243
6.54	3.563954
6.56	3.332608
6.58	3.679778
6.6	3.45605
6.62	3.797436
6.64	3.579315
6.66	3.913891
6.68	3.702289
6.7	3.763737
6.72	3.885733
6.74	3.946374
6.76	4.006778
6.78	4.066938
6.8	4.126851
6.82	4.186507
6.84	4.245653
6.86	4.304974
6.88	4.363841
6.9	4.422282
6.92	4.480301
6.94	4.537898
6.96	4.595071
6.98	4.70814
7	4.764033
7.02	4.819498
7.04	4.874533
7.06	4.92914
7.08	4.983198
7.1	5.03662
7.12	5.089807
7.14	5.142372
7.16	5.24578
7.18	5.296635
7.2	5.346928
7.22	5.396659
7.24	5.445832
7.26	5.494448
7.28	5.542509
7.3	5.590015
7.32	5.636971
7.34	5.729241
7.36	5.774559
7.38	5.819337
7.4	5.863577
7.42	5.907283
7.44	5.950387
7.46	5.992812
7.48	6.034581
7.5	6.075697
7.52	6.155996
7.54	6.195188
7.56	6.233745
7.58	6.271675
7.6	6.30898
7.62	6.345667
7.64	6.381739
7.66	6.417204
7.68	6.452064
7.7	6.486326
7.72	6.553078
7.74	6.585578
7.76	6.617504
7.78	6.648859
7.8	6.709888
7.82	6.739575
7.84	6.768715
7.86	6.797322
7.88	6.825301
7.9	6.852784
7.92	6.879696
7.94	6.906103
7.96	6.932011
7.98	6.957422
8	6.982349
8.02	7.006795
8.04	7.054285
8.06	7.077346
8.08	7.099959
8.1	7.122139
8.12	7.143888
8.14	7.165223
8.16	7.186145
8.18	7.206671
8.2	7.226804
8.22	7.246562
8.24	7.265946
8.26	7.284975
8.28	7.321993
8.3	7.340004
8.32	7.357704
8.34	7.375094
8.36	7.392197
8.38	7.409013
8.4	7.425565
8.42	7.441854
8.44	7.457903
8.46	7.489314
8.48	7.504705
8.5	7.519904
8.52	7.534923
8.54	7.549776
8.56	7.564477
8.58	7.57904
8.6	7.593479
8.62	7.607809
8.64	7.622045
8.66	7.636202
8.68	7.664338
8.7	7.678349
8.72	7.692341
8.74	7.706334
8.76	7.720533
8.78	7.734857
8.8	7.74932
8.82	7.763937
8.84	7.778724
8.86	7.793694
8.88	7.808862
8.9	7.83985
8.92	7.8557
8.94	7.894528
8.96	7.933197
8.98	7.97155
9	8.009439
9.02	8.02885
9.04	8.04774
9.06	8.066112
9.08	8.097224
9.1	8.110624
9.12	8.124253
9.14	8.138194
9.16	8.157661
9.18	8.181055
9.2	8.213376
9.22	8.246067
9.24	8.27908
9.26	8.312377
9.28	8.345921
9.3	8.379683
9.32	8.413644
9.34	8.447783
9.36	8.516565
9.38	8.528305
9.4	8.541075
9.42	8.555016
9.44	8.570274
9.46	8.586999
9.48	8.605342
9.5	8.631735
9.52	8.658634
9.54	8.687524
9.56	8.715448
9.58	8.748499
9.6	8.775716
9.62	8.849768
9.64	8.863937
9.66	8.939523
9.68	8.952497
9.7	8.973204
9.72	8.931432
9.74	8.942774
9.76	8.932223
9.78	8.919803
9.8	8.905396
9.82	8.888884
9.84	8.870159
9.86	8.849115
9.88	8.808071
9.9	8.825717
9.92	8.824027
9.94	8.880451
9.96	8.881413
9.98	8.953371
10	8.955955
10.02	9.042035
10.04	9.144091
10.06	9.147092
10.08	9.257308
10.1	9.301151
10.12	9.345521
10.14	9.461691
10.16	9.507636
10.18	9.582014
10.2	9.628501
10.22	9.705067
10.24	9.751481
10.26	9.82958
10.28	9.776302
10.3	9.667244
10.32	9.611781
10.34	9.555923
10.36	9.499851
10.38	9.443756
10.4	9.38784
10.42	9.332312
10.44	9.277392
10.46	9.02438
10.48	8.647009
10.5	8.531105
10.52	8.507561
10.54	8.507905
10.56	8.50981
10.58	8.518568
10.6	8.523509
10.62	8.522693
10.64	8.536092
10.66	8.539842
10.68	8.542102
10.7	8.541439
10.72	8.53818
10.74	8.532757
10.76	8.525022
10.78	8.514832
10.8	8.502053
10.82	8.606593
10.84	8.599704
10.86	8.726125
10.88	8.72036
10.9	8.866611
10.92	8.86102
10.94	9.025084
10.96	9.19875
10.98	9.191035
11	9.194603
11.02	9.197144
11.04	9.126234
11.06	9.127148
11.08	9.054681
11.1	9.054413
11.12	8.979903
11.14	8.905771
11.16	8.904693
11.18	8.905627
11.2	8.908476
11.22	8.913649
11.24	8.921557
11.26	8.932619
11.28	8.947245
11.3	8.965845
11.32	8.988821
11.34	8.981564
11.36	8.976576
11.38	8.974058
11.4	8.98875
11.42	9.018208
11.44	9.032251
11.46	9.046051
11.48	9.059602
11.5	9.072719
11.52	9.086166
11.54	9.099644
11.56	9.113261
11.58	9.126863
11.6	9.140583
11.62	9.154279
11.64	9.168077
11.66	9.181845
11.68	9.209523
11.7	9.22342
11.72	9.237275
11.74	9.251194
11.76	9.265066
11.78	9.27924
11.8	9.293194
11.82	9.307061
11.84	9.335108
11.86	9.348938
11.88	9.362988
11.9	9.376842
11.92	9.390608
11.94	9.404905
11.96	9.419356
11.98	9.433039
12	9.459936
12.02	9.473039
12.04	9.484991
12.06	9.493383
12.08	9.500578
12.1	9.507463
12.12	9.514059
12.14	9.52653
12.16	9.532411
12.18	9.538022
12.2	9.54341
12.22	9.548516
12.24	9.553398
12.26	9.558043
12.28	9.562407
12.3	9.56654
12.32	9.5773
12.34	9.584403
12.36	9.591482
12.38	9.598328
12.4	9.604738
12.42	9.610521
12.44	9.615501
12.46	9.677527
12.48	9.747725
12.5	9.517678
12.52	9.577542
12.54	9.494567
12.56	9.547771
12.58	9.467325
12.6	9.51335
12.62	9.436462
12.64	9.50017
12.66	9.40257
12.68	9.46072
12.7	9.418766
12.72	9.328479
12.74	9.375099
12.76	9.289895
12.78	9.330603
12.8	9.262163
12.82	9.163787
12.84	9.24279
12.86	9.142705
12.88	9.219939
12.9	9.118588
12.92	9.092264
12.94	9.078331
12.96	9.063802
12.98	9.049012
13	9.033672
13.02	9.017842
13.04	9.001505
13.06	8.984613
13.08	8.949362
13.1	8.930928
13.12	8.912018
13.14	8.892607
13.16	8.872638
13.18	8.852198
13.2	8.831261
13.22	8.809765
13.24	8.787804
13.26	8.76535
13.28	8.718876
13.3	8.694905
13.32	8.670443
13.34	8.645473
13.36	8.620014
13.38	8.59405
13.4	8.567599
13.42	8.540645
13.44	8.513207
13.46	8.485269
13.48	8.427934
13.5	8.39854
13.52	8.368651
13.54	8.338289
13.56	8.307434
13.58	8.276112
13.6	8.244298
13.62	8.212512
13.64	8.180263
13.66	8.147614
13.68	8.114552
13.7	8.081106
13.72	8.047248
13.74	7.978303
13.76	7.943321
13.78	7.907946
13.8	7.872198
13.82	7.836049
13.84	7.799529
13.86	7.76261
13.88	7.725325
13.9	7.687644
13.92	7.6496
13.94	7.611163
13.96	7.533185
13.98	7.493647
14	7.453725
14.02	7.41407
14.04	7.37403
14.06	7.333697
14.08	7.293048
14.1	7.252125
14.12	7.210891
14.14	7.169385
14.16	7.127572
14.18	7.043104
14.2	7.000453
14.22	6.9575
14.24	6.914287
14.26	6.870776
14.28	6.827007
14.3	6.738649
14.32	6.694064
14.34	6.650029
14.36	6.605515
14.38	6.560897
14.4	6.516094
14.42	6.471089
14.44	6.425881
14.46	6.380471
14.48	6.334859
14.5	6.289046
14.52	6.196825
14.54	6.150419
14.56	6.103819
14.58	6.057026
14.6	6.010042
14.62	5.962868
14.64	5.915507
14.66	5.867961
14.68	5.820666
14.7	5.773385
14.72	5.726084
14.74	5.631132
14.76	5.583461
14.78	5.53566
14.8	5.487728
14.82	5.439667
14.84	5.391479
14.86	5.343163
14.88	5.294722
14.9	5.246156
14.92	5.148657
14.94	5.099728
14.96	5.05068
14.98	5.001517
15	4.95224
15.02	4.902851
15.04	4.853354
15.06	4.756337
15.08	4.707306
15.1	4.658655
15.12	4.6098
15.14	4.560885
15.16	4.511592
15.18	4.462589
15.2	4.413231
15.22	4.363726
15.24	4.314216
15.26	4.264651
15.28	4.165335
15.3	4.115586
15.32	4.065781
15.34	4.015922
15.36	3.966012
15.38	3.916057
15.4	3.866059
15.42	3.816025
15.44	3.765957
15.46	3.716804
15.48	3.618245
15.5	3.568935
15.52	3.519619
15.54	3.470302
15.56	3.420988
15.58	3.371682
15.6	3.322392
15.62	3.273124
15.64	3.223884
15.66	3.125541
15.68	3.076221
15.7	3.02718
15.72	2.978087
15.74	2.929216
15.76	2.88045
15.78	2.831803
15.8	2.78329
15.82	2.788289
15.84	2.776941
15.86	2.736451
15.88	2.730582
15.9	2.720624
15.92	2.701934
15.94	2.662816
15.96	2.618061
15.98	2.579803
16	2.57258
16.02	2.535062
16.04	2.438355
16.06	2.434973
16.08	2.399563
16.1	2.357859
16.12	2.315435
16.14	2.273468
16.16	2.232228
16.18	2.191805
16.2	2.152252
16.22	2.07584
16.24	2.039185
16.26	2.0036
16.28	1.969138
16.3	1.935856
16.32	1.87307
16.34	1.84369
16.36	1.815735
16.38	1.789271
16.4	1.764361
16.42	1.741071
16.44	1.719464
16.46	1.699602
16.48	1.681545
16.5	1.665351
16.52	1.651072
16.54	1.638756
16.56	1.620184
16.58	1.613995
16.6	1.609904
16.62	1.607926
16.64	1.608068
16.66	1.61033
16.68	1.614702
16.7	1.621168
16.72	1.629702
16.74	1.640273
16.76	1.667363
16.78	1.683789
16.8	1.702063
16.82	1.722129
16.84	1.743926
16.86	1.76739
16.88	1.792459
16.9	1.819066
16.92	1.847148
16.94	1.87664
16.96	1.907477
16.98	1.939599
17	2.007453
17.02	2.04307
17.04	2.07974
17.06	2.11741
17.08	2.156032
17.1	2.195556
17.12	2.277136
17.14	2.319107
17.16	2.361814
17.18	2.40522
17.2	2.449291
17.22	2.493995
17.24	2.539301
17.26	2.585181
17.28	2.678554
17.3	2.725999
17.32	2.77392
17.34	2.822294
17.36	2.871103
17.38	2.920327
17.4	2.96995
17.42	3.019956
17.44	3.070328
17.46	3.172229
17.48	3.223615
17.5	3.27532
17.52	3.327329
17.54	3.37963
17.56	3.432214
17.58	3.485072
17.6	3.538194
17.62	3.591573
17.64	3.645201
17.66	3.708317
17.68	3.759956
17.7	3.810392
17.72	3.859643
17.74	3.907739
17.76	3.954715
17.78	4.000618
17.8	4.045503
17.82	4.089433
17.84	4.137217
17.86	4.235567
17.88	4.285174
17.9	4.334793
17.92	4.384522
17.94	4.434683
17.96	4.485069
17.98	4.535507
18	4.586239
18.02	4.637075
18.04	4.688012
18.06	4.738865
18.08	4.789863
18.1	4.841035
18.12	4.943744
18.14	4.995199
18.16	5.046747
18.18	5.098383
18.2	5.150106
18.22	5.202004
18.24	5.253978
18.26	5.306024
18.28	5.35814
18.3	5.410324
18.32	5.462574
18.34	5.514842
18.36	5.567179
18.38	5.672061
18.4	5.724602
18.42	5.777204
18.44	5.829871
18.46	5.882601
18.48	5.935392
18.5	5.988243
18.52	6.041085
18.54	6.093969
18.56	6.146992
18.58	6.200071
18.6	6.306489
18.62	6.359728
18.64	6.41312
18.66	6.46646
18.68	6.520299
18.7	6.574104
18.72	6.627927
18.74	6.681785
18.76	6.735678
18.78	6.789605
18.8	6.897558
18.82	6.951579
18.84	7.005629
18.86	7.059705
18.88	7.113671
18.9	7.167465
18.92	7.220873
18.94	7.274372
18.96	7.327985
18.98	7.435303
19	7.488989
19.02	7.54269
19.04	7.596404
19.06	7.650131
19.08	7.70387
19.1	7.757619
19.12	7.811378
19.14	7.865145
19.16	7.91892
19.18	8.02649
19.2	8.080282
19.22	8.134079
19.24	8.18788
19.26	8.241683
19.28	8.295488
19.3	8.349529
19.32	8.40354
19.34	8.457526
19.36	8.511491
19.38	8.565431
19.4	8.619346
19.42	8.617289
19.44	8.611545
19.46	8.60782
19.48	8.60352
19.5	8.598651
19.52	8.593656
19.54	8.594621
19.56	8.690982
19.58	8.792153
19.6	8.893801
19.62	9.006757
19.64	9.132465
19.66	9.42007
19.68	9.580326
19.7	9.61838
19.72	9.742391
19.74	9.753076
19.76	9.879483
19.78	9.887236
19.8	10.01538
19.82	9.839895
19.84	9.964062
19.86	9.90708
19.88	9.728564
19.9	9.450736
19.92	9.205045
19.94	8.995084
19.96	8.824375
19.98	8.696206
20	8.617579
20.02	8.65238
20.04	8.66057
20.06	8.662148
20.08	8.662555
20.1	8.663449
20.12	8.664216
20.14	8.66523
20.16	8.666438
20.18	8.667898
20.2	8.669603
20.22	8.671555
20.24	8.673703
20.26	8.676099
20.28	8.678736
20.3	8.684647
20.32	8.687963
20.34	8.691516
20.36	8.695271
20.38	8.699265
20.4	8.703495
20.42	8.707958
20.44	8.712614
20.46	8.717505
20.48	8.719847
20.5	8.722043
20.52	8.723102
20.54	8.724024
20.56	8.724873
20.58	8.725663
20.6	8.7264
20.62	8.727082
20.64	8.72771
20.66	8.728312
20.68	8.729305
20.7	8.729731
20.72	8.73009
20.74	8.730394
20.76	8.730642
20.78	8.730833
20.8	8.730967
20.82	9.080152
20.84	9.585041
20.86	9.577738
20.88	9.570248
20.9	9.561569
20.92	9.540079
20.94	9.527267
20.96	9.513115
20.98	9.497654
21	9.480922
21.02	9.462959
21.04	9.443813
21.06	9.402168
21.08	9.379781
21.1	9.35643
21.12	9.299489
21.14	9.240891
21.16	8.924204
21.18	8.675762
21.2	8.505754
21.22	8.53737
21.24	8.532698
21.26	8.52661
21.28	8.520358
21.3	8.514186
21.32	8.508137
21.34	8.502231
21.36	8.490843
21.38	8.485369
21.4	8.480036
21.42	8.474852
21.44	8.469986
21.46	8.465221
21.48	8.460622
21.5	8.456193
21.52	8.447882
21.54	8.44399
21.56	8.440282
21.58	8.436757
21.6	8.43341
21.62	8.430248
21.64	8.427263
21.66	8.424466
21.68	8.421854
21.7	8.41942
21.72	8.417176
21.74	8.415112
21.76	8.411551
21.78	8.410047
21.8	8.408733
21.82	8.407602
21.84	8.406665
21.86	8.40592
21.88	8.405357
21.9	8.40499
21.92	8.404808
21.94	8.404822
21.96	8.405033
21.98	8.405429
22	8.406016
22.02	8.406804
22.04	8.408961
22.06	8.41033
22.08	8.411901
22.1	8.413665
22.12	8.415632
22.14	8.417792
22.16	8.420156
22.18	8.577773
22.2	8.53619
22.22	8.619849
22.24	8.637654
22.26	8.655354
22.28	8.672872
22.3	8.690138
22.32	8.687909
22.34	8.685368
22.36	8.679564
22.38	8.676428
22.4	8.673227
22.42	8.670037
22.44	8.666939
22.46	8.664021
22.48	8.661373
22.5	8.652219
22.52	8.514028
22.54	8.555301
22.56	8.567363
22.58	8.567901
22.6	8.568344
22.62	8.568991
22.64	8.569878
22.66	8.571034
22.68	8.57245
22.7	8.574137
22.72	8.576079
22.74	8.578293
22.76	8.580765
22.78	8.583509
22.8	8.586507
22.82	8.592735
22.84	8.592786
22.86	8.592245
22.88	8.591614
22.9	8.59101
22.92	8.590364
22.94	8.588998
22.96	8.588367
22.98	8.587816
23	8.587202
23.02	8.586614
23.04	8.586048
23.06	8.585493
23.08	8.58451
23.1	8.584067
23.12	8.583547
23.14	8.582971
23.16	8.582468
23.18	8.581989
23.2	8.581586
23.22	8.580678
23.24	8.580258
23.26	8.579845
23.28	8.579446
23.3	8.579138
23.32	8.578827
23.34	8.578446
23.36	8.578012
23.38	8.577647
23.4	8.5773
23.42	8.577026
23.44	8.57639
23.46	8.576098
23.48	8.575843
23.5	8.575606
23.52	8.575303
23.54	8.575054
23.56	8.574841
23.58	8.574641
23.6	8.574373
23.62	8.574147
23.64	8.573938
23.66	8.573754
23.68	8.573567
23.7	8.573384
23.72	8.573054
23.74	8.572902
23.76	8.57275
23.78	8.572694
23.8	8.572665
23.82	8.572566
23.84	8.572433
23.86	8.572365
23.88	8.572313
23.9	8.57227
23.92	8.572247
23.94	8.572199
23.96	8.572179
23.98	8.572239
24	8.572316
24.02	8.572406
24.04	8.572354
24.06	8.572186
24.08	8.572179
24.1	8.572176
24.12	8.57218
24.14	8.572184
24.16	8.572254
24.18	8.572283
24.2	8.572303
24.22	8.572322
24.24	8.572342
24.26	8.572381
24.28	8.572418
24.3	8.572443
24.32	8.572464
24.34	8.572488
24.36	8.572508
24.38	8.572528
24.4	8.572546
24.42	8.572563
24.44	8.572579
24.46	8.572594
24.48	8.572715
24.5	8.572736
24.52	8.572754
24.54	8.572769
24.56	8.572782
24.58	8.572792
24.6	8.715579
24.62	8.487578
24.64	8.735161
24.66	8.727859
24.68	8.717944
24.7	8.712296
24.72	8.70595
24.74	8.698918
24.76	8.691233
24.78	8.682934
24.8	8.674068
24.82	8.664684
24.84	8.654837
24.86	8.644584
24.88	8.633988
24.9	8.623119
24.92	8.55265
24.94	8.480999
24.96	8.421917
24.98	8.419775
25	8.415833
25.02	8.411756
25.04	8.407886
25.06	8.404287
25.08	8.40097
25.1	8.397944
25.12	8.395209
25.14	8.392766
25.16	8.390607
25.18	8.388741
25.2	8.385885
25.22	8.384898
25.24	8.384197
25.26	8.383791
25.28	8.38368
25.3	8.383859
25.32	8.384333
25.34	8.385131
25.36	8.386153
25.38	8.389192
25.4	8.391174
25.42	8.393489
25.44	8.396088
25.46	8.398982
25.48	8.402166
25.5	8.405648
25.52	8.409431
25.54	8.413504
25.56	8.422545
25.58	8.427508
25.6	8.432772
25.62	8.438326
25.64	8.444181
25.66	8.450336
25.68	8.456781
25.7	8.463529
25.72	8.470573
25.74	8.47792
25.76	8.485565
25.78	8.501751
25.8	8.51028
25.82	8.519108
25.84	8.528231
25.86	8.537656
25.88	8.547375
25.9	8.557395
25.92	8.559284
25.94	8.603769
25.96	8.603944
25.98	8.603157
26	8.583677
26.02	8.624585
26.04	8.603738
26.06	8.750166
26.08	8.864779
26.1	8.942606
26.12	9.079923
26.14	9.174276
26.16	9.053181
26.18	9.141273
26.2	9.021979
26.22	9.104659
26.24	8.931295
26.26	8.911843
26.28	8.892831
26.3	8.873561
26.32	8.853966
26.34	8.834105
26.36	8.814075
26.38	8.793979
26.4	8.773924
26.42	8.754027
26.44	8.734413
26.46	8.696542
26.48	8.678556
26.5	8.661396
26.52	8.645212
26.54	8.630157
26.56	8.626197
26.58	8.654889
26.6	8.858619
26.62	8.64616
26.64	8.849048
26.66	8.636125
26.68	8.83735
26.7	8.624876
26.72	8.823654
26.74	8.80817
26.76	8.705617
26.78	8.780441
26.8	8.680664
26.82	8.751561
26.84	8.655437
26.86	8.721991
26.88	8.630452
26.9	8.69228
26.92	8.606319
26.94	8.663075
26.96	8.569073
26.98	8.461036
27	8.422623
27.02	8.383999
27.04	8.346606
27.06	8.31072
27.08	8.276381
27.1	8.243577
27.12	8.212292
27.14	8.557334
27.16	8.766857
27.18	8.998328
27.2	9.249742
27.22	8.99245
27.24	9.240635
27.26	8.983035
27.28	9.227635
27.3	9.109778
27.32	9.028836
27.34	9.170018
27.36	9.084995
27.38	9.14825
27.4	9.060547
27.42	9.124459
27.44	9.034173
27.46	9.099298
27.48	9.006574
27.5	8.564538
27.52	8.430334
27.54	8.471872
27.56	8.48724
27.58	8.495581
27.6	8.50257
27.62	8.516331
27.64	8.523393
27.66	8.530591
27.68	8.537944
27.7	8.545448
27.72	8.553087
27.74	8.56088
27.76	8.568807
27.78	8.576885
27.8	8.593471
27.82	8.601978
27.84	8.610619
27.86	8.619406
27.88	8.628338
27.9	8.637402
27.92	8.64661
27.94	8.65595
27.96	8.665434
27.98	8.684813
28	8.69471
28.02	8.704737
28.04	8.714905
28.06	8.725211
28.08	8.735646
28.1	8.746222
28.12	8.756927
28.14	8.778747
28.16	8.789854
28.18	8.801098
28.2	8.810411
28.22	8.81321
28.24	8.814631
28.26	8.816852
28.28	8.817904
28.3	8.818923
28.32	8.819909
28.34	8.820862
28.36	8.821781
28.38	8.822664
28.4	8.823513
28.42	8.824378
28.44	8.825146
28.46	8.825898
28.48	8.826622
28.5	8.827977
28.52	8.828606
28.54	8.829202
28.56	8.829763
28.58	8.830299
28.6	8.830796
28.62	8.831258
28.64	8.831684
28.66	8.832076
28.68	8.832435
28.7	8.832759
28.72	8.833302
28.74	8.833522
28.76	8.833706
28.78	9.298636
28.8	10.03358
28.82	10.01728
28.84	10.00924
28.86	10.00099
28.88	9.991419
28.9	9.980322
28.92	9.967671
28.94	9.937793
28.96	9.920625
28.98	9.902018
29	9.882012
29.02	9.860653
29.04	9.837985
29.06	9.814063
29.08	9.78894
29.1	9.762679
29.12	9.735341
29.14	9.706998
29.16	9.67772
29.18	9.647588
29.2	9.616683
29.22	8.88726
29.24	8.608221
29.26	8.405493
29.28	8.447241
29.3	8.45906
29.32	8.460652
29.34	8.46006
29.36	8.459068
29.38	8.457018
29.4	8.456049
29.42	8.455124
29.44	8.454243
29.46	8.453408
29.48	8.451874
29.5	8.451175
29.52	8.450522
29.54	8.449914
29.56	8.449351
29.58	8.448839
29.6	8.448372
29.62	8.447575
29.64	8.447246
29.66	8.446961
29.68	8.446725
29.7	8.446532
29.72	8.446393
29.74	8.446301
29.76	8.446254
29.78	8.446254
29.8	8.446393
29.82	8.446533
29.84	8.446725
29.86	8.446962
29.88	8.447249
29.9	8.447582
29.92	8.447963
29.94	8.448391
29.96	8.448874
29.98	8.449403
30	8.449982
30.02	8.451283
30.04	8.452011
30.06	8.452786
30.08	8.453611
30.1	8.454486
30.12	8.455409
30.14	8.456388
30.16	8.457417
30.18	8.459622
30.2	8.460801
30.22	8.462035
30.24	8.46332
30.26	8.464654
30.28	8.466045
30.3	8.467487
30.32	8.46898
30.34	8.472125
30.36	8.473778
30.38	8.475483
30.4	8.477245
30.42	8.479061
30.44	8.480929
30.46	8.48285
30.48	8.486863
30.5	8.48895
30.52	8.491096
30.54	8.493298
30.56	8.495553
30.58	8.497869
30.6	8.500237
30.62	8.502663
30.64	8.507691
30.66	8.51029
30.68	8.51295
30.7	8.515665
30.72	8.518438
30.74	8.521276
30.76	8.524169
30.78	8.527122
30.8	8.530136
30.82	8.53321
30.84	8.536346
30.86	8.539541
30.88	8.546116
30.9	8.549496
30.92	8.55294
30.94	8.556446
30.96	8.560012
30.98	8.563644
31	8.567338
31.02	8.571099
31.04	8.574923
31.06	8.578809
31.08	8.582762
31.1	8.586779
31.12	8.590864
31.14	8.599228
31.16	8.603511
31.18	8.60786
31.2	8.61228
31.22	8.616764
31.24	8.621448
31.26	8.626213
31.28	8.631073
31.3	8.636028
31.32	8.641081
31.34	8.646228
31.36	8.651469
31.38	8.656808
31.4	8.667769
31.42	8.673391
31.44	8.679108
31.46	8.684919
31.48	8.689921
31.5	8.690028
31.52	8.689042
31.54	8.687848
31.56	8.685431
31.58	8.684241
31.6	8.683061
31.62	8.681894
31.64	8.680755
31.66	8.679623
31.68	8.678503
31.7	8.677412
31.72	8.676326
31.74	8.675249
31.76	8.674185
31.78	8.672118
31.8	8.6711
31.82	8.670099
31.84	8.669126
31.86	8.668152
31.88	8.667189
31.9	8.666236
31.92	8.66531
31.94	8.664388
31.96	8.663477
31.98	8.662582
32	8.660844
32.02	8.659984
32.04	8.659133
32.06	8.658295
32.08	8.657484
32.1	8.656675
32.12	8.655877
32.14	8.655095
32.16	8.654369
32.18	8.652922
32.2	8.652221
32.22	8.651388
32.24	8.650653
32.26	8.649941
32.28	8.649243
32.3	8.648557
32.32	8.647886
32.34	8.647276
32.36	8.646659
32.38	8.645445
32.4	8.644861
32.42	8.644197
32.44	8.643519
32.46	8.642912
32.48	8.642326
32.5	8.641753
32.52	8.64119
32.54	8.640695
32.56	8.639591
32.58	8.63906
32.6	8.638543
32.62	8.638033
32.64	8.637533
32.66	8.63705
32.68	8.636569
32.7	8.6361
32.72	8.635641
32.74	8.63519
32.76	8.634748
32.78	8.634367
32.8	8.633919
32.82	8.633498
32.84	8.633087
32.86	8.632685
32.88	8.632291
32.9	8.631904
32.92	8.631165
32.94	8.630805
32.96	8.630451
32.98	8.630105
33	8.629767
33.02	8.629437
33.04	8.62912
33.06	8.628809
33.08	8.628508
33.1	8.628222
33.12	8.627652
33.14	8.627377
33.16	8.627107
33.18	8.626844
33.2	8.626589
33.22	8.62634
33.24	8.626099
33.26	8.625864
33.28	8.625636
33.3	8.625415
33.32	8.625205
33.34	8.624997
33.36	8.624796
33.38	8.624412
33.4	8.62423
33.42	8.624056
33.44	8.623887
33.46	8.623728
33.48	8.623574
33.5	8.623428
33.52	8.623289
33.54	8.623157
33.56	8.623031
33.58	8.622801
33.6	8.622697
33.62	8.622598
33.64	8.622512
33.66	8.622426
33.68	8.944114
33.7	8.766098
33.72	8.734856
33.74	8.726626
33.76	8.721807
33.78	8.717124
33.8	8.706169
33.82	8.699807
33.84	8.692893
33.86	8.685471
33.88	8.67759
33.9	8.669306
33.92	8.660677
33.94	8.651769
33.96	8.642648
33.98	8.63339
34	8.614785
34.02	8.612991
34.04	8.614182
34.06	8.612724
34.08	8.610943
34.1	8.609326
34.12	8.607972
34.14	8.606897
34.16	8.606108
34.18	8.605603
34.2	8.385952
34.22	8.697788
34.24	8.693707
34.26	8.690351
34.28	8.686695
34.3	8.682557
34.32	8.677929
34.34	8.672838
34.36	8.667324
34.38	8.661434
34.4	8.655219
34.42	8.642041
34.44	8.641313
34.46	8.640441
34.48	8.639448
34.5	8.638335
34.52	8.63722
34.54	8.637018
34.56	8.637238
34.58	8.637776
34.6	8.638615
34.62	8.639749
34.64	8.642898
34.66	8.644913
34.68	8.647223
34.7	8.648775
34.72	8.649549
34.74	8.650188
34.76	8.650826
34.78	8.651484
34.8	8.652166
34.82	8.652876
34.84	8.654207
34.86	8.654924
34.88	8.655667
34.9	8.65643
34.92	8.657209
34.94	8.658063
34.96	8.65892
34.98	8.66057
35	8.661451
35.02	8.66236
35.04	8.663282
35.06	8.664223
35.08	8.665182
35.1	8.666214
35.12	8.667253
35.14	8.668321
35.16	8.670432
35.18	8.671466
35.2	8.672567
35.22	8.673697
35.24	8.674933
35.26	8.676126
35.28	8.677284
35.3	8.678504
35.32	8.679763
35.34	8.681039
35.36	8.683712
35.38	8.68511
35.4	8.686548
35.42	8.688034
35.44	8.689371
35.46	8.690747
35.48	8.692252
35.5	8.693813
35.52	8.696859
35.54	8.698437
35.56	8.700047
35.58	8.701747
35.6	8.703405
35.62	8.705107
35.64	8.706845
35.66	8.70861
35.68	8.710402
35.7	8.714249
35.72	8.735434
35.74	8.718201
35.76	8.590503
35.78	8.597121
35.8	8.598004
35.82	8.597969
35.84	8.597945
35.86	8.598683
35.88	8.599442
35.9	8.600501
35.92	8.601809
35.94	8.603415
35.96	8.607466
35.98	8.609913
36	8.612607
36.02	8.615598
36.04	8.618879
36.06	8.622408
36.08	8.626231
36.1	8.630301
36.12	8.634665
36.14	8.639316
36.16	8.6494
36.18	8.654834
36.2	8.660558
36.22	8.666567
36.24	8.67282
36.26	8.679363
36.28	8.68615
36.3	8.700581
36.32	8.708182
36.34	8.716067
36.36	8.724198
36.38	8.732612
36.4	8.741281
36.42	8.750233
36.44	8.75943
36.46	8.768909
36.48	8.77864
36.5	8.788652
36.52	8.79891
36.54	8.882104
36.56	8.823725
36.58	8.843672
36.6	8.786444
36.62	8.845475
36.64	8.790388
36.66	8.793874
36.68	8.801856
36.7	8.806267
36.72	8.810966
36.74	8.815868
36.76	8.821064
36.78	8.826543
36.8	8.832249
36.82	8.838244
36.84	8.851009
36.86	8.857783
36.88	8.864781
36.9	8.8681
36.92	8.870658
36.94	8.873035
36.96	8.875368
36.98	8.877778
37	8.882617
37.02	8.884933
37.04	8.887287
37.06	8.889865
37.08	8.892199
37.1	8.894514
37.12	8.896806
37.14	8.899052
37.16	8.901256
37.18	8.903448
37.2	8.905589
37.22	8.909754
37.24	8.91179
37.26	8.913776
37.28	8.915719
37.3	8.917682
37.32	8.919591
37.34	8.921468
37.36	8.923243
37.38	8.924921
37.4	8.928296
37.42	8.929928
37.44	8.931514
37.46	8.933119
37.48	8.934663
37.5	8.936164
37.52	8.937519
37.54	8.938894
37.56	8.940241
37.58	8.941554
37.6	8.942821
37.62	8.944041
37.64	8.946345
37.66	8.947486
37.68	8.948506
37.7	8.949509
37.72	8.950475
37.74	8.951399
37.76	8.952282
37.78	8.953124
37.8	8.953922
37.82	8.954684
37.84	8.955398
37.86	8.956065
37.88	8.956689
37.9	8.957267
37.92	8.958283
37.94	8.958724
37.96	8.95912
37.98	8.95947
38	8.959773
38.02	8.960032
38.04	8.960244
38.06	8.998248
38.08	8.866796
38.1	8.868985
38.12	8.86775
38.14	8.866245
38.16	8.864979
38.18	8.864086
38.2	8.863576
38.22	8.86372
38.24	8.864375
38.26	8.865418
38.28	8.866247
38.3	8.866145
38.32	8.865812
38.34	8.865408
38.36	8.864963
38.38	8.864484
38.4	8.863425
38.42	8.862847
38.44	8.862238
38.46	8.861598
38.48	8.860926
38.5	8.860223
38.52	8.85949
38.54	8.858729
38.56	8.857124
38.58	8.856282
38.6	8.855463
38.62	8.854594
38.64	8.853694
38.66	8.852671
38.68	8.85167
38.7	8.85065
38.72	8.849604
38.74	8.848534
38.76	8.846304
38.78	8.845152
38.8	8.843976
38.82	8.842777
38.84	8.841634
38.86	8.840435
38.88	8.839086
38.9	8.837768
38.92	8.836434
38.94	8.835082
38.96	8.832296
38.98	8.83087
39	8.829422
39.02	8.828037
39.04	8.826503
39.06	8.824976
39.08	8.823428
39.1	8.821856
39.12	8.820272
39.14	8.818664
39.16	8.815456
39.18	8.813747
39.2	8.812043
39.22	8.810319
39.24	8.808582
39.26	8.806823
39.28	8.805043
39.3	8.803265
39.32	8.801448
39.34	8.799604
39.36	8.795872
39.38	8.793979
39.4	8.792072
39.42	8.790217
39.44	8.78833
39.46	8.786438
39.48	8.784382
39.5	8.782302
39.52	8.780267
39.54	8.778299
39.56	8.776264
39.58	8.772078
39.6	8.769958
39.62	8.767838
39.64	8.765771
39.66	8.763698
39.68	8.761466
39.7	8.759286
39.72	8.754962
39.74	8.661533
39.76	8.582925
39.78	8.518137
39.8	8.491034
39.82	8.546607
39.84	8.498726
39.86	8.554802
39.88	8.505878
39.9	8.512327
39.92	8.569218
39.94	8.517996
39.96	8.575285
39.98	8.562769
40	8.549475
40.02	8.535371
40.04	8.520434
40.06	8.504646
40.08	8.48799
40.1	8.470461
40.12	8.460533
40.14	8.450253
40.16	8.439537
40.18	8.558279
40.2	8.614502
40.22	8.549131
40.24	8.610615
40.26	8.552728
40.28	8.61017
40.3	8.558409
40.32	8.611423
40.34	8.565753
40.36	8.64112
40.38	8.587769
40.4	8.600564
40.42	8.666742
40.44	8.600616
40.46	8.668689
40.48	8.600445
40.5	8.668615
40.52	8.598177
40.54	8.580627
40.56	8.56818
40.58	8.559496
40.6	8.55183
40.62	8.544637
40.64	8.531916
40.66	8.526051
40.68	8.520511
40.7	8.515293
40.72	8.53192
40.74	8.547517
40.76	8.562476
40.78	8.557975
40.8	8.539525
40.82	8.556599
40.84	8.539923
40.86	8.556605
40.88	8.541651
40.9	8.625056
40.92	8.605702
40.94	8.702545
40.96	8.682475
40.98	8.791442
41	8.769744
41.02	8.855356
41.04	8.979876
41.06	8.948441
41.08	8.746455
41.1	8.591598
41.12	8.489392
41.14	8.490882
41.16	8.485315
41.18	8.480102
41.2	8.494676
41.22	8.480619
41.24	8.571347
41.26	8.496575
41.28	8.516463
41.3	8.528234
41.32	8.528224
41.34	8.540903
41.36	8.53898
41.38	8.552425
41.4	8.548473
41.42	8.562586
41.44	8.556525
41.46	8.496272
41.48	8.538987
41.5	8.551843
41.52	8.533871
41.54	8.57278
41.56	8.556669
41.58	8.595109
41.6	8.577084
41.62	8.583
41.64	8.584167
41.66	8.584082
41.68	8.58386
41.7	8.583293
41.72	8.582716
41.74	8.582093
41.76	8.580724
41.78	8.579975
41.8	8.579281
41.82	8.578499
41.84	8.577649
41.86	8.576719
41.88	8.57571
41.9	8.574647
41.92	8.573506
41.94	8.571023
41.96	8.56967
41.98	8.568251
42	8.566761
42.02	8.565195
42.04	8.563562
42.06	8.561861
42.08	8.560081
42.1	8.556322
42.12	8.554332
42.14	8.552275
42.16	8.550149
42.18	8.547942
42.2	8.545662
42.22	8.543324
42.24	8.54091
42.26	8.535883
42.28	8.533257
42.3	8.530568
42.32	8.527809
42.34	8.524975
42.36	8.522077
42.38	8.516491
42.4	8.513474
42.42	8.510356
42.44	8.507126
42.46	8.503802
42.48	8.500378
42.5	8.49684
42.52	8.489468
42.54	8.485614
42.56	8.481659
42.58	8.477598
42.6	8.473419
42.62	8.469136
42.64	8.464745
42.66	8.460232
42.68	8.455613
42.7	8.519784
42.72	8.449729
42.74	8.442061
42.76	8.515196
42.78	8.431819
42.8	8.507994
42.82	8.419225
42.84	8.497849
42.86	8.40459
42.88	8.485118
42.9	8.350892
42.92	8.427227
42.94	8.388067
42.96	8.348329
42.98	8.414762
43	8.363423
43.02	8.430357
43.04	8.359739
43.06	8.430884
43.08	8.45429
43.1	8.48029
43.12	8.508687
43.14	8.539289
43.16	8.571911
43.18	8.642503
43.2	8.680135
43.22	8.719112
43.24	8.759285
43.26	8.510542
43.28	8.316333
43.3	8.189504
43.32	8.288663
43.34	8.185822
43.36	8.283578
43.38	8.278151
43.4	8.175
43.42	8.271577
43.44	8.239087
43.46	8.203456
43.48	8.230233
43.5	8.188229
43.52	8.216951
43.54	8.168988
43.56	8.145999
43.58	8.178056
43.6	8.119616
43.62	8.21819
43.64	8.156975
43.66	8.018904
43.68	8.092778
43.7	7.965587
43.72	8.026261
43.74	7.911253
43.76	7.958195
43.78	7.868909
43.8	7.857216
43.82	7.844541
43.84	7.831551
43.86	7.818381
43.88	7.791582
43.9	7.854434
43.92	7.839306
43.94	7.823306
43.96	7.806448
43.98	7.78875
44	7.770236
44.02	7.750938
44.04	7.730891
44.06	7.688728
44.08	7.666717
44.1	7.644165
44.12	7.621141
44.14	7.597721
44.16	7.573987
44.18	7.559439
44.2	7.514523
44.22	7.500443
44.24	7.561446
44.26	7.481861
44.28	7.542807
44.3	7.461298
44.32	7.521607
44.34	7.578199
44.36	7.732558
44.38	7.828555
44.4	7.935885
44.42	8.053638
44.44	8.180919
44.46	8.460616
44.48	8.611398
44.5	8.498687
44.52	8.385792
44.54	8.273017
44.56	8.160687
44.58	8.049154
44.6	7.938792
44.62	7.830002
44.64	7.618888
44.66	7.517509
44.68	7.236474
44.7	7.023669
44.72	6.897615
44.74	6.973334
44.76	6.902933
44.78	6.999949
44.8	6.98861
44.82	6.866861
44.84	6.9685
44.86	6.91953
44.88	6.869563
44.9	6.818939
44.92	6.841259
44.94	6.785648
44.96	6.809235
44.98	6.749184
45	6.709932
45.02	6.73543
45.04	6.752325
45.06	6.77139
45.08	6.792452
45.1	6.815347
45.12	6.818442
45.14	6.842506
45.16	6.842285
45.18	6.867071
45.2	6.863153
45.22	6.888276
45.24	6.520383
45.26	6.396159
45.28	6.318092
45.3	6.376771
45.32	6.3406
45.34	6.420098
45.36	6.3307
45.38	6.414345
45.4	6.313252
45.42	6.323821
45.44	6.326183
45.46	6.340732
45.48	6.356765
45.5	6.355863
45.52	6.373869
45.54	6.370665
45.56	6.390227
45.58	6.384354
45.6	6.415841
45.62	6.419418
45.64	6.45369
45.66	6.454335
45.68	6.490855
45.7	6.526427
45.72	6.519918
45.74	6.559627
45.76	6.549016
45.78	6.44169
45.8	6.34687
45.82	6.199479
45.84	6.161374
45.86	6.187357
45.88	6.191491
45.9	6.19044
45.92	6.235075
45.94	6.197516
45.96	6.26452
45.98	6.291603
46	6.343437
46.02	6.371817
46.04	6.431706
46.06	6.460281
46.08	6.526969
46.1	6.554746
46.12	6.62709
46.14	6.852436
46.16	6.973862
46.18	7.100158
46.2	7.230659
46.22	7.364743
46.24	7.501839
46.26	7.641415
46.28	7.782984
46.3	7.926099
46.32	7.706975
46.34	7.496808
46.36	7.109084
46.38	6.934692
46.4	6.775571
46.42	6.633535
46.44	6.510438
46.46	6.408127
46.48	6.328378
46.5	6.084603
46.52	5.99941
46.54	6.329694
46.56	6.110441
46.58	6.333077
46.6	6.082611
46.62	6.343637
46.64	6.084224
46.66	6.360375
46.68	6.305126
46.7	6.252379
46.72	6.202069
46.74	6.154133
46.76	6.108513
46.78	6.061469
46.8	5.97496
46.82	5.936724